timestamp,open,high,low,close,volume
2009-03-31 19:59:00,79.0400,79.0600,79.0200,79.0200,6900
2009-03-31 19:58:00,79.0300,79.0300,79.0300,79.0300,200
2009-03-31 19:57:00,79.0100,79.0200,79.0100,79.0200,700
2009-03-31 19:56:00,79.0000,79.0000,79.0000,79.0000,1390
2009-03-31 19:55:00,79.0500,79.0500,79.0100,79.0200,1000
2009-03-31 19:54:00,79.0700,79.0700,79.0500,79.0500,700
2009-03-31 19:53:00,79.0500,79.0500,79.0500,79.0500,600
2009-03-31 19:51:00,79.1300,79.1300,79.0900,79.0900,2100
2009-03-31 19:50:00,79.1300,79.1300,79.1300,79.1300,300
2009-03-31 19:49:00,79.1300,79.1300,79.1300,79.1300,200
2009-03-31 19:47:00,79.1100,79.1100,79.1100,79.1100,100
2009-03-31 19:46:00,79.1100,79.1200,79.1100,79.1200,1400
2009-03-31 19:45:00,79.1100,79.1100,79.1100,79.1100,300
2009-03-31 19:44:00,79.1500,79.1500,79.1500,79.1500,485
2009-03-31 19:42:00,79.1200,79.1500,79.1200,79.1500,1100
2009-03-31 19:40:00,79.1400,79.1400,79.1400,79.1400,500
2009-03-31 19:39:00,79.1500,79.1500,79.1500,79.1500,100
2009-03-31 19:38:00,79.1500,79.1500,79.1500,79.1500,100
2009-03-31 19:35:00,79.1800,79.2000,79.1800,79.2000,600
2009-03-31 19:33:00,79.2000,79.2000,79.2000,79.2000,100
2009-03-31 19:32:00,79.2300,79.2300,79.2300,79.2300,200
2009-03-31 19:31:00,79.2400,79.2400,79.2400,79.2400,300
2009-03-31 19:30:00,79.2400,79.2500,79.2400,79.2500,700
2009-03-31 19:28:00,79.2200,79.2400,79.2200,79.2400,3200
2009-03-31 19:26:00,79.2100,79.2200,79.2100,79.2100,5700
2009-03-31 19:25:00,79.2100,79.2500,79.2100,79.2500,900
2009-03-31 19:24:00,79.2200,79.2400,79.2200,79.2400,2600
2009-03-31 19:23:00,79.2000,79.2200,79.2000,79.2200,7150
2009-03-31 19:22:00,79.1600,79.1900,79.1500,79.1900,9785
2009-03-31 19:21:00,79.1400,79.1400,79.1400,79.1400,9800
2009-03-31 19:20:00,79.1400,79.1400,79.1400,79.1400,3700
2009-03-31 19:19:00,79.1400,79.1400,79.1400,79.1400,1100
2009-03-31 19:18:00,79.1300,79.1700,79.1300,79.1400,15977
2009-03-31 19:17:00,79.0900,79.1400,79.0900,79.1300,23700
2009-03-31 19:16:00,79.0700,79.0900,79.0700,79.0900,800
2009-03-31 19:14:00,79.0300,79.0300,79.0300,79.0300,100
2009-03-31 19:12:00,79.0000,79.0000,79.0000,79.0000,400
2009-03-31 19:11:00,79.0400,79.0400,79.0300,79.0400,6100
2009-03-31 19:09:00,78.9700,79.0000,78.9700,79.0000,350
2009-03-31 19:07:00,79.0000,79.0000,78.9500,78.9500,3700
2009-03-31 19:06:00,78.9900,78.9900,78.9900,78.9900,985
2009-03-31 19:05:00,78.9900,78.9900,78.9900,78.9900,5400
2009-03-31 19:04:00,78.9700,78.9700,78.9700,78.9700,4500
2009-03-31 19:03:00,78.9600,78.9600,78.9600,78.9600,1500
2009-03-31 19:02:00,78.9600,78.9800,78.9600,78.9800,2600
2009-03-31 19:01:00,78.9700,78.9700,78.9600,78.9600,1100
2009-03-31 19:00:00,78.9700,78.9700,78.9700,78.9700,100
2009-03-31 18:59:00,78.9900,78.9900,78.9900,78.9900,500
2009-03-31 18:55:00,79.0100,79.0100,79.0000,79.0000,3700
2009-03-31 18:54:00,79.0000,79.0000,79.0000,79.0000,1100
2009-03-31 18:53:00,79.0000,79.0000,79.0000,79.0000,1000
2009-03-31 18:51:00,79.0000,79.0000,79.0000,79.0000,837
2009-03-31 18:50:00,78.9900,79.0000,78.9600,78.9900,22763
2009-03-31 18:49:00,79.0000,79.0000,78.9800,78.9800,25500
2009-03-31 18:48:00,79.0300,79.0500,79.0000,79.0000,6500
2009-03-31 18:47:00,79.0000,79.0000,79.0000,79.0000,12400
2009-03-31 18:46:00,79.0300,79.0300,79.0300,79.0300,900
2009-03-31 18:45:00,79.0100,79.0100,79.0100,79.0100,100
2009-03-31 18:44:00,79.0200,79.0200,79.0100,79.0100,1300
2009-03-31 18:43:00,79.0500,79.0500,79.0200,79.0200,6540
2009-03-31 18:42:00,79.0600,79.0600,79.0500,79.0500,1000
2009-03-31 18:41:00,79.0700,79.0700,79.0700,79.0700,3000
2009-03-31 18:40:00,79.0600,79.0600,79.0600,79.0600,1960
2009-03-31 18:39:00,79.0600,79.0600,79.0600,79.0600,500
2009-03-31 18:37:00,79.0300,79.0400,79.0300,79.0400,2200
2009-03-31 18:36:00,79.0300,79.0300,79.0300,79.0300,550
2009-03-31 18:33:00,79.0400,79.0400,79.0400,79.0400,6000
2009-03-31 18:29:00,79.0600,79.0600,79.0500,79.0500,8500
2009-03-31 18:28:00,79.0200,79.0600,79.0200,79.0500,17000
2009-03-31 18:27:00,79.0200,79.0200,79.0200,79.0200,2300
2009-03-31 18:26:00,79.0600,79.0600,79.0200,79.0200,6580
2009-03-31 18:25:00,79.0000,79.0200,79.0000,79.0200,20680
2009-03-31 18:24:00,79.0000,79.0000,79.0000,79.0000,2500
2009-03-31 18:23:00,79.0000,79.0200,78.9900,79.0000,10710
2009-03-31 18:22:00,79.0000,79.0200,79.0000,79.0000,13100
2009-03-31 18:21:00,79.0000,79.0200,79.0000,79.0200,12100
2009-03-31 18:20:00,79.0000,79.0000,79.0000,79.0000,5495
2009-03-31 18:19:00,79.0000,79.0000,79.0000,79.0000,4300
2009-03-31 18:18:00,79.0000,79.0000,79.0000,79.0000,100
2009-03-31 18:17:00,79.0000,79.0000,79.0000,79.0000,11256
2009-03-31 18:16:00,79.0000,79.0000,79.0000,79.0000,500
2009-03-31 18:15:00,79.0200,79.0200,79.0000,79.0000,5255
2009-03-31 18:14:00,79.0400,79.0400,78.9900,79.0200,8110
2009-03-31 18:13:00,79.0400,79.0400,79.0400,79.0400,100
2009-03-31 18:12:00,79.0500,79.0500,79.0500,79.0500,4255
2009-03-31 18:11:00,79.0700,79.0800,79.0500,79.0500,14976
2009-03-31 18:10:00,79.0500,79.0700,79.0500,79.0700,9719
2009-03-31 18:08:00,79.0900,79.0900,79.0700,79.0700,24200
2009-03-31 18:07:00,79.0700,79.1000,79.0700,79.0900,14300
2009-03-31 18:05:00,79.0700,79.0700,79.0200,79.0200,3652
2009-03-31 18:04:00,79.0800,79.0800,79.0700,79.0800,3600
2009-03-31 18:03:00,79.1000,79.1000,79.0700,79.0900,6400
2009-03-31 18:02:00,79.1200,79.1200,79.1200,79.1200,400
2009-03-31 18:01:00,79.1300,79.1300,79.1300,79.1300,1500
2009-03-31 18:00:00,79.1200,79.1200,79.0900,79.1200,10398
2009-03-31 17:59:00,79.1100,79.1200,79.1100,79.1200,6655
2009-03-31 17:58:00,79.0800,79.1100,79.0800,79.1100,700
2009-03-31 17:57:00,79.0800,79.0800,79.0700,79.0700,300
2009-03-31 17:54:00,79.1200,79.1200,79.1100,79.1200,2465
2009-03-31 17:53:00,79.1200,79.1200,79.1200,79.1200,569
2009-03-31 17:52:00,79.1000,79.1000,79.1000,79.1000,100
2009-03-31 17:50:00,79.1200,79.1400,79.1200,79.1400,469
2009-03-31 17:49:00,79.1300,79.1300,79.1200,79.1200,26605
2009-03-31 17:48:00,79.1200,79.1300,79.1000,79.1300,1495
2009-03-31 17:47:00,79.1000,79.1000,79.1000,79.1000,2400
2009-03-31 17:46:00,79.1000,79.1200,79.1000,79.1100,1000
2009-03-31 17:45:00,79.1000,79.1000,79.1000,79.1000,1300
2009-03-31 17:44:00,79.0900,79.1200,79.0900,79.1200,16818
2009-03-31 17:43:00,79.0700,79.0900,79.0700,79.0900,12873
2009-03-31 17:42:00,79.0700,79.0700,79.0600,79.0600,691
2009-03-31 17:41:00,79.0700,79.0700,79.0700,79.0700,963
2009-03-31 17:40:00,79.0800,79.0800,79.0200,79.0200,5741
2009-03-31 17:39:00,79.0800,79.0800,79.0700,79.0700,752
2009-03-31 17:38:00,79.0600,79.0800,79.0100,79.0800,20640
2009-03-31 17:37:00,79.0500,79.1100,79.0500,79.0500,1150955
2009-03-31 17:36:00,79.0800,79.0800,79.0500,79.0500,2562
2009-03-31 17:35:00,79.1000,79.1000,79.0800,79.0800,3800
2009-03-31 17:34:00,79.0800,79.1000,79.0800,79.1000,900
2009-03-31 17:33:00,79.0700,79.0900,79.0500,79.0800,1288
2009-03-31 17:32:00,79.1000,79.1000,79.0000,79.0400,33173
2009-03-31 17:31:00,79.1200,79.1200,79.0000,79.0200,13407
2009-03-31 17:30:00,79.1200,79.1200,79.1200,79.1200,200
2009-03-31 17:29:00,79.1200,79.1200,79.1000,79.1000,2850
2009-03-31 17:28:00,79.1100,79.1200,79.1100,79.1200,15000
2009-03-31 17:27:00,79.0900,79.0900,79.0100,79.0100,1500357
2009-03-31 17:26:00,79.1200,79.1200,79.1200,79.1200,2205
2009-03-31 17:25:00,79.0900,79.0900,79.0900,79.0900,200
2009-03-31 17:24:00,79.0900,79.0900,79.0900,79.0900,500
2009-03-31 17:23:00,79.1200,79.1200,79.0800,79.0900,27810
2009-03-31 17:22:00,79.1000,79.1200,79.1000,79.1200,5800
2009-03-31 17:21:00,79.1100,79.1200,79.0900,79.1200,12527
2009-03-31 17:20:00,79.1200,79.1200,79.1100,79.1100,41655
2009-03-31 17:19:00,79.1200,79.1200,79.1100,79.1200,21735
2009-03-31 17:18:00,79.1000,79.1400,79.0900,79.1400,11753
2009-03-31 17:17:00,79.1200,79.1200,79.1000,79.1200,3878
2009-03-31 17:16:00,79.1600,79.1700,79.1400,79.1500,6092
2009-03-31 17:15:00,79.1700,79.1800,79.1600,79.1700,18440
2009-03-31 17:14:00,79.1800,79.2000,79.1800,79.1800,5000
2009-03-31 17:13:00,79.1800,79.2000,79.1700,79.2000,8600
2009-03-31 17:12:00,79.1400,79.2000,79.1400,79.1900,8067
2009-03-31 17:11:00,79.0700,79.1500,79.0700,79.1400,12895
2009-03-31 17:10:00,79.0700,79.0700,79.0200,79.0700,2037
2009-03-31 17:09:00,79.0900,79.0900,79.0300,79.0700,15829
2009-03-31 17:08:00,79.0900,79.0900,79.0500,79.0900,27886
2009-03-31 17:07:00,79.0900,79.0900,79.0200,79.0900,35253
2009-03-31 17:06:00,79.1100,79.1200,79.1000,79.1000,20000
2009-03-31 17:05:00,79.0900,79.1400,79.0900,79.1400,15387
2009-03-31 17:04:00,79.1400,79.1600,79.0900,79.1000,28180
2009-03-31 17:03:00,79.2700,79.2800,79.1500,79.1500,24350
2009-03-31 17:02:00,79.3200,79.3200,79.2900,79.2900,1297
2009-03-31 17:01:00,79.2900,79.3200,79.2900,79.3200,4800
2009-03-31 17:00:00,79.2800,79.2800,79.2800,79.2800,15000
2009-03-31 16:59:00,79.2700,79.3200,79.2500,79.3200,28719
2009-03-31 16:58:00,79.2900,79.2900,79.2500,79.2700,15385
2009-03-31 16:57:00,79.3100,79.3100,79.2900,79.3100,18275
2009-03-31 16:56:00,79.3400,79.3600,79.3000,79.3300,76894
2009-03-31 16:55:00,79.3600,79.3600,79.3200,79.3200,1994
2009-03-31 16:54:00,79.3600,79.3700,79.3400,79.3400,34579
2009-03-31 16:53:00,79.3100,79.3400,79.3100,79.3400,22600
2009-03-31 16:52:00,79.3400,79.3400,79.3000,79.3100,26875
2009-03-31 16:51:00,79.3700,79.3800,79.3500,79.3500,25891
2009-03-31 16:50:00,79.3700,79.3700,79.3600,79.3700,5275
2009-03-31 16:49:00,79.3500,79.4000,79.3400,79.3500,76189
2009-03-31 16:48:00,79.3900,79.3900,79.3500,79.3600,33980
2009-03-31 16:47:00,79.4200,79.4200,79.3900,79.3900,1194
2009-03-31 16:46:00,79.4500,79.4600,79.3800,79.3800,78462
2009-03-31 16:45:00,79.5000,79.5200,79.4300,79.4500,1536044
2009-03-31 16:44:00,79.4900,79.5000,79.4900,79.4900,31369
2009-03-31 16:43:00,79.4700,79.4900,79.4700,79.4900,28600
2009-03-31 16:42:00,79.4700,79.4900,79.4700,79.4900,5888
2009-03-31 16:41:00,79.4900,79.4900,79.4900,79.4900,2500
2009-03-31 16:40:00,79.5100,79.5100,79.4900,79.4900,2026
2009-03-31 16:39:00,79.5000,79.5200,79.4700,79.5200,15244
2009-03-31 16:38:00,79.5000,79.5400,79.4900,79.4900,12163
2009-03-31 16:37:00,79.4800,79.5400,79.4700,79.5400,11004
2009-03-31 16:36:00,79.4800,79.5000,79.4800,79.4800,23369
2009-03-31 16:35:00,79.4500,79.4900,79.4500,79.4900,13998
2009-03-31 16:34:00,79.4400,79.4600,79.4200,79.4600,14000
2009-03-31 16:33:00,79.4300,80.0100,79.4300,79.4400,37900
2009-03-31 16:32:00,79.4000,79.4200,79.4000,79.4000,20171
2009-03-31 16:31:00,79.4100,79.4100,79.3900,79.4000,65996
2009-03-31 16:30:00,79.4800,79.5000,79.4200,79.4200,129003
2009-03-31 16:28:00,79.5000,79.5100,79.4700,79.5100,6843
2009-03-31 16:27:00,79.5000,79.5100,79.4700,79.4700,8332
2009-03-31 16:26:00,79.4800,79.4800,79.4800,79.4800,5100
2009-03-31 16:25:00,79.4800,79.4900,79.4700,79.4900,11300
2009-03-31 16:24:00,79.5300,79.5300,79.4700,79.4800,34404
2009-03-31 16:23:00,79.5200,79.5200,79.5100,79.5200,6000
2009-03-31 16:22:00,79.5200,79.5400,79.5000,79.5300,29988
2009-03-31 16:21:00,79.5100,79.5500,79.5100,79.5200,25900
2009-03-31 16:20:00,79.5100,79.5500,79.5000,79.5300,160953
2009-03-31 16:19:00,79.5300,79.5400,79.5000,79.5200,66927
2009-03-31 16:18:00,79.4600,79.5500,79.4600,79.5000,736592
2009-03-31 16:17:00,79.4500,79.4600,79.4400,79.4600,21073
2009-03-31 16:16:00,79.4500,79.4600,79.4500,79.4600,29128
2009-03-31 16:15:00,79.4500,79.5100,79.4200,79.4300,99073
2009-03-31 16:14:00,79.4500,79.4800,79.4300,79.4600,456093
2009-03-31 16:13:00,79.3800,79.4800,79.3700,79.4500,2378973
2009-03-31 16:12:00,79.4300,80.0079,79.3800,79.3800,327056
2009-03-31 16:11:00,79.4000,79.4300,79.4000,79.4200,908468
2009-03-31 16:10:00,79.4200,79.4200,79.3600,79.4000,217973
2009-03-31 16:09:00,79.4400,79.4500,79.3700,79.4200,361955
2009-03-31 16:08:00,79.4500,79.4600,79.4300,79.4300,186994
2009-03-31 16:07:00,79.5000,79.5100,79.4500,79.4500,438075
2009-03-31 16:06:00,79.4900,79.5000,79.4500,79.5000,291252
2009-03-31 16:05:00,79.5000,79.5100,79.4200,79.5000,635199
2009-03-31 16:04:00,79.5400,79.5400,79.4400,79.4900,886798
2009-03-31 16:03:00,79.5500,79.5800,79.4900,79.5400,939106
2009-03-31 16:02:00,79.4700,79.5400,79.4600,79.5300,1737288
2009-03-31 16:01:00,79.6600,79.7100,79.4600,79.4700,2501754
2009-03-31 16:00:00,79.5000,79.6600,79.4300,79.6600,5973201
2009-03-31 15:59:00,79.7300,79.7400,79.4400,79.5000,9837097
2009-03-31 15:58:00,79.8300,79.9000,79.7100,79.7400,4246363
2009-03-31 15:57:00,79.9700,79.9800,79.8000,79.8300,3038501
2009-03-31 15:56:00,80.1498,80.2000,79.9500,79.9700,3505772
2009-03-31 15:55:00,80.0700,80.1700,79.9800,80.1500,2725457
2009-03-31 15:54:00,80.1700,80.1700,79.9400,80.0600,2954224
2009-03-31 15:53:00,80.0300,80.1700,79.8000,80.1600,3469416
2009-03-31 15:52:00,79.8100,80.0300,79.7900,80.0250,2084327
2009-03-31 15:51:00,79.8800,79.9400,79.7900,79.8100,2622722
2009-03-31 15:50:00,79.6500,79.8900,79.6400,79.8800,2479113
2009-03-31 15:49:00,79.8800,79.8900,79.6200,79.6400,2935398
2009-03-31 15:48:00,79.9600,80.0000,79.8500,79.8800,1906086
2009-03-31 15:47:00,79.8600,79.9600,79.8000,79.9600,1704638
2009-03-31 15:46:00,79.8300,79.9000,79.7900,79.8600,2268458
2009-03-31 15:45:00,79.8500,79.8600,79.6800,79.8300,5364064
2009-03-31 15:44:00,80.2700,80.2800,79.8400,79.8500,2593422
2009-03-31 15:43:00,80.1300,80.2900,80.0500,80.2800,2177776
2009-03-31 15:42:00,80.1600,80.1600,80.1220,80.1400,2124612
2009-03-31 15:41:00,80.3100,80.3200,80.0800,80.1600,1961252
2009-03-31 15:40:00,80.3200,80.3800,80.2200,80.3200,2635494
2009-03-31 15:39:00,80.2200,80.3600,80.1900,80.3200,1653658
2009-03-31 15:38:00,80.1600,80.3200,80.1600,80.2550,1379966
2009-03-31 15:37:00,80.2300,80.3600,80.1500,80.1600,2570971
2009-03-31 15:36:00,80.1200,80.2600,80.0700,80.2400,1838988
2009-03-31 15:35:00,80.3300,80.3550,80.0500,80.1200,3483745
2009-03-31 15:34:00,80.3500,80.4200,80.3200,80.3300,1522326
2009-03-31 15:33:00,80.3500,80.6700,80.3000,80.3700,2347170
2009-03-31 15:32:00,80.6200,80.6400,80.3100,80.3500,3001231
2009-03-31 15:31:00,80.7000,80.7300,80.6000,80.6200,868552
2009-03-31 15:30:00,80.8200,80.8290,80.6900,80.6900,707146
2009-03-31 15:29:00,80.8200,80.8300,80.8000,80.8200,390333
2009-03-31 15:28:00,80.8300,80.8400,80.7900,80.8100,401648
2009-03-31 15:27:00,80.7700,80.8500,80.6900,80.8300,1268910
2009-03-31 15:26:00,80.7600,80.8000,80.7500,80.7600,427832
2009-03-31 15:25:00,80.7600,80.8000,80.7200,80.7500,871290
2009-03-31 15:24:00,80.6800,80.7600,80.6700,80.7600,789436
2009-03-31 15:23:00,80.6900,80.7100,80.6400,80.6800,955784
2009-03-31 15:22:00,80.5800,80.7200,80.5700,80.6800,1374947
2009-03-31 15:21:00,80.6600,80.6600,80.5700,80.5800,636452
2009-03-31 15:20:00,80.6950,80.7000,80.6300,80.6500,655893
2009-03-31 15:19:00,80.6900,80.7200,80.6300,80.7000,992644
2009-03-31 15:18:00,80.6400,80.7000,80.6000,80.6906,866307
2009-03-31 15:17:00,80.6200,80.6500,80.5800,80.6300,358346
2009-03-31 15:16:00,80.5000,80.6500,80.5000,80.6200,1248539
2009-03-31 15:15:00,80.5600,80.5800,80.5000,80.5000,902385
2009-03-31 15:14:00,80.5500,80.6000,80.5300,80.5700,630874
2009-03-31 15:13:00,80.6300,80.6600,80.5400,80.5500,1220385
2009-03-31 15:12:00,80.6200,80.6600,80.6000,80.6300,978859
2009-03-31 15:11:00,80.6100,80.6200,80.5200,80.6200,1177122
2009-03-31 15:10:00,80.6800,80.7200,80.6100,80.6100,609136
2009-03-31 15:09:00,80.6300,80.7200,80.5700,80.6900,1028539
2009-03-31 15:08:00,80.7300,80.7500,80.6200,80.6300,751852
2009-03-31 15:07:00,80.7400,80.7500,80.7200,80.7300,284937
2009-03-31 15:06:00,80.6800,80.7500,80.6700,80.7400,1127491
2009-03-31 15:05:00,80.7500,80.7600,80.6800,80.6800,500303
2009-03-31 15:04:00,80.7900,80.8000,80.7500,80.7500,477344
2009-03-31 15:03:00,80.7500,80.8500,80.7490,80.7800,539844
2009-03-31 15:02:00,80.7400,80.8100,80.7200,80.7500,893157
2009-03-31 15:01:00,80.7200,80.7600,80.7100,80.7300,1280697
2009-03-31 15:00:00,80.8100,80.8400,80.7200,80.7300,1485399
2009-03-31 14:59:00,80.8700,80.8800,80.7900,80.8100,1032199
2009-03-31 14:58:00,80.9200,80.9300,80.8700,80.8800,566131
2009-03-31 14:57:00,80.9300,80.9800,80.9000,80.9201,676277
2009-03-31 14:56:00,80.9100,80.9600,80.9000,80.9200,876387
2009-03-31 14:55:00,80.9500,81.0000,80.9100,80.9200,595344
2009-03-31 14:54:00,81.0300,81.0300,80.9300,80.9500,595702
2009-03-31 14:53:00,80.9900,81.0700,80.9700,81.0300,890859
2009-03-31 14:52:00,81.0300,81.0500,80.9900,80.9900,602407
2009-03-31 14:51:00,80.9700,81.0800,80.9500,81.0300,1687115
2009-03-31 14:50:00,80.9203,80.9900,80.9200,80.9800,458167
2009-03-31 14:49:00,80.9000,80.9400,80.8700,80.9200,879524
2009-03-31 14:48:00,80.9200,80.9400,80.8900,80.8900,809608
2009-03-31 14:47:00,80.9900,81.0000,80.9200,80.9200,427746
2009-03-31 14:46:00,81.0000,81.0000,80.9500,80.9900,693734
2009-03-31 14:45:00,80.9600,81.0400,80.9500,81.0000,1250367
2009-03-31 14:44:00,80.9400,80.9600,80.9000,80.9600,677332
2009-03-31 14:43:00,80.9100,80.9400,80.8900,80.9400,543040
2009-03-31 14:42:00,80.9200,81.0000,80.8900,80.9100,1165739
2009-03-31 14:41:00,80.9100,80.9400,80.8900,80.9200,569567
2009-03-31 14:40:00,80.9400,80.9600,80.8800,80.9200,1071146
2009-03-31 14:39:00,80.8700,80.9700,80.8700,80.9375,1660192
2009-03-31 14:38:00,80.7900,80.9200,80.7700,80.8700,1187110
2009-03-31 14:37:00,80.7200,80.8200,80.6950,80.7900,1108369
2009-03-31 14:36:00,80.7000,80.7300,80.6900,80.7200,418399
2009-03-31 14:35:00,80.6800,80.7500,80.6800,80.7000,564021
2009-03-31 14:34:00,80.6700,80.7000,80.6500,80.6900,334526
2009-03-31 14:33:00,80.6900,80.7300,80.6700,80.6700,559926
2009-03-31 14:32:00,80.6700,80.7400,80.6400,80.6900,788272
2009-03-31 14:31:00,80.6300,80.7100,80.6300,80.6700,1012204
2009-03-31 14:30:00,80.5500,80.6500,80.5400,80.6400,935928
2009-03-31 14:29:00,80.5600,80.5800,80.5000,80.5400,222009
2009-03-31 14:28:00,80.4700,80.5800,80.4600,80.5500,876710
2009-03-31 14:27:00,80.4901,80.4901,80.4200,80.4600,610230
2009-03-31 14:26:00,80.5100,80.5600,80.4875,80.4950,333924
2009-03-31 14:25:00,80.5300,80.5300,80.4820,80.5100,449081
2009-03-31 14:24:00,80.5500,80.5500,80.4900,80.5201,491567
2009-03-31 14:23:00,80.4500,80.5600,80.4500,80.5400,894877
2009-03-31 14:22:00,80.5200,80.5600,80.4500,80.4600,977642
2009-03-31 14:21:00,80.5400,80.5800,80.5200,80.5300,850111
2009-03-31 14:20:00,80.6300,80.6375,80.5300,80.5300,1044884
2009-03-31 14:19:00,80.6300,80.6900,80.5800,80.6300,965643
2009-03-31 14:18:00,80.6097,80.6300,80.5700,80.6210,474226
2009-03-31 14:17:00,80.5400,80.6200,80.5400,80.6001,416265
2009-03-31 14:16:00,80.5300,80.5800,80.5100,80.5400,463762
2009-03-31 14:15:00,80.5175,80.5700,80.5100,80.5300,410467
2009-03-31 14:14:00,80.5700,80.5800,80.5100,80.5100,652049
2009-03-31 14:13:00,80.5700,80.6100,80.5400,80.5700,905004
2009-03-31 14:12:00,80.5000,80.6310,80.4900,80.5700,1284753
2009-03-31 14:11:00,80.4500,80.5200,80.4500,80.4900,396695
2009-03-31 14:10:00,80.4800,80.5000,80.4400,80.4400,608404
2009-03-31 14:09:00,80.3800,80.5300,80.3700,80.4800,1593523
2009-03-31 14:08:00,80.4100,80.4100,80.3600,80.3800,634343
2009-03-31 14:07:00,80.4400,80.4400,80.3700,80.4100,371832
2009-03-31 14:06:00,80.3600,80.4400,80.3600,80.4400,320581
2009-03-31 14:05:00,80.3500,80.4000,80.3300,80.3700,243560
2009-03-31 14:04:00,80.3700,80.3910,80.3100,80.3500,955524
2009-03-31 14:03:00,80.4400,80.4500,80.3700,80.3700,510942
2009-03-31 14:02:00,80.4000,80.4500,80.3900,80.4300,544372
2009-03-31 14:01:00,80.4100,80.4500,80.3500,80.4000,532961
2009-03-31 14:00:00,80.4000,80.4500,80.3900,80.4100,682097
2009-03-31 13:59:00,80.2990,80.4300,80.2920,80.4000,1419111
2009-03-31 13:58:00,80.2606,80.3100,80.2600,80.2900,286189
2009-03-31 13:57:00,80.2600,80.2700,80.2400,80.2700,215979
2009-03-31 13:56:00,80.2100,80.2800,80.2100,80.2600,482694
2009-03-31 13:55:00,80.1700,80.2200,80.1600,80.2200,274788
2009-03-31 13:54:00,80.2400,80.2400,80.1500,80.1625,931337
2009-03-31 13:53:00,80.2400,80.2700,80.2300,80.2350,334707
2009-03-31 13:52:00,80.2600,80.2800,80.2300,80.2500,236726
2009-03-31 13:51:00,80.2800,80.3100,80.2500,80.2600,359722
2009-03-31 13:50:00,80.3300,80.3600,80.2600,80.2900,370315
2009-03-31 13:49:00,80.3400,80.3900,80.3000,80.3310,523160
2009-03-31 13:48:00,80.2900,80.3300,80.2700,80.3300,169215
2009-03-31 13:47:00,80.3000,80.3100,80.2500,80.3000,470627
2009-03-31 13:46:00,80.3000,80.3000,80.2800,80.2910,134016
2009-03-31 13:45:00,80.3100,80.3500,80.2900,80.3000,428624
2009-03-31 13:44:00,80.2700,80.3200,80.2400,80.3100,263964
2009-03-31 13:43:00,80.2500,80.2800,80.2200,80.2725,270082
2009-03-31 13:42:00,80.2600,80.2700,80.2200,80.2500,314547
2009-03-31 13:41:00,80.2600,80.2900,80.2600,80.2600,194565
2009-03-31 13:40:00,80.3000,80.3100,80.2500,80.2700,252025
2009-03-31 13:39:00,80.2700,80.3200,80.2601,80.3000,338093
2009-03-31 13:38:00,80.2600,80.2800,80.2500,80.2700,140163
2009-03-31 13:37:00,80.2900,80.3000,80.2600,80.2600,237613
2009-03-31 13:36:00,80.3300,80.3300,80.2700,80.3000,717342
2009-03-31 13:35:00,80.3500,80.3800,80.3300,80.3300,364917
2009-03-31 13:34:00,80.3500,80.3800,80.3300,80.3500,513330
2009-03-31 13:33:00,80.3200,80.3900,80.3100,80.3500,854116
2009-03-31 13:32:00,80.2800,80.3400,80.2700,80.3200,928122
2009-03-31 13:31:00,80.2101,80.3100,80.1990,80.2800,1154623
2009-03-31 13:30:00,80.2100,80.2200,80.2000,80.2175,123674
2009-03-31 13:29:00,80.1794,80.2300,80.1700,80.2100,554472
2009-03-31 13:28:00,80.1900,80.2000,80.1700,80.1700,184754
2009-03-31 13:27:00,80.1900,80.2100,80.1800,80.1900,195068
2009-03-31 13:26:00,80.2200,80.2200,80.1600,80.1900,312981
2009-03-31 13:25:00,80.2100,80.2300,80.2000,80.2112,138925
2009-03-31 13:24:00,80.2300,80.2300,80.2100,80.2200,126446
2009-03-31 13:23:00,80.2400,80.2600,80.2200,80.2200,332381
2009-03-31 13:22:00,80.2606,80.2900,80.2300,80.2400,234510
2009-03-31 13:21:00,80.2600,80.3200,80.2375,80.2600,719215
2009-03-31 13:20:00,80.1800,80.3100,80.1800,80.2400,810885
2009-03-31 13:19:00,80.1900,80.2100,80.1500,80.1875,391836
2009-03-31 13:18:00,80.2000,80.2400,80.1900,80.1900,239052
2009-03-31 13:17:00,80.2000,80.2500,80.1900,80.2100,408501
2009-03-31 13:16:00,80.2100,80.2200,80.1800,80.2000,230080
2009-03-31 13:15:00,80.2200,80.2400,80.1900,80.2100,667057
2009-03-31 13:14:00,80.2200,80.2400,80.2000,80.2101,578534
2009-03-31 13:13:00,80.2600,80.2700,80.2100,80.2200,483047
2009-03-31 13:12:00,80.2500,80.2700,80.2300,80.2600,355800
2009-03-31 13:11:00,80.2500,80.2800,80.2400,80.2500,464508
2009-03-31 13:10:00,80.1900,80.2700,80.1800,80.2400,1207334
2009-03-31 13:09:00,80.1600,80.2100,80.1600,80.1900,446696
2009-03-31 13:08:00,80.1800,80.2100,80.1590,80.1700,564733
2009-03-31 13:07:00,80.1600,80.2100,80.1200,80.1800,903827
2009-03-31 13:06:00,80.1000,80.1600,80.0800,80.1505,661844
2009-03-31 13:05:00,80.1200,80.1700,80.0900,80.1000,1026148
2009-03-31 13:04:00,80.0900,80.1300,80.0800,80.1200,650343
2009-03-31 13:03:00,80.0500,80.1200,80.0300,80.0900,833385
2009-03-31 13:02:00,79.9600,80.0800,79.9500,80.0500,1309541
2009-03-31 13:01:00,79.9400,79.9600,79.9200,79.9600,184746
2009-03-31 13:00:00,79.9600,79.9700,79.9200,79.9400,319626
2009-03-31 12:59:00,79.9500,79.9600,79.9300,79.9500,174073
2009-03-31 12:58:00,79.9600,79.9800,79.9200,79.9500,224909
2009-03-31 12:57:00,79.9300,79.9600,79.9200,79.9600,263308
2009-03-31 12:56:00,79.9300,79.9500,79.9000,79.9300,524567
2009-03-31 12:55:00,79.9000,79.9400,79.8900,79.9300,258548
2009-03-31 12:54:00,79.9400,79.9400,79.8800,79.8900,322001
2009-03-31 12:53:00,79.8300,79.9600,79.8299,79.9400,841525
2009-03-31 12:52:00,79.7701,79.8400,79.7500,79.8300,347850
2009-03-31 12:51:00,79.7701,79.7900,79.7600,79.7700,89162
2009-03-31 12:50:00,79.7800,79.7800,79.7400,79.7800,129551
2009-03-31 12:49:00,79.8100,79.8200,79.7600,79.7710,151300
2009-03-31 12:48:00,79.7800,79.8200,79.7575,79.8100,123838
2009-03-31 12:47:00,79.7900,79.8100,79.7500,79.7706,330621
2009-03-31 12:46:00,79.7500,79.8000,79.7500,79.7800,171966
2009-03-31 12:45:00,79.7900,79.8000,79.7500,79.7500,169881
2009-03-31 12:44:00,79.7700,79.8200,79.7700,79.7900,292914
2009-03-31 12:43:00,79.8000,79.8100,79.7500,79.7575,307271
2009-03-31 12:42:00,79.7700,79.8291,79.7600,79.8000,364024
2009-03-31 12:41:00,79.8000,79.8100,79.7400,79.7700,374995
2009-03-31 12:40:00,79.6800,79.8400,79.6775,79.8000,869284
2009-03-31 12:39:00,79.6600,79.7100,79.6600,79.6800,215777
2009-03-31 12:38:00,79.6800,79.7100,79.6600,79.6600,245360
2009-03-31 12:37:00,79.6507,79.7000,79.6400,79.6800,318507
2009-03-31 12:36:00,79.6400,79.6500,79.6000,79.6500,277653
2009-03-31 12:35:00,79.6000,79.6500,79.6000,79.6400,157079
2009-03-31 12:34:00,79.5500,79.6300,79.5500,79.6000,376300
2009-03-31 12:33:00,79.6200,79.6600,79.5500,79.5500,252072
2009-03-31 12:32:00,79.5950,79.6600,79.5900,79.6200,281994
2009-03-31 12:31:00,79.6200,79.6700,79.5850,79.5901,389776
2009-03-31 12:30:00,79.6200,79.6400,79.5900,79.6100,343143
2009-03-31 12:29:00,79.5900,79.6600,79.5800,79.6200,206941
2009-03-31 12:28:00,79.6499,79.6500,79.5900,79.6000,235737
2009-03-31 12:27:00,79.6300,79.6500,79.6000,79.6500,319682
2009-03-31 12:26:00,79.6200,79.7000,79.5800,79.6300,574429
2009-03-31 12:25:00,79.6000,79.6500,79.5800,79.6200,491722
2009-03-31 12:24:00,79.6700,79.6700,79.5500,79.5900,696919
2009-03-31 12:23:00,79.7297,79.7297,79.6500,79.6700,366309
2009-03-31 12:22:00,79.7100,79.7500,79.6900,79.7200,164523
2009-03-31 12:21:00,79.7000,79.7100,79.6600,79.7100,357146
2009-03-31 12:20:00,79.7800,79.8300,79.6700,79.7000,365907
2009-03-31 12:19:00,79.7900,79.8000,79.7700,79.7900,153815
2009-03-31 12:18:00,79.8100,79.8200,79.7775,79.8000,347068
2009-03-31 12:17:00,79.8200,79.8400,79.7400,79.8100,300872
2009-03-31 12:16:00,79.8200,79.8500,79.8100,79.8200,213780
2009-03-31 12:15:00,79.7500,79.8400,79.7300,79.8200,344122
2009-03-31 12:14:00,79.7200,79.7550,79.7000,79.7400,323150
2009-03-31 12:13:00,79.7100,79.7400,79.6800,79.7200,381370
2009-03-31 12:12:00,79.7100,79.7500,79.6900,79.7150,113093
2009-03-31 12:11:00,79.7100,79.7500,79.6800,79.7100,378670
2009-03-31 12:10:00,79.6900,79.7200,79.6400,79.7000,573714
2009-03-31 12:09:00,79.7317,79.7700,79.6800,79.6900,579932
2009-03-31 12:08:00,79.7100,79.7400,79.7100,79.7400,129043
2009-03-31 12:07:00,79.7400,79.7600,79.7100,79.7200,202973
2009-03-31 12:06:00,79.7405,79.7500,79.7175,79.7380,188455
2009-03-31 12:05:00,79.7000,79.7500,79.6800,79.7490,278515
2009-03-31 12:04:00,79.6800,79.7400,79.6100,79.6900,783371
2009-03-31 12:03:00,79.6900,79.7500,79.6700,79.6700,528512
2009-03-31 12:02:00,79.7800,79.8200,79.6800,79.6900,848708
2009-03-31 12:01:00,79.8400,79.8500,79.7800,79.7800,495939
2009-03-31 12:00:00,79.8801,79.9000,79.8400,79.8400,149472
2009-03-31 11:59:00,79.8600,79.9000,79.8500,79.8900,166961
2009-03-31 11:58:00,79.9000,79.9100,79.8700,79.8700,214719
2009-03-31 11:57:00,79.8700,79.9100,79.8275,79.9000,296791
2009-03-31 11:56:00,79.8800,79.8800,79.8100,79.8700,496122
2009-03-31 11:55:00,79.9400,80.0000,79.8600,79.8800,1143375
2009-03-31 11:54:00,79.9200,80.0300,79.8900,79.9400,1247894
2009-03-31 11:53:00,79.9500,79.9500,79.9000,79.9200,279355
2009-03-31 11:52:00,79.8900,79.9600,79.8800,79.9400,442537
2009-03-31 11:51:00,79.9200,79.9200,79.8700,79.8800,416859
2009-03-31 11:50:00,79.9401,79.9600,79.9000,79.9200,409465
2009-03-31 11:49:00,79.9100,79.9500,79.8800,79.9500,388264
2009-03-31 11:48:00,79.9200,79.9600,79.9000,79.9200,582087
2009-03-31 11:47:00,79.8500,79.9400,79.8500,79.9100,383397
2009-03-31 11:46:00,79.8500,79.8600,79.8100,79.8500,371671
2009-03-31 11:45:00,79.8100,79.8800,79.8000,79.8401,496250
2009-03-31 11:44:00,79.7200,79.8200,79.7200,79.8100,444396
2009-03-31 11:43:00,79.7500,79.7700,79.6900,79.7175,304860
2009-03-31 11:42:00,79.7300,79.7800,79.7200,79.7480,835377
2009-03-31 11:41:00,79.7100,79.7300,79.6600,79.7200,391107
2009-03-31 11:40:00,79.7500,79.7700,79.7100,79.7105,657059
2009-03-31 11:39:00,79.7700,79.8100,79.7400,79.7600,208412
2009-03-31 11:38:00,79.7800,79.7900,79.7500,79.7695,292822
2009-03-31 11:37:00,79.8200,79.8300,79.7800,79.7800,234768
2009-03-31 11:36:00,79.7900,79.8300,79.7600,79.8000,258213
2009-03-31 11:35:00,79.7403,79.8000,79.7400,79.7899,218331
2009-03-31 11:34:00,79.7100,79.7700,79.7100,79.7500,333492
2009-03-31 11:33:00,79.8200,79.8200,79.7100,79.7200,592907
2009-03-31 11:32:00,79.8000,79.8600,79.7900,79.8100,319881
2009-03-31 11:31:00,79.8000,79.8300,79.7800,79.8000,391379
2009-03-31 11:30:00,79.9100,79.9200,79.8000,79.8000,383092
2009-03-31 11:29:00,79.8500,79.9200,79.8100,79.9100,1119669
2009-03-31 11:28:00,79.9500,80.0100,79.8300,79.8500,1502791
2009-03-31 11:27:00,79.9200,79.9500,79.8200,79.9500,1084564
2009-03-31 11:26:00,79.8500,79.9400,79.8500,79.9200,650190
2009-03-31 11:25:00,79.8600,79.9200,79.8400,79.8600,1011177
2009-03-31 11:24:00,79.8400,79.8700,79.7900,79.8700,874408
2009-03-31 11:23:00,79.8200,79.8500,79.8100,79.8426,217387
2009-03-31 11:22:00,79.8200,79.8700,79.8000,79.8375,642014
2009-03-31 11:21:00,79.8700,79.8700,79.8000,79.8200,411394
2009-03-31 11:20:00,79.8800,79.9800,79.8200,79.8606,892499
2009-03-31 11:19:00,79.9110,79.9500,79.8700,79.8700,435020
2009-03-31 11:18:00,79.8000,79.9500,79.7900,79.9200,1123659
2009-03-31 11:17:00,79.8400,79.8400,79.7800,79.8000,592480
2009-03-31 11:16:00,79.8200,79.8500,79.8000,79.8400,442874
2009-03-31 11:15:00,79.8600,79.8900,79.8000,79.8200,353842
2009-03-31 11:14:00,79.8400,79.8900,79.8100,79.8700,596447
2009-03-31 11:13:00,79.8800,79.9100,79.8200,79.8400,624957
2009-03-31 11:12:00,79.8400,79.9000,79.8375,79.8900,780837
2009-03-31 11:11:00,79.8900,79.9100,79.8300,79.8400,2324291
2009-03-31 11:10:00,79.9500,79.9600,79.8300,79.8900,1103081
2009-03-31 11:09:00,79.7900,79.9600,79.7700,79.9600,1071331
2009-03-31 11:08:00,79.7500,79.8100,79.7500,79.7900,401967
2009-03-31 11:07:00,79.7800,79.7900,79.7300,79.7400,547828
2009-03-31 11:06:00,79.7400,79.8100,79.7400,79.7890,821608
2009-03-31 11:05:00,79.7375,79.7500,79.6900,79.7480,357386
2009-03-31 11:04:00,79.7600,79.7800,79.7200,79.7400,309804
2009-03-31 11:03:00,79.7000,79.7700,79.6800,79.7500,540742
2009-03-31 11:02:00,79.6800,79.7000,79.6400,79.7000,326366
2009-03-31 11:01:00,79.6500,79.7300,79.6100,79.6700,556342
2009-03-31 11:00:00,79.5800,79.6800,79.5700,79.6400,707775
2009-03-31 10:59:00,79.5200,79.5800,79.5200,79.5800,372675
2009-03-31 10:58:00,79.5480,79.5600,79.5000,79.5300,311848
2009-03-31 10:57:00,79.4800,79.5500,79.4800,79.5500,397137
2009-03-31 10:56:00,79.5300,79.5400,79.4500,79.4800,906076
2009-03-31 10:55:00,79.6000,79.6200,79.5200,79.5300,702899
2009-03-31 10:54:00,79.6600,79.6700,79.5900,79.6000,567111
2009-03-31 10:53:00,79.7000,79.7000,79.6500,79.6600,356352
2009-03-31 10:52:00,79.7500,79.7510,79.6600,79.7000,700785
2009-03-31 10:51:00,79.7900,79.8500,79.7400,79.7500,576064
2009-03-31 10:50:00,79.7500,79.8000,79.7100,79.7900,809122
2009-03-31 10:49:00,79.7700,79.7975,79.7100,79.7475,597357
2009-03-31 10:48:00,79.8700,79.9000,79.7600,79.7700,1036370
2009-03-31 10:47:00,79.8200,79.9200,79.8100,79.8700,1182039
2009-03-31 10:46:00,79.8300,79.8310,79.7600,79.8300,857814
2009-03-31 10:45:00,79.7600,79.8650,79.7500,79.8300,1399196
2009-03-31 10:44:00,79.7300,79.7800,79.6800,79.7600,680116
2009-03-31 10:43:00,79.6400,79.7400,79.6200,79.7300,525020
2009-03-31 10:42:00,79.6100,79.6400,79.6100,79.6400,181546
2009-03-31 10:41:00,79.6100,79.6900,79.5900,79.6200,941019
2009-03-31 10:40:00,79.6400,79.6700,79.6000,79.6100,606606
2009-03-31 10:39:00,79.7200,79.7300,79.6200,79.6401,682899
2009-03-31 10:38:00,79.7400,79.7600,79.6900,79.7200,505788
2009-03-31 10:37:00,79.7500,79.8200,79.7300,79.7400,561056
2009-03-31 10:36:00,79.7700,79.8500,79.7400,79.7500,1306670
2009-03-31 10:35:00,79.6500,79.7900,79.6500,79.7700,804351
2009-03-31 10:34:00,79.6700,79.6800,79.6100,79.6500,670015
2009-03-31 10:33:00,79.6900,79.7300,79.6400,79.6800,650266
2009-03-31 10:32:00,79.7201,79.7400,79.6900,79.6900,621804
2009-03-31 10:31:00,79.6900,79.8100,79.6575,79.7200,1610353
2009-03-31 10:30:00,79.6000,79.7000,79.5900,79.7000,1509717
2009-03-31 10:29:00,79.3382,79.6100,79.3200,79.5900,1423325
2009-03-31 10:28:00,79.3800,79.4200,79.2200,79.3400,1200076
2009-03-31 10:27:00,79.4112,79.4300,79.3300,79.3800,305293
2009-03-31 10:26:00,79.4599,79.4800,79.3900,79.4200,1065096
2009-03-31 10:25:00,79.3300,79.5000,79.3300,79.4600,848964
2009-03-31 10:24:00,79.4300,79.4400,79.3300,79.3400,459295
2009-03-31 10:23:00,79.3700,79.4400,79.3500,79.4300,383655
2009-03-31 10:22:00,79.4600,79.4800,79.3400,79.3700,1142852
2009-03-31 10:21:00,79.5500,79.5800,79.4500,79.4600,1530798
2009-03-31 10:20:00,79.3800,79.5500,79.3175,79.5500,826453
2009-03-31 10:19:00,79.3700,79.4400,79.3500,79.3800,937768
2009-03-31 10:18:00,79.3400,79.3700,79.2775,79.3600,722502
2009-03-31 10:17:00,79.2400,79.3400,79.2300,79.3300,706404
2009-03-31 10:16:00,79.2601,79.3100,79.2100,79.2400,1490214
2009-03-31 10:15:00,79.2100,79.2800,79.1700,79.2600,793801
2009-03-31 10:14:00,79.2900,79.3300,79.1900,79.2006,1058294
2009-03-31 10:13:00,79.4000,79.4000,79.2600,79.2900,728389
2009-03-31 10:12:00,79.3600,79.4100,79.2900,79.4000,842888
2009-03-31 10:11:00,79.5499,79.5500,79.3500,79.3600,1603050
2009-03-31 10:10:00,79.5275,79.5500,79.4800,79.5401,562000
2009-03-31 10:09:00,79.4900,79.5600,79.4675,79.5100,623717
2009-03-31 10:08:00,79.5300,79.5400,79.4600,79.4800,837579
2009-03-31 10:07:00,79.5600,79.6100,79.5200,79.5300,1068913
2009-03-31 10:06:00,79.4600,79.6000,79.4575,79.5600,1254563
2009-03-31 10:05:00,79.4000,79.4600,79.3400,79.4600,473648
2009-03-31 10:04:00,79.3600,79.4600,79.3375,79.4000,767044
2009-03-31 10:03:00,79.2900,79.4000,79.2800,79.3600,1806027
2009-03-31 10:02:00,79.2500,79.3200,79.2200,79.3000,951797
2009-03-31 10:01:00,79.0800,79.2900,79.0800,79.2500,1236967
2009-03-31 10:00:00,79.2300,79.2300,79.0500,79.0800,2349739
2009-03-31 09:59:00,79.2700,79.3700,79.2400,79.2400,1477525
2009-03-31 09:58:00,79.2300,79.3000,79.1900,79.2700,682555
2009-03-31 09:57:00,79.2299,79.2400,79.1700,79.2300,609254
2009-03-31 09:56:00,79.2800,79.3100,79.2100,79.2200,784021
2009-03-31 09:55:00,79.1700,79.2800,79.1700,79.2800,590590
2009-03-31 09:54:00,79.1100,79.2100,79.0900,79.1700,421877
2009-03-31 09:53:00,79.1800,79.1800,79.1000,79.1000,620035
2009-03-31 09:52:00,79.1200,79.1900,79.1100,79.1700,576879
2009-03-31 09:51:00,79.1900,79.2000,79.0900,79.1300,1023989
2009-03-31 09:50:00,79.3000,79.3001,79.1600,79.1900,643212
2009-03-31 09:49:00,79.3300,79.5943,79.2600,79.3100,842373
2009-03-31 09:48:00,79.2599,79.3300,79.2400,79.3200,552512
2009-03-31 09:47:00,79.1600,79.2600,79.1400,79.2600,834810
2009-03-31 09:46:00,79.1900,79.2200,79.1500,79.1700,860345
2009-03-31 09:45:00,79.3000,79.3500,79.1700,79.1900,1477724
2009-03-31 09:44:00,79.3018,79.3200,79.2500,79.3000,554450
2009-03-31 09:43:00,79.2499,79.3100,79.1600,79.3050,1322177
2009-03-31 09:42:00,79.3700,79.3700,79.2100,79.2400,1341397
2009-03-31 09:41:00,79.3700,79.3800,79.3100,79.3700,1409667
2009-03-31 09:40:00,79.5300,79.5500,79.3500,79.3800,1524159
2009-03-31 09:39:00,79.6100,79.6700,79.5300,79.5510,1118665
2009-03-31 09:38:00,79.6700,79.7100,79.6100,79.6100,698301
2009-03-31 09:37:00,79.6600,79.7400,79.6300,79.6799,1295874
2009-03-31 09:36:00,79.5700,79.6800,79.5500,79.6700,724619
2009-03-31 09:35:00,79.6000,79.6200,79.5400,79.5700,828162
2009-03-31 09:34:00,79.6600,79.6700,79.5500,79.6100,1266312
2009-03-31 09:33:00,79.6000,79.7100,79.5500,79.6600,924449
2009-03-31 09:32:00,79.5000,79.6100,79.4600,79.6000,766822
2009-03-31 09:31:00,79.4500,79.6000,79.4400,79.5100,911451
2009-03-31 09:30:00,79.5600,79.5900,79.4300,79.4410,1538637
2009-03-31 09:29:00,79.5200,79.5700,79.5100,79.5400,171422
2009-03-31 09:28:00,79.5500,79.5600,79.5200,79.5200,139434
2009-03-31 09:27:00,79.5100,79.5400,79.5100,79.5400,76616
2009-03-31 09:26:00,79.4700,79.5100,79.4700,79.5100,104612
2009-03-31 09:25:00,79.5100,79.5100,79.4700,79.4800,62492
2009-03-31 09:24:00,79.5200,79.5200,79.5000,79.5100,76425
2009-03-31 09:23:00,79.5100,79.5200,79.5000,79.5200,21330
2009-03-31 09:22:00,79.5200,79.5400,79.4900,79.4900,44749
2009-03-31 09:21:00,79.5200,79.5500,79.5200,79.5200,30421
2009-03-31 09:20:00,79.5200,79.5700,79.5100,79.5200,95545
2009-03-31 09:19:00,79.5900,79.5900,79.5300,79.5300,20176
2009-03-31 09:18:00,79.5400,79.5800,79.5300,79.5800,63000
2009-03-31 09:17:00,79.5500,79.5700,79.5300,79.5400,73912
2009-03-31 09:16:00,79.5600,79.7100,79.5500,79.5600,77995
2009-03-31 09:15:00,79.6100,79.6100,79.5700,79.5700,46763
2009-03-31 09:14:00,79.5800,79.6100,79.5800,79.6100,28605
2009-03-31 09:13:00,79.6000,79.6000,79.5700,79.5700,1605
2009-03-31 09:12:00,79.5600,79.6100,79.5600,79.5900,43958
2009-03-31 09:11:00,79.5600,79.5600,79.5300,79.5500,49448
2009-03-31 09:10:00,79.6000,79.6100,79.5500,79.5600,49635
2009-03-31 09:09:00,79.6100,79.6100,79.6100,79.6100,7500
2009-03-31 09:08:00,79.5900,79.6100,79.5900,79.6100,23756
2009-03-31 09:07:00,79.5900,79.6100,79.5900,79.6000,4969
2009-03-31 09:06:00,79.6100,79.6200,79.6000,79.6000,11507
2009-03-31 09:05:00,79.6300,79.6400,79.6100,79.6200,21165
2009-03-31 09:04:00,79.6200,79.6400,79.6100,79.6400,7565
2009-03-31 09:03:00,79.5600,79.6300,79.5500,79.6300,24080
2009-03-31 09:02:00,79.5700,79.5700,79.5500,79.5600,21091
2009-03-31 09:01:00,79.5800,79.5800,79.5700,79.5700,10300
2009-03-31 09:00:00,79.6500,79.6500,79.5400,79.5800,135791
2009-03-31 08:59:00,79.6500,79.6500,79.6300,79.6500,25840
2009-03-31 08:58:00,79.6300,79.6600,79.6300,79.6600,11750
2009-03-31 08:57:00,79.6300,79.6400,79.6000,79.6200,22875
2009-03-31 08:56:00,79.6300,79.6300,79.6100,79.6300,31005
2009-03-31 08:55:00,79.6300,79.6500,79.6200,79.6200,8600
2009-03-31 08:54:00,79.6200,79.6300,79.5800,79.6200,46214
2009-03-31 08:53:00,79.6500,79.6700,79.6200,79.6200,10919
2009-03-31 08:52:00,79.6500,79.6600,79.6500,79.6600,11703
2009-03-31 08:51:00,79.7000,79.7000,79.6400,79.6600,19422
2009-03-31 08:50:00,79.7000,79.7000,79.6900,79.6900,4150
2009-03-31 08:49:00,79.7400,79.7400,79.6600,79.6900,11269
2009-03-31 08:48:00,79.7400,79.7600,79.7400,79.7500,8462
2009-03-31 08:47:00,79.7400,79.7400,79.7400,79.7400,100
2009-03-31 08:46:00,79.7400,79.7500,79.7400,79.7400,19700
2009-03-31 08:45:00,79.7300,79.7400,79.7200,79.7200,7514
2009-03-31 08:44:00,79.7400,79.7600,79.7300,79.7400,16231
2009-03-31 08:43:00,79.7100,79.7500,79.7100,79.7400,148188
2009-03-31 08:42:00,79.6500,79.7100,79.6500,79.7100,37539
2009-03-31 08:41:00,79.6200,79.6600,79.6200,79.6600,5500
2009-03-31 08:40:00,79.6700,79.6800,79.6300,79.6300,5300
2009-03-31 08:39:00,79.6500,79.6800,79.6500,79.6800,1600
2009-03-31 08:38:00,79.6500,79.6500,79.6400,79.6400,4700
2009-03-31 08:37:00,79.6400,79.6400,79.6200,79.6400,119894
2009-03-31 08:36:00,79.6300,79.6500,79.6200,79.6400,4388
2009-03-31 08:35:00,79.6700,79.6700,79.6400,79.6500,9131
2009-03-31 08:34:00,79.6200,79.6600,79.6200,79.6600,15942
2009-03-31 08:33:00,79.5900,79.6100,79.5800,79.6100,55000
2009-03-31 08:32:00,79.6100,79.6100,79.5800,79.5800,40800
2009-03-31 08:31:00,79.6100,79.6100,79.6000,79.6100,12800
2009-03-31 08:30:00,79.6200,79.6200,79.5900,79.6000,49838
2009-03-31 08:29:00,79.6500,79.6500,79.6200,79.6300,24500
2009-03-31 08:28:00,79.6800,79.6800,79.6400,79.6400,92200
2009-03-31 08:27:00,79.6600,79.6900,79.6600,79.6900,15975
2009-03-31 08:26:00,79.6500,79.6600,79.6500,79.6600,8307
2009-03-31 08:25:00,79.6600,79.7000,79.6500,79.6500,14515
2009-03-31 08:24:00,79.7000,79.7000,79.6400,79.6600,66840
2009-03-31 08:23:00,79.6300,79.7000,79.6300,79.7000,57859
2009-03-31 08:22:00,79.6400,79.6700,79.6200,79.6300,51300
2009-03-31 08:21:00,79.6500,79.6500,79.6500,79.6500,7750
2009-03-31 08:20:00,79.6800,79.6900,79.6500,79.6500,54625
2009-03-31 08:19:00,79.7200,79.7200,79.6700,79.6800,37350
2009-03-31 08:18:00,79.7300,79.7400,79.7200,79.7200,25703
2009-03-31 08:17:00,79.6900,79.7400,79.6800,79.7300,4547
2009-03-31 08:16:00,79.6900,79.7300,79.6900,79.7000,28667
2009-03-31 08:15:00,79.6800,79.7100,79.6700,79.6800,22214
2009-03-31 08:14:00,79.7100,79.7100,79.6800,79.6800,10604
2009-03-31 08:13:00,79.7200,79.7200,79.6900,79.6900,35640
2009-03-31 08:12:00,79.7300,79.7300,79.7100,79.7100,31024
2009-03-31 08:11:00,79.7100,79.7400,79.7100,79.7200,33800
2009-03-31 08:10:00,79.7000,79.7200,79.7000,79.7000,37612
2009-03-31 08:09:00,79.6700,79.7000,79.6600,79.7000,14338
2009-03-31 08:08:00,79.6800,79.7000,79.6800,79.6800,44800
2009-03-31 08:07:00,79.7400,79.7400,79.6700,79.6900,24100
2009-03-31 08:06:00,79.6400,79.7400,79.6400,79.7400,231783
2009-03-31 08:05:00,79.7100,79.7200,79.6300,79.6300,14500
2009-03-31 08:04:00,79.6600,79.7100,79.6200,79.6900,424195
2009-03-31 08:03:00,79.6500,79.6700,79.6400,79.6600,18213
2009-03-31 08:02:00,79.6000,79.6300,79.6000,79.6300,23833
2009-03-31 08:01:00,79.5500,79.6000,79.5400,79.6000,19100
2009-03-31 08:00:00,79.5300,79.6600,79.1468,79.5400,393080
2009-03-31 07:59:00,79.5300,79.5400,79.5300,79.5400,5400
2009-03-31 07:58:00,79.5300,79.5300,79.5300,79.5300,400
2009-03-31 07:57:00,79.5500,79.5500,79.5300,79.5300,1400
2009-03-31 07:56:00,79.5500,79.5600,79.5500,79.5600,5800
2009-03-31 07:55:00,79.5300,79.5500,79.5300,79.5500,1100
2009-03-31 07:54:00,79.5500,79.5500,79.5100,79.5200,2200
2009-03-31 07:53:00,79.5600,79.5700,79.5400,79.5600,6100
2009-03-31 07:52:00,79.5200,79.5500,79.5100,79.5500,16500
2009-03-31 07:51:00,79.5200,79.5200,79.5200,79.5200,6600
2009-03-31 07:50:00,79.5100,79.5200,79.5100,79.5200,10000
2009-03-31 07:49:00,79.5000,79.5000,79.4600,79.5000,2200
2009-03-31 07:48:00,79.5200,79.5200,79.5000,79.5000,26000
2009-03-31 07:47:00,79.5200,79.5200,79.5200,79.5200,500
2009-03-31 07:46:00,79.5500,79.5500,79.5100,79.5100,39000
2009-03-31 07:45:00,79.5400,79.5500,79.5400,79.5500,2580
2009-03-31 07:44:00,79.5400,79.5400,79.5400,79.5400,700
2009-03-31 07:43:00,79.5400,79.5400,79.5400,79.5400,1300
2009-03-31 07:42:00,79.5100,79.5400,79.5100,79.5400,2500
2009-03-31 07:41:00,79.4900,79.4900,79.4800,79.4900,7200
2009-03-31 07:40:00,79.4700,79.4900,79.4500,79.4900,35800
2009-03-31 07:39:00,79.4700,79.4900,79.4700,79.4700,1400
2009-03-31 07:37:00,79.5100,79.5100,79.5100,79.5100,950
2009-03-31 07:36:00,79.4900,79.4900,79.4800,79.4800,58425
2009-03-31 07:35:00,79.5000,79.5000,79.4900,79.4900,6000
2009-03-31 07:34:00,79.5000,79.5000,79.5000,79.5000,3400
2009-03-31 07:33:00,79.4900,79.5000,79.4700,79.4900,33547
2009-03-31 07:32:00,79.4900,79.5000,79.4900,79.4900,39600
2009-03-31 07:31:00,79.4700,79.4900,79.4700,79.4900,11900
2009-03-31 07:30:00,79.4600,79.4600,79.4600,79.4600,5000
2009-03-31 07:29:00,79.5100,79.5100,79.4500,79.4500,23400
2009-03-31 07:28:00,79.5500,79.5500,79.5400,79.5400,12000
2009-03-31 07:27:00,79.5400,79.5500,79.5200,79.5500,110400
2009-03-31 07:26:00,79.5600,79.5600,79.5300,79.5300,50200
2009-03-31 07:25:00,79.6000,79.6000,79.5600,79.5700,56800
2009-03-31 07:23:00,79.6000,79.6000,79.5800,79.5800,2300
2009-03-31 07:22:00,79.6000,79.6000,79.5800,79.5800,1500
2009-03-31 07:21:00,79.5400,79.5800,79.5400,79.5800,10600
2009-03-31 07:20:00,79.5800,79.5800,79.5400,79.5400,23300
2009-03-31 07:19:00,79.5800,79.5800,79.5800,79.5800,100
2009-03-31 07:18:00,79.5800,79.5900,79.5800,79.5800,26500
2009-03-31 07:17:00,79.5700,79.5800,79.5700,79.5800,28500
2009-03-31 07:16:00,79.5900,79.5900,79.5800,79.5800,3000
2009-03-31 07:15:00,79.5900,79.5900,79.5900,79.5900,12000
2009-03-31 07:14:00,79.5900,79.6000,79.5900,79.6000,52500
2009-03-31 07:13:00,79.5800,79.5800,79.5800,79.5800,10100
2009-03-31 07:12:00,79.6000,79.6100,79.5800,79.6100,6400
2009-03-31 07:11:00,79.6100,79.6100,79.6000,79.6000,1600
2009-03-31 07:10:00,79.6300,79.6600,79.6300,79.6600,1600
2009-03-31 07:09:00,79.6900,79.6900,79.6900,79.6900,1000
2009-03-31 07:08:00,79.6800,79.6900,79.6800,79.6900,2100
2009-03-31 07:07:00,79.6100,79.6700,79.6000,79.6600,54200
2009-03-31 07:06:00,79.5900,79.6000,79.5900,79.6000,11800
2009-03-31 07:05:00,79.6000,79.6100,79.6000,79.6000,5300
2009-03-31 07:04:00,79.6000,79.6000,79.5900,79.6000,12100
2009-03-31 07:03:00,79.5900,79.6000,79.5900,79.6000,29500
2009-03-31 07:02:00,79.6100,79.6100,79.6000,79.6000,4800
2009-03-31 07:01:00,79.6200,79.6200,79.5900,79.6000,2200
2009-03-31 07:00:00,79.6500,79.6500,79.6300,79.6300,1100
2009-03-31 06:58:00,79.7100,79.7200,79.7000,79.7200,5425
2009-03-31 06:55:00,79.7000,79.7300,79.7000,79.7300,4600
2009-03-31 06:50:00,79.6500,79.6500,79.6500,79.6500,1000
2009-03-31 06:47:00,79.7000,79.7000,79.7000,79.7000,1000
2009-03-31 06:45:00,79.6600,79.6600,79.6500,79.6500,50000
2009-03-31 06:43:00,79.6600,79.6600,79.6600,79.6600,100
2009-03-31 06:42:00,79.6600,79.6600,79.6600,79.6600,2600
2009-03-31 06:39:00,79.5400,79.5400,79.5300,79.5300,25000
2009-03-31 06:37:00,79.5600,79.5600,79.5600,79.5600,250
2009-03-31 06:36:00,79.5800,79.5800,79.5800,79.5800,100
2009-03-31 06:34:00,79.6500,79.6500,79.6500,79.6500,15000
2009-03-31 06:28:00,79.6400,79.6400,79.6400,79.6400,2500
2009-03-31 06:25:00,79.6200,79.6200,79.6200,79.6200,100
2009-03-31 06:21:00,79.4300,79.4300,79.4300,79.4300,2500
2009-03-31 06:20:00,79.3500,79.3500,79.3500,79.3500,5000
2009-03-31 06:18:00,79.3000,79.3000,79.3000,79.3000,20000
2009-03-31 06:13:00,79.2200,79.2200,79.2200,79.2200,600
2009-03-31 06:08:00,79.2800,79.2800,79.2800,79.2800,2500
2009-03-31 05:52:00,79.5600,79.5600,79.5600,79.5600,4000
2009-03-31 05:41:00,79.6400,79.6400,79.6400,79.6400,100
2009-03-31 05:36:00,79.6000,79.6000,79.6000,79.6000,100
2009-03-31 05:32:00,79.5600,79.5600,79.5600,79.5600,200
2009-03-31 05:14:00,79.4600,79.4600,79.4600,79.4600,201
2009-03-31 05:01:00,79.5200,79.5200,79.5200,79.5200,100
2009-03-31 04:44:00,79.5800,79.5800,79.5800,79.5800,2500
2009-03-31 04:43:00,79.5100,79.5100,79.5100,79.5100,300
2009-03-31 04:33:00,79.5900,79.5900,79.5900,79.5900,300
2009-03-31 04:29:00,79.5700,79.6000,79.5700,79.6000,7834
2009-03-31 04:24:00,79.5400,79.5400,79.5400,79.5400,200
2009-03-31 04:19:00,79.5000,79.5000,79.5000,79.5000,1000
2009-03-31 04:18:00,79.5500,79.5500,79.5500,79.5500,1000
2009-03-31 04:15:00,79.6100,79.6100,79.6100,79.6100,700
2009-03-30 19:59:00,79.2200,79.2600,79.2200,79.2600,30706
2009-03-30 19:58:00,79.1900,79.2100,79.1900,79.2100,2600
2009-03-30 19:57:00,79.2200,79.2200,79.2200,79.2200,300
2009-03-30 19:56:00,79.2000,79.2000,79.2000,79.2000,670
2009-03-30 19:55:00,79.2000,79.2000,79.2000,79.2000,425
2009-03-30 19:53:00,79.1800,79.1800,79.1700,79.1700,625
2009-03-30 19:52:00,79.1800,79.1800,79.1700,79.1700,4700
2009-03-30 19:50:00,79.1800,79.1800,79.1800,79.1800,15400
2009-03-30 19:47:00,79.1600,79.1600,79.1600,79.1600,255
2009-03-30 19:46:00,79.1600,79.1600,79.1600,79.1600,500
2009-03-30 19:45:00,79.1800,79.2000,79.1600,79.1700,3602
2009-03-30 19:44:00,79.1300,79.1300,79.1300,79.1300,300
2009-03-30 19:42:00,79.1200,79.1800,79.1200,79.1800,5300
2009-03-30 19:41:00,79.1400,79.1400,79.1400,79.1400,200
2009-03-30 19:40:00,79.1300,79.1300,79.1000,79.1000,23000
2009-03-30 19:35:00,79.1600,79.1600,79.1600,79.1600,400
2009-03-30 19:32:00,79.1500,79.1500,79.1500,79.1500,530
2009-03-30 19:31:00,79.1500,79.1500,79.1500,79.1500,500
2009-03-30 19:30:00,79.1400,79.1500,79.1400,79.1500,1450
2009-03-30 19:29:00,79.1300,79.1500,79.1300,79.1300,4238
2009-03-30 19:28:00,79.1200,79.1400,79.1200,79.1400,1100
2009-03-30 19:26:00,79.1000,79.1000,79.1000,79.1000,1000
2009-03-30 19:25:00,79.1000,79.1000,79.1000,79.1000,500
2009-03-30 19:19:00,79.1000,79.1000,79.1000,79.1000,100
2009-03-30 19:18:00,79.1000,79.1000,79.1000,79.1000,200
2009-03-30 19:17:00,79.1000,79.1000,79.1000,79.1000,100
2009-03-30 19:16:00,79.0900,79.0900,79.0900,79.0900,2000
2009-03-30 19:12:00,79.1000,79.1000,79.0600,79.0600,1489
2009-03-30 19:11:00,79.1000,79.1000,79.1000,79.1000,800
2009-03-30 19:10:00,79.1000,79.1000,79.1000,79.1000,400
2009-03-30 19:09:00,79.1100,79.1100,79.1100,79.1100,500
2009-03-30 19:08:00,79.1400,79.1400,79.1100,79.1100,400
2009-03-30 19:06:00,79.1300,79.1400,79.1200,79.1400,2596
2009-03-30 19:05:00,79.1200,79.1300,79.1200,79.1300,1500
2009-03-30 19:03:00,79.1300,79.1500,79.1300,79.1500,1907
2009-03-30 19:02:00,79.1300,79.1300,79.1300,79.1300,1840
2009-03-30 19:01:00,79.1300,79.1500,79.1300,79.1500,2406
2009-03-30 19:00:00,79.1300,79.1300,79.1300,79.1300,4304
2009-03-30 18:57:00,79.1000,79.1500,79.1000,79.1500,2433
2009-03-30 18:56:00,79.1100,79.1100,79.1000,79.1000,840
2009-03-30 18:55:00,79.1000,79.1100,79.1000,79.1100,572
2009-03-30 18:54:00,79.1000,79.1000,79.0900,79.1000,6962
2009-03-30 18:51:00,79.0500,79.0600,79.0500,79.0600,405
2009-03-30 18:50:00,79.0200,79.0200,79.0200,79.0200,300
2009-03-30 18:47:00,79.0200,79.0200,79.0200,79.0200,700
2009-03-30 18:44:00,79.0900,79.0900,79.0900,79.0900,400
2009-03-30 18:43:00,79.1000,79.1000,79.1000,79.1000,962
2009-03-30 18:41:00,79.0900,79.0900,79.0900,79.0900,1000
2009-03-30 18:40:00,79.0800,79.0800,79.0800,79.0800,1000
2009-03-30 18:39:00,79.0600,79.0600,79.0600,79.0600,100
2009-03-30 18:36:00,79.0800,79.0800,79.0800,79.0800,100
2009-03-30 18:35:00,79.0700,79.0700,79.0700,79.0700,500
2009-03-30 18:34:00,79.0400,79.0700,79.0400,79.0700,15225
2009-03-30 18:32:00,79.0500,79.0500,79.0300,79.0300,1420
2009-03-30 18:31:00,79.0200,79.0500,79.0200,79.0500,4700
2009-03-30 18:29:00,79.0100,79.0200,79.0100,79.0200,800
2009-03-30 18:28:00,79.0000,79.0000,79.0000,79.0000,1000
2009-03-30 18:27:00,79.0100,79.0100,79.0100,79.0100,300
2009-03-30 18:25:00,79.0000,79.0100,78.9900,79.0100,6725
2009-03-30 18:24:00,79.0000,79.0100,79.0000,79.0100,1200
2009-03-30 18:23:00,79.0100,79.0100,79.0000,79.0000,200
2009-03-30 18:20:00,79.0400,79.0400,79.0300,79.0300,2650
2009-03-30 18:19:00,79.0400,79.0400,79.0300,79.0400,7650
2009-03-30 18:18:00,78.9800,79.0300,78.9800,79.0300,10150
2009-03-30 18:16:00,79.0200,79.0200,79.0200,79.0200,9012
2009-03-30 18:15:00,79.0200,79.0200,79.0000,79.0200,2245
2009-03-30 18:14:00,79.0000,79.0100,79.0000,79.0100,5250
2009-03-30 18:13:00,79.0000,79.0000,79.0000,79.0000,500
2009-03-30 18:09:00,78.9800,78.9800,78.9800,78.9800,138
2009-03-30 18:08:00,78.9900,78.9900,78.9900,78.9900,1000
2009-03-30 18:07:00,78.9500,78.9800,78.9500,78.9800,400
2009-03-30 18:05:00,78.9400,78.9400,78.9400,78.9400,750
2009-03-30 18:04:00,78.9800,78.9800,78.9800,78.9800,2458
2009-03-30 18:03:00,78.9800,78.9800,78.9700,78.9700,5442
2009-03-30 18:02:00,78.9700,78.9800,78.9700,78.9800,12700
2009-03-30 18:01:00,78.9100,78.9100,78.9100,78.9100,360
2009-03-30 18:00:00,78.9100,78.9100,78.9100,78.9100,500
2009-03-30 17:58:00,78.8800,78.9500,78.8800,78.9500,1070
2009-03-30 17:53:00,78.8800,78.8800,78.8800,78.8800,500
2009-03-30 17:51:00,78.8800,78.8800,78.8800,78.8800,100
2009-03-30 17:50:00,78.8900,78.8900,78.8900,78.8900,100
2009-03-30 17:49:00,78.8600,78.8800,78.8600,78.8800,2323
2009-03-30 17:48:00,78.8600,78.8600,78.8600,78.8600,100
2009-03-30 17:46:00,78.8700,78.8700,78.8500,78.8500,207
2009-03-30 17:45:00,78.8700,78.8700,78.8700,78.8700,1000
2009-03-30 17:44:00,78.8700,78.8700,78.8700,78.8700,1500
2009-03-30 17:41:00,78.8700,78.8700,78.8700,78.8700,100
2009-03-30 17:40:00,78.8600,78.8800,78.8600,78.8700,1270
2009-03-30 17:38:00,78.8600,78.8600,78.8600,78.8600,1100
2009-03-30 17:37:00,78.8400,78.8400,78.8300,78.8400,670
2009-03-30 17:36:00,78.8700,78.8700,78.8400,78.8400,1335
2009-03-30 17:33:00,78.8700,78.8700,78.8600,78.8600,400
2009-03-30 17:29:00,78.8800,78.9100,78.8800,78.9000,3840
2009-03-30 17:28:00,78.8800,78.8800,78.8500,78.8800,3538
2009-03-30 17:27:00,78.8500,78.8800,78.8500,78.8800,1262
2009-03-30 17:26:00,78.8800,78.8800,78.8600,78.8600,2400
2009-03-30 17:24:00,78.8900,78.8900,78.8900,78.8900,100
2009-03-30 17:23:00,78.8800,78.9000,78.8800,78.9000,1300
2009-03-30 17:22:00,78.8800,78.8800,78.8600,78.8800,11886
2009-03-30 17:21:00,78.9100,78.9100,78.8800,78.9000,29321
2009-03-30 17:20:00,78.9100,78.9100,78.9100,78.9100,2100
2009-03-30 17:19:00,78.9200,78.9300,78.9200,78.9300,1800
2009-03-30 17:18:00,78.9200,78.9200,78.9200,78.9200,1200
2009-03-30 17:17:00,78.9000,78.9200,78.9000,78.9200,1000
2009-03-30 17:16:00,78.9000,78.9000,78.9000,78.9000,300
2009-03-30 17:15:00,78.9100,78.9100,78.9000,78.9000,1600
2009-03-30 17:14:00,78.9200,78.9200,78.9200,78.9200,100
2009-03-30 17:13:00,78.9300,78.9300,78.9300,78.9300,2900
2009-03-30 17:12:00,78.9100,78.9100,78.9100,78.9100,1000
2009-03-30 17:11:00,78.9300,78.9300,78.9100,78.9100,3000
2009-03-30 17:09:00,78.9500,78.9500,78.9500,78.9500,100
2009-03-30 17:07:00,78.9200,78.9200,78.9000,78.9000,43534
2009-03-30 17:06:00,78.9500,78.9600,78.9200,78.9200,18568
2009-03-30 17:05:00,78.9700,78.9700,78.9700,78.9700,300
2009-03-30 17:04:00,78.9700,78.9700,78.9300,78.9300,5250
2009-03-30 17:03:00,79.0100,79.0100,79.0000,79.0000,17310
2009-03-30 17:02:00,79.0100,79.0200,79.0000,79.0000,8886
2009-03-30 17:01:00,79.0300,79.0300,79.0000,79.0100,2904
2009-03-30 17:00:00,79.0500,79.0500,79.0000,79.0300,1380
2009-03-30 16:59:00,79.0300,79.0300,79.0100,79.0200,9500
2009-03-30 16:57:00,79.0500,79.0800,79.0500,79.0800,36346
2009-03-30 16:56:00,79.0400,79.0400,79.0400,79.0400,1050
2009-03-30 16:55:00,79.0100,79.0400,79.0100,79.0400,52231
2009-03-30 16:54:00,79.0100,79.0100,79.0000,79.0000,400
2009-03-30 16:53:00,78.9900,79.0200,78.9900,79.0000,21400
2009-03-30 16:52:00,79.0100,79.0200,79.0100,79.0100,1238
2009-03-30 16:51:00,79.0600,79.0600,79.0600,79.0600,100
2009-03-30 16:50:00,79.0000,79.0500,78.9900,79.0300,12700
2009-03-30 16:49:00,78.9500,78.9900,78.9500,78.9800,61576
2009-03-30 16:48:00,78.9400,78.9400,78.9300,78.9400,7500
2009-03-30 16:47:00,78.9200,78.9200,78.9200,78.9200,600
2009-03-30 16:46:00,78.9100,78.9300,78.9100,78.9200,6250
2009-03-30 16:45:00,78.9200,78.9300,78.9200,78.9200,2900
2009-03-30 16:44:00,78.9300,78.9300,78.9300,78.9300,1327
2009-03-30 16:43:00,78.9500,78.9500,78.9500,78.9500,300
2009-03-30 16:42:00,78.9600,78.9700,78.9500,78.9700,1700
2009-03-30 16:41:00,78.9300,78.9500,78.9200,78.9500,12638
2009-03-30 16:39:00,78.9200,78.9300,78.9100,78.9300,2170
2009-03-30 16:37:00,78.9300,78.9400,78.7520,78.9100,106400
2009-03-30 16:36:00,78.9100,78.9400,78.9100,78.9300,20265
2009-03-30 16:35:00,78.9000,78.9200,78.9000,78.9200,1545
2009-03-30 16:33:00,78.9200,78.9200,78.9200,78.9200,300
2009-03-30 16:32:00,78.8800,78.9200,78.8800,78.9200,10000
2009-03-30 16:31:00,78.8300,78.9000,78.8300,78.8600,68185
2009-03-30 16:30:00,78.8700,78.8900,78.8300,78.8300,20787
2009-03-30 16:29:00,78.8900,78.9300,78.8700,78.8700,33750
2009-03-30 16:28:00,78.8900,78.9000,78.8800,78.8900,12340
2009-03-30 16:27:00,78.8700,78.8900,78.8700,78.8900,1360
2009-03-30 16:26:00,78.9200,78.9200,78.8700,78.8700,460
2009-03-30 16:25:00,78.8900,78.9600,78.8900,78.9200,28220
2009-03-30 16:24:00,78.9000,78.9500,78.8400,78.8900,79171
2009-03-30 16:23:00,78.8400,78.8800,78.8400,78.8700,26483
2009-03-30 16:22:00,78.8200,78.8200,78.8200,78.8200,500
2009-03-30 16:21:00,78.8100,78.8100,78.8000,78.8100,12157
2009-03-30 16:20:00,78.8100,78.8100,78.8000,78.8000,23040
2009-03-30 16:19:00,78.8100,78.8200,78.8100,78.8100,8500
2009-03-30 16:18:00,78.8300,78.8300,78.8300,78.8300,9003
2009-03-30 16:17:00,78.7300,78.8400,78.7300,78.8400,121523
2009-03-30 16:16:00,78.8400,78.8400,78.7900,78.8300,12259
2009-03-30 16:15:00,78.8100,78.8500,78.7900,78.8200,13194
2009-03-30 16:14:00,78.8400,78.8400,78.7579,78.8100,129178
2009-03-30 16:13:00,78.8400,78.8700,78.7621,78.8300,284001
2009-03-30 16:12:00,78.9100,78.9300,78.7445,78.8400,659742
2009-03-30 16:11:00,78.8600,78.9200,78.8600,78.9000,140457
2009-03-30 16:10:00,78.8600,78.8900,78.7600,78.8700,334264
2009-03-30 16:09:00,78.8100,78.8600,78.7600,78.8500,397946
2009-03-30 16:08:00,78.8100,78.8200,78.7900,78.8100,171898
2009-03-30 16:07:00,78.8100,79.5000,78.7600,78.8000,257214
2009-03-30 16:06:00,78.7700,78.8500,78.7700,78.8200,679199
2009-03-30 16:05:00,78.7500,78.8000,78.7300,78.7700,608646
2009-03-30 16:04:00,78.7300,78.7600,78.6900,78.7400,380925
2009-03-30 16:03:00,78.7800,78.8100,78.5103,78.7300,1825262
2009-03-30 16:02:00,78.7700,78.7800,78.7300,78.7700,482469
2009-03-30 16:01:00,78.7400,78.7900,78.6700,78.7700,674511
2009-03-30 16:00:00,78.7900,78.8050,78.7200,78.7400,2215036
2009-03-30 15:59:00,78.7800,78.8300,78.7400,78.8000,5881700
2009-03-30 15:58:00,78.7600,78.8000,78.7500,78.7900,1612891
2009-03-30 15:57:00,78.8300,78.8400,78.7200,78.7600,1565689
2009-03-30 15:56:00,78.9000,78.9400,78.8200,78.8400,1689366
2009-03-30 15:55:00,78.7100,78.9000,78.7000,78.9000,2709289
2009-03-30 15:54:00,78.7600,78.7900,78.6200,78.7100,1450132
2009-03-30 15:53:00,78.7000,78.7700,78.6500,78.7600,1472567
2009-03-30 15:52:00,78.7300,78.8300,78.6900,78.7000,2089728
2009-03-30 15:51:00,78.6399,78.7500,78.6300,78.7300,1707577
2009-03-30 15:50:00,78.4200,78.6700,78.4075,78.6400,1839502
2009-03-30 15:49:00,78.3800,78.4500,78.3800,78.4100,638520
2009-03-30 15:48:00,78.4700,78.5100,78.3500,78.3900,1690314
2009-03-30 15:47:00,78.4700,78.6200,78.4600,78.4700,1146225
2009-03-30 15:46:00,78.4600,78.4900,78.4300,78.4700,829920
2009-03-30 15:45:00,78.4900,78.5200,78.4400,78.4600,1307470
2009-03-30 15:44:00,78.3710,78.5000,78.3600,78.4900,1858021
2009-03-30 15:43:00,78.4900,78.5000,78.2900,78.3800,1391373
2009-03-30 15:42:00,78.4200,78.4900,78.3700,78.4900,1263111
2009-03-30 15:41:00,78.2900,78.4800,78.2800,78.4200,1988535
2009-03-30 15:40:00,78.4400,78.4800,78.2700,78.2900,2523477
2009-03-30 15:39:00,78.5700,78.5800,78.4300,78.4400,1641993
2009-03-30 15:38:00,78.6000,78.6200,78.5100,78.5700,1801091
2009-03-30 15:37:00,78.6600,78.7700,78.5900,78.6000,2286835
2009-03-30 15:36:00,78.5900,78.6700,78.5400,78.6590,1035926
2009-03-30 15:35:00,78.5700,78.6400,78.4800,78.5800,1346848
2009-03-30 15:34:00,78.5700,78.6800,78.5500,78.5700,1071659
2009-03-30 15:33:00,78.6900,78.7000,78.5000,78.5700,1053050
2009-03-30 15:32:00,78.6200,78.7200,78.6000,78.6800,1262264
2009-03-30 15:31:00,78.5800,78.6800,78.5700,78.6200,1157419
2009-03-30 15:30:00,78.4300,78.6000,78.4100,78.5900,1262084
2009-03-30 15:29:00,78.3700,78.4450,78.3600,78.4298,1446098
2009-03-30 15:28:00,78.4900,78.5300,78.3600,78.3700,1242694
2009-03-30 15:27:00,78.6400,78.6600,78.4800,78.4900,757335
2009-03-30 15:26:00,78.6800,78.7000,78.5800,78.6400,1059296
2009-03-30 15:25:00,78.6200,78.7100,78.6000,78.6800,957666
2009-03-30 15:24:00,78.6500,78.6700,78.5400,78.6200,1860199
2009-03-30 15:23:00,78.4500,78.6500,78.4390,78.6500,1395980
2009-03-30 15:22:00,78.4300,78.6800,78.3800,78.4500,821819
2009-03-30 15:21:00,78.4000,78.4600,78.3900,78.4300,542424
2009-03-30 15:20:00,78.3500,78.4400,78.3500,78.4000,568855
2009-03-30 15:19:00,78.4200,78.4400,78.3500,78.3500,489623
2009-03-30 15:18:00,78.4300,78.4500,78.3600,78.4200,621997
2009-03-30 15:17:00,78.5000,78.5200,78.4200,78.4300,537097
2009-03-30 15:16:00,78.5500,78.5600,78.4900,78.4999,870524
2009-03-30 15:15:00,78.4400,78.6200,78.4300,78.5500,1789643
2009-03-30 15:14:00,78.3700,78.4500,78.3500,78.4400,1019628
2009-03-30 15:13:00,78.4300,78.4300,78.3600,78.3600,518789
2009-03-30 15:12:00,78.4800,78.4900,78.3800,78.4300,1079242
2009-03-30 15:11:00,78.3400,78.5000,78.3400,78.4700,1649891
2009-03-30 15:10:00,78.3300,78.3500,78.2900,78.3400,1206457
2009-03-30 15:09:00,78.1500,78.3700,78.1400,78.3300,1416012
2009-03-30 15:08:00,78.1100,78.1600,78.0600,78.1500,897666
2009-03-30 15:07:00,78.1200,78.1600,78.0700,78.1200,622954
2009-03-30 15:06:00,78.0900,78.1400,78.0500,78.1200,518758
2009-03-30 15:05:00,78.1400,78.1500,78.0800,78.0900,475393
2009-03-30 15:04:00,78.0800,78.1900,78.0700,78.1500,929138
2009-03-30 15:03:00,78.0500,78.1200,78.0100,78.0900,622178
2009-03-30 15:02:00,78.0400,78.0800,78.0300,78.0500,809010
2009-03-30 15:01:00,78.0600,78.0800,78.0000,78.0400,598704
2009-03-30 15:00:00,77.9900,78.0700,77.9600,78.0500,1014916
2009-03-30 14:59:00,78.1400,78.1400,77.9600,77.9900,1880573
2009-03-30 14:58:00,78.1201,78.1900,78.0800,78.1500,897443
2009-03-30 14:57:00,78.1200,78.1800,78.1000,78.1300,690717
2009-03-30 14:56:00,78.2300,78.2300,78.0900,78.1200,951077
2009-03-30 14:55:00,78.2400,78.2600,78.2000,78.2300,384583
2009-03-30 14:54:00,78.2899,78.2900,78.2300,78.2394,408187
2009-03-30 14:53:00,78.2094,78.2900,78.2000,78.2800,372250
2009-03-30 14:52:00,78.2400,78.2400,78.1600,78.2000,633418
2009-03-30 14:51:00,78.2500,78.3000,78.2100,78.2300,793806
2009-03-30 14:50:00,78.1900,78.2500,78.1000,78.2400,730172
2009-03-30 14:49:00,78.1600,78.2300,78.1500,78.1900,373312
2009-03-30 14:48:00,78.1900,78.2500,78.1600,78.1600,433803
2009-03-30 14:47:00,78.1600,78.2200,78.1300,78.1900,417016
2009-03-30 14:46:00,78.1200,78.1700,78.1100,78.1600,821655
2009-03-30 14:45:00,78.0700,78.1200,78.0400,78.1200,505495
2009-03-30 14:44:00,78.0700,78.1100,78.0400,78.0600,865446
2009-03-30 14:43:00,78.1800,78.2100,78.0400,78.0600,1454012
2009-03-30 14:42:00,78.2300,78.2300,78.1500,78.1800,634050
2009-03-30 14:41:00,78.1810,78.2500,78.1100,78.2300,1131943
2009-03-30 14:40:00,78.3000,78.3400,78.1400,78.1874,1597476
2009-03-30 14:39:00,78.4100,78.4100,78.2800,78.3000,630394
2009-03-30 14:38:00,78.4200,78.4700,78.4100,78.4100,182143
2009-03-30 14:37:00,78.4400,78.5200,78.4100,78.4191,758732
2009-03-30 14:36:00,78.4078,78.4400,78.3700,78.4400,360186
2009-03-30 14:35:00,78.4600,78.4800,78.4000,78.4000,488420
2009-03-30 14:34:00,78.3800,78.5200,78.3600,78.4700,1031774
2009-03-30 14:33:00,78.3200,78.3900,78.2800,78.3800,539158
2009-03-30 14:32:00,78.3300,78.3700,78.3100,78.3100,389613
2009-03-30 14:31:00,78.3600,78.3800,78.3300,78.3400,380887
2009-03-30 14:30:00,78.4200,78.4300,78.3000,78.3594,619780
2009-03-30 14:29:00,78.3800,78.4400,78.3750,78.4200,314836
2009-03-30 14:28:00,78.3800,78.4100,78.3300,78.3750,751363
2009-03-30 14:27:00,78.4600,78.5000,78.3800,78.3800,965743
2009-03-30 14:26:00,78.5800,78.6300,78.4300,78.4700,1332841
2009-03-30 14:25:00,78.6400,78.6400,78.5200,78.5800,613572
2009-03-30 14:24:00,78.5600,78.6600,78.5500,78.6300,665291
2009-03-30 14:23:00,78.5200,78.6300,78.4550,78.5600,1064551
2009-03-30 14:22:00,78.5500,78.5600,78.5000,78.5300,579913
2009-03-30 14:21:00,78.6000,78.6200,78.5100,78.5400,462469
2009-03-30 14:20:00,78.6000,78.6400,78.5700,78.6120,489811
2009-03-30 14:19:00,78.6078,78.6200,78.5700,78.6000,461974
2009-03-30 14:18:00,78.6300,78.6300,78.5700,78.6100,214350
2009-03-30 14:17:00,78.5775,78.6400,78.5700,78.6300,362742
2009-03-30 14:16:00,78.6200,78.6200,78.5400,78.5794,675529
2009-03-30 14:15:00,78.6400,78.6600,78.6100,78.6200,440909
2009-03-30 14:14:00,78.6300,78.7300,78.6300,78.6400,988757
2009-03-30 14:13:00,78.6000,78.6700,78.5700,78.6400,909514
2009-03-30 14:12:00,78.5200,78.6100,78.4800,78.6001,937263
2009-03-30 14:11:00,78.4400,78.5200,78.3700,78.5100,740693
2009-03-30 14:10:00,78.3600,78.4700,78.3500,78.4300,657919
2009-03-30 14:09:00,78.3600,78.4000,78.3475,78.3700,606307
2009-03-30 14:08:00,78.3500,78.3700,78.3000,78.3600,454738
2009-03-30 14:07:00,78.4099,78.4300,78.3400,78.3400,377015
2009-03-30 14:06:00,78.4000,78.4500,78.3700,78.4099,560768
2009-03-30 14:05:00,78.3600,78.4500,78.3300,78.4000,566763
2009-03-30 14:04:00,78.3506,78.3900,78.3400,78.3600,561046
2009-03-30 14:03:00,78.3300,78.3700,78.3000,78.3600,793291
2009-03-30 14:02:00,78.3200,78.3400,78.3000,78.3300,153387
2009-03-30 14:01:00,78.2700,78.3700,78.2700,78.3200,776834
2009-03-30 14:00:00,78.2900,78.2975,78.1900,78.2700,1383116
2009-03-30 13:59:00,78.2900,78.3200,78.2700,78.2900,461006
2009-03-30 13:58:00,78.2700,78.3000,78.2500,78.2900,563582
2009-03-30 13:57:00,78.3400,78.3425,78.2700,78.2700,634506
2009-03-30 13:56:00,78.3500,78.3700,78.3300,78.3400,452731
2009-03-30 13:55:00,78.3800,78.3800,78.3300,78.3500,312899
2009-03-30 13:54:00,78.3800,78.3900,78.3500,78.3700,199919
2009-03-30 13:53:00,78.3800,78.4000,78.3400,78.3900,312427
2009-03-30 13:52:00,78.4000,78.4100,78.3200,78.3900,590393
2009-03-30 13:51:00,78.3500,78.4000,78.3300,78.4000,335218
2009-03-30 13:50:00,78.3600,78.4000,78.3500,78.3500,355661
2009-03-30 13:49:00,78.3500,78.4400,78.3200,78.3700,1324228
2009-03-30 13:48:00,78.3700,78.3800,78.3000,78.3500,612132
2009-03-30 13:47:00,78.4200,78.4475,78.2500,78.3600,2239973
2009-03-30 13:46:00,78.4950,78.5300,78.4200,78.4200,457564
2009-03-30 13:45:00,78.5800,78.6100,78.4300,78.5000,1151271
2009-03-30 13:44:00,78.5600,78.5800,78.5400,78.5800,140294
2009-03-30 13:43:00,78.5600,78.5800,78.5300,78.5500,194759
2009-03-30 13:42:00,78.6300,78.6500,78.5400,78.5600,402364
2009-03-30 13:41:00,78.6094,78.6400,78.5700,78.6300,329944
2009-03-30 13:40:00,78.5600,78.6300,78.5400,78.6000,467360
2009-03-30 13:39:00,78.5401,78.5700,78.5100,78.5700,748544
2009-03-30 13:38:00,78.4800,78.5500,78.4600,78.5400,513524
2009-03-30 13:37:00,78.5000,78.5200,78.4500,78.4800,823170
2009-03-30 13:36:00,78.6300,78.6300,78.5000,78.5000,436156
2009-03-30 13:35:00,78.7000,78.7000,78.6100,78.6300,548306
2009-03-30 13:34:00,78.8100,78.8100,78.6900,78.6900,379043
2009-03-30 13:33:00,78.8299,78.8400,78.8000,78.8100,295934
2009-03-30 13:32:00,78.7900,78.8300,78.7900,78.8300,152342
2009-03-30 13:31:00,78.8000,78.8100,78.7900,78.7900,115881
2009-03-30 13:30:00,78.7800,78.8800,78.7700,78.8000,514907
2009-03-30 13:29:00,78.8501,78.8700,78.7700,78.7800,558420
2009-03-30 13:28:00,78.8000,78.8600,78.7900,78.8500,509781
2009-03-30 13:27:00,78.8000,78.8700,78.7500,78.8000,821512
2009-03-30 13:26:00,78.6600,78.8200,78.6400,78.8000,530034
2009-03-30 13:25:00,78.5900,78.6800,78.5800,78.6600,386664
2009-03-30 13:24:00,78.6300,78.6300,78.5900,78.5900,389967
2009-03-30 13:23:00,78.6100,78.6400,78.5800,78.6000,335570
2009-03-30 13:22:00,78.6500,78.6600,78.5950,78.6100,432677
2009-03-30 13:21:00,78.6000,78.6600,78.6000,78.6600,139888
2009-03-30 13:20:00,78.5800,78.6100,78.5375,78.6100,489221
2009-03-30 13:19:00,78.6200,78.6200,78.5800,78.5800,358296
2009-03-30 13:18:00,78.6400,78.6450,78.6000,78.6194,136766
2009-03-30 13:17:00,78.6200,78.6700,78.5900,78.6400,724342
2009-03-30 13:16:00,78.6900,78.7000,78.6000,78.6100,300669
2009-03-30 13:15:00,78.6500,78.7000,78.6500,78.6900,153892
2009-03-30 13:14:00,78.6700,78.6900,78.6500,78.6500,259447
2009-03-30 13:13:00,78.6600,78.6900,78.6500,78.6700,217300
2009-03-30 13:12:00,78.6200,78.6600,78.6000,78.6500,245037
2009-03-30 13:11:00,78.5600,78.6200,78.5375,78.6199,251029
2009-03-30 13:10:00,78.5700,78.5900,78.5300,78.5600,341846
2009-03-30 13:09:00,78.5700,78.6100,78.5700,78.5800,289890
2009-03-30 13:08:00,78.6100,78.6300,78.5700,78.5700,417434
2009-03-30 13:07:00,78.6100,78.6300,78.5900,78.6100,231941
2009-03-30 13:06:00,78.6294,78.6400,78.5700,78.6100,533141
2009-03-30 13:05:00,78.6400,78.6600,78.5600,78.6375,611196
2009-03-30 13:04:00,78.7275,78.7300,78.6300,78.6500,632963
2009-03-30 13:03:00,78.7100,78.7400,78.6900,78.7300,334950
2009-03-30 13:02:00,78.6800,78.7300,78.6700,78.7101,225769
2009-03-30 13:01:00,78.6600,78.6800,78.6300,78.6700,266980
2009-03-30 13:00:00,78.6500,78.6800,78.6300,78.6600,396314
2009-03-30 12:59:00,78.6500,78.6600,78.6200,78.6500,267568
2009-03-30 12:58:00,78.7300,78.7300,78.6300,78.6500,621411
2009-03-30 12:57:00,78.8000,78.8100,78.7200,78.7200,253108
2009-03-30 12:56:00,78.7700,78.8000,78.7500,78.8000,425979
2009-03-30 12:55:00,78.8300,78.8400,78.7600,78.7700,190061
2009-03-30 12:54:00,78.7800,78.8300,78.7700,78.8300,366630
2009-03-30 12:53:00,78.8200,78.8200,78.7400,78.7700,388863
2009-03-30 12:52:00,78.8400,78.8800,78.7500,78.8200,516814
2009-03-30 12:51:00,78.8600,78.8800,78.8200,78.8300,329923
2009-03-30 12:50:00,78.8900,78.9200,78.8600,78.8600,213430
2009-03-30 12:49:00,78.8700,78.8900,78.8600,78.8806,210587
2009-03-30 12:48:00,78.8800,78.8894,78.8500,78.8691,106897
2009-03-30 12:47:00,78.8600,78.9000,78.8300,78.8900,320125
2009-03-30 12:46:00,78.8900,78.9400,78.8600,78.8600,274653
2009-03-30 12:45:00,78.8400,78.9700,78.8300,78.9000,753853
2009-03-30 12:44:00,78.8200,78.8800,78.8100,78.8400,246555
2009-03-30 12:43:00,78.8500,78.8700,78.8100,78.8300,454978
2009-03-30 12:42:00,78.8800,78.9200,78.8100,78.8500,529372
2009-03-30 12:41:00,78.9300,78.9500,78.8700,78.8800,285683
2009-03-30 12:40:00,78.9300,78.9600,78.9200,78.9300,201422
2009-03-30 12:39:00,78.9600,78.9900,78.9300,78.9400,276543
2009-03-30 12:38:00,79.0100,79.0100,78.8800,78.9700,966183
2009-03-30 12:37:00,78.9475,79.0100,78.9100,79.0100,543351
2009-03-30 12:36:00,78.9000,78.9600,78.8750,78.9500,252561
2009-03-30 12:35:00,78.9000,78.9000,78.8200,78.8994,398758
2009-03-30 12:34:00,78.9200,78.9200,78.8400,78.9100,506332
2009-03-30 12:33:00,78.9000,78.9600,78.8900,78.9200,349495
2009-03-30 12:32:00,78.8700,78.9100,78.8400,78.9000,247288
2009-03-30 12:31:00,78.9100,78.9100,78.8300,78.8788,436916
2009-03-30 12:30:00,78.9700,78.9700,78.8900,78.9100,321597
2009-03-30 12:29:00,78.9300,78.9900,78.9100,78.9799,412308
2009-03-30 12:28:00,78.9300,78.9600,78.9100,78.9300,298819
2009-03-30 12:27:00,78.9400,78.9700,78.9000,78.9400,502257
2009-03-30 12:26:00,79.0000,79.0200,78.9400,78.9400,381331
2009-03-30 12:25:00,79.0200,79.0400,79.0000,79.0000,411270
2009-03-30 12:24:00,78.9500,79.0300,78.9300,79.0300,653449
2009-03-30 12:23:00,78.9200,78.9800,78.9000,78.9400,675440
2009-03-30 12:22:00,78.9100,78.9400,78.9000,78.9300,235146
2009-03-30 12:21:00,78.8800,78.9300,78.8800,78.9100,462586
2009-03-30 12:20:00,78.9600,78.9600,78.8800,78.8900,586529
2009-03-30 12:19:00,78.8200,78.9600,78.8200,78.9600,610911
2009-03-30 12:18:00,78.7100,78.8500,78.6975,78.8300,721345
2009-03-30 12:17:00,78.6600,78.7194,78.6300,78.7100,483500
2009-03-30 12:16:00,78.6950,78.7100,78.6400,78.6700,428552
2009-03-30 12:15:00,78.6800,78.7400,78.6600,78.7000,259962
2009-03-30 12:14:00,78.6900,78.7100,78.6100,78.6800,729998
2009-03-30 12:13:00,78.7600,78.7600,78.6800,78.7000,645310
2009-03-30 12:12:00,78.7800,78.7900,78.7400,78.7600,370017
2009-03-30 12:11:00,78.7800,78.8000,78.7500,78.7801,357823
2009-03-30 12:10:00,78.7200,78.7800,78.7000,78.7700,295248
2009-03-30 12:09:00,78.7100,78.7300,78.7000,78.7200,146876
2009-03-30 12:08:00,78.7000,78.7600,78.6775,78.7000,388335
2009-03-30 12:07:00,78.7500,78.7600,78.6800,78.7000,606164
2009-03-30 12:06:00,78.7300,78.7700,78.7000,78.7500,305657
2009-03-30 12:05:00,78.7200,78.7500,78.7000,78.7300,294510
2009-03-30 12:04:00,78.7300,78.7600,78.7200,78.7200,266091
2009-03-30 12:03:00,78.7400,78.7600,78.7000,78.7295,440585
2009-03-30 12:02:00,78.7600,78.7600,78.6800,78.7500,406117
2009-03-30 12:01:00,78.8000,78.8200,78.7400,78.7600,342877
2009-03-30 12:00:00,78.7600,78.8000,78.7200,78.8000,364398
2009-03-30 11:59:00,78.7100,78.7900,78.7100,78.7600,502147
2009-03-30 11:58:00,78.6300,78.7500,78.6200,78.7100,416803
2009-03-30 11:57:00,78.6600,78.6600,78.5900,78.6300,413927
2009-03-30 11:56:00,78.5800,78.6700,78.5800,78.6500,237223
2009-03-30 11:55:00,78.6300,78.6600,78.5400,78.5600,626355
2009-03-30 11:54:00,78.5900,78.6800,78.5900,78.6300,287032
2009-03-30 11:53:00,78.6100,78.6800,78.5800,78.6000,458313
2009-03-30 11:52:00,78.7100,78.7200,78.6000,78.6200,454992
2009-03-30 11:51:00,78.7200,78.7500,78.7000,78.7200,254151
2009-03-30 11:50:00,78.7200,78.7600,78.7000,78.7200,355065
2009-03-30 11:49:00,78.7300,78.7400,78.6900,78.7110,235684
2009-03-30 11:48:00,78.6401,78.7300,78.6300,78.7280,322869
2009-03-30 11:47:00,78.6400,78.6500,78.6000,78.6500,218222
2009-03-30 11:46:00,78.6500,78.6600,78.5900,78.6400,615294
2009-03-30 11:45:00,78.6300,78.7100,78.6100,78.6500,592946
2009-03-30 11:44:00,78.7000,78.7300,78.6200,78.6300,515333
2009-03-30 11:43:00,78.7000,78.7500,78.6775,78.7100,408258
2009-03-30 11:42:00,78.6500,78.7000,78.6400,78.7000,420427
2009-03-30 11:41:00,78.5300,78.6600,78.5200,78.6600,399532
2009-03-30 11:40:00,78.5975,78.6100,78.5306,78.5306,282717
2009-03-30 11:39:00,78.6100,78.6100,78.5400,78.6100,695128
2009-03-30 11:38:00,78.5400,78.6400,78.5400,78.6000,502539
2009-03-30 11:37:00,78.5300,78.5500,78.4800,78.5500,638045
2009-03-30 11:36:00,78.5500,78.5799,78.5100,78.5200,338771
2009-03-30 11:35:00,78.5000,78.5500,78.4900,78.5400,370393
2009-03-30 11:34:00,78.4800,78.5400,78.4700,78.5000,795552
2009-03-30 11:33:00,78.4200,78.4800,78.4100,78.4600,718003
2009-03-30 11:32:00,78.5500,78.5600,78.4100,78.4200,1747701
2009-03-30 11:31:00,78.5600,78.5650,78.5200,78.5400,826993
2009-03-30 11:30:00,78.6000,78.6100,78.5000,78.5600,1007257
2009-03-30 11:29:00,78.7100,78.7100,78.6000,78.6000,583509
2009-03-30 11:28:00,78.8000,78.8000,78.6800,78.7100,579488
2009-03-30 11:27:00,78.7600,78.8000,78.7200,78.7800,369736
2009-03-30 11:26:00,78.8500,78.8800,78.7500,78.7600,569366
2009-03-30 11:25:00,78.7879,78.8600,78.7775,78.8500,409748
2009-03-30 11:24:00,78.8400,78.8400,78.7500,78.7894,1126913
2009-03-30 11:23:00,78.9400,78.9500,78.8200,78.8400,491499
2009-03-30 11:22:00,79.0100,79.0100,78.9500,78.9500,610799
2009-03-30 11:21:00,79.0000,79.0800,78.9800,79.0000,915579
2009-03-30 11:20:00,78.9000,79.0600,78.8900,78.9900,1132323
2009-03-30 11:19:00,78.8400,78.9000,78.8400,78.9000,436672
2009-03-30 11:18:00,78.8400,78.8700,78.8100,78.8500,494844
2009-03-30 11:17:00,78.9700,78.9800,78.8400,78.8400,1010027
2009-03-30 11:16:00,78.9400,78.9900,78.9000,78.9700,641184
2009-03-30 11:15:00,78.8900,78.9400,78.8800,78.9300,555741
2009-03-30 11:14:00,78.9500,78.9700,78.8600,78.8900,1191380
2009-03-30 11:13:00,78.9700,78.9800,78.9100,78.9400,943210
2009-03-30 11:12:00,78.7209,78.9700,78.7200,78.9600,1512291
2009-03-30 11:11:00,78.6299,78.7300,78.6299,78.7300,763154
2009-03-30 11:10:00,78.5906,78.6500,78.5900,78.6300,563363
2009-03-30 11:09:00,78.6200,78.6300,78.5600,78.5900,515397
2009-03-30 11:08:00,78.5080,78.6500,78.5000,78.6200,993112
2009-03-30 11:07:00,78.7100,78.7200,78.5000,78.5000,661717
2009-03-30 11:06:00,78.7000,78.7300,78.6900,78.6975,283394
2009-03-30 11:05:00,78.6800,78.7400,78.6700,78.7000,319211
2009-03-30 11:04:00,78.6800,78.6900,78.6600,78.6806,220058
2009-03-30 11:03:00,78.6900,78.7000,78.6500,78.6800,552435
2009-03-30 11:02:00,78.7700,78.7800,78.6600,78.6900,407834
2009-03-30 11:01:00,78.7800,78.8000,78.7300,78.7700,416193
2009-03-30 11:00:00,78.7900,78.8100,78.7500,78.7706,719407
2009-03-30 10:59:00,78.8700,78.8800,78.7900,78.8000,256886
2009-03-30 10:58:00,78.8500,78.8800,78.8200,78.8800,350276
2009-03-30 10:57:00,78.8600,79.0229,78.8000,78.8500,937478
2009-03-30 10:56:00,78.8700,78.8900,78.8490,78.8625,275553
2009-03-30 10:55:00,78.8800,78.8900,78.8400,78.8800,722568
2009-03-30 10:54:00,78.8500,78.8900,78.8100,78.8900,817716
2009-03-30 10:53:00,78.8500,78.8700,78.8000,78.8400,563945
2009-03-30 10:52:00,78.8000,78.8500,78.7800,78.8500,787259
2009-03-30 10:51:00,78.7200,78.8100,78.7000,78.8000,480611
2009-03-30 10:50:00,78.7600,78.7700,78.7100,78.7100,633682
2009-03-30 10:49:00,78.7700,78.7700,78.6700,78.7700,674030
2009-03-30 10:48:00,78.7000,78.8000,78.6900,78.7700,795668
2009-03-30 10:47:00,78.6500,78.7100,78.6201,78.7100,505006
2009-03-30 10:46:00,78.6800,78.6900,78.6000,78.6500,1082765
2009-03-30 10:45:00,78.6900,78.8340,78.6000,78.6800,1201462
2009-03-30 10:44:00,78.7600,78.7600,78.6800,78.6800,373340
2009-03-30 10:43:00,78.7900,78.8000,78.7000,78.7600,966456
2009-03-30 10:42:00,78.7900,78.8200,78.7700,78.8000,485834
2009-03-30 10:41:00,78.7650,78.7800,78.7200,78.7800,393090
2009-03-30 10:40:00,78.7900,78.8100,78.7400,78.7650,747476
2009-03-30 10:39:00,78.7600,78.8000,78.7300,78.7900,1047517
2009-03-30 10:38:00,78.7000,78.7700,78.6800,78.7700,1048396
2009-03-30 10:37:00,78.7800,78.8100,78.6900,78.7000,986625
2009-03-30 10:36:00,78.8000,78.8500,78.7700,78.7800,488516
2009-03-30 10:35:00,78.8100,78.8400,78.7800,78.7900,777422
2009-03-30 10:34:00,78.8500,78.8700,78.8000,78.8100,425899
2009-03-30 10:33:00,78.7800,78.8600,78.7700,78.8400,1156843
2009-03-30 10:32:00,78.8600,78.8700,78.7500,78.8000,1616171
2009-03-30 10:31:00,78.9500,79.0300,78.8500,78.8510,2273939
2009-03-30 10:30:00,79.2000,79.2000,78.8900,78.9500,1869408
2009-03-30 10:29:00,79.1800,79.2700,79.1400,79.2100,665303
2009-03-30 10:28:00,79.2000,79.2200,79.1600,79.1900,747222
2009-03-30 10:27:00,79.2900,79.3100,79.2000,79.2000,617223
2009-03-30 10:26:00,79.2117,79.3000,79.2100,79.2900,641379
2009-03-30 10:25:00,79.1578,79.2200,79.1200,79.2100,577950
2009-03-30 10:24:00,79.1700,79.2200,79.1500,79.1506,494871
2009-03-30 10:23:00,79.1300,79.2050,79.1000,79.1800,704458
2009-03-30 10:22:00,79.0801,79.1600,79.0800,79.1300,1113889
2009-03-30 10:21:00,79.0900,79.1000,79.0400,79.0890,1018149
2009-03-30 10:20:00,79.2000,79.2200,79.0700,79.0900,879111
2009-03-30 10:19:00,79.1878,79.2400,79.1500,79.2000,785451
2009-03-30 10:18:00,79.3100,79.3500,79.1700,79.1800,945059
2009-03-30 10:17:00,79.3400,79.3600,79.2800,79.3001,515230
2009-03-30 10:16:00,79.2800,79.3600,79.2500,79.3300,680896
2009-03-30 10:15:00,79.3600,79.3700,79.2600,79.2800,516957
2009-03-30 10:14:00,79.4100,79.4200,79.3200,79.3700,994229
2009-03-30 10:13:00,79.3500,79.4300,79.3400,79.4000,1000578
2009-03-30 10:12:00,79.3600,79.3900,79.3100,79.3483,700155
2009-03-30 10:11:00,79.4200,79.4200,79.3300,79.3600,804217
2009-03-30 10:10:00,79.3400,79.4400,79.3300,79.4100,1473188
2009-03-30 10:09:00,79.2400,79.3900,79.2300,79.3400,719296
2009-03-30 10:08:00,79.2400,79.3000,79.2300,79.2400,829694
2009-03-30 10:07:00,79.1301,79.2500,79.1300,79.2400,588541
2009-03-30 10:06:00,79.1201,79.2000,79.1100,79.1400,796645
2009-03-30 10:05:00,79.1800,79.1900,79.1200,79.1200,882304
2009-03-30 10:04:00,79.2600,79.2900,79.1700,79.1800,638922
2009-03-30 10:03:00,79.2710,79.3100,79.2300,79.2600,449154
2009-03-30 10:02:00,79.3000,79.3000,79.2100,79.2800,895192
2009-03-30 10:01:00,79.3400,79.4000,79.2600,79.3000,923040
2009-03-30 10:00:00,79.3000,79.3500,79.2300,79.3400,902349
2009-03-30 09:59:00,79.2699,79.3500,79.2600,79.3000,733451
2009-03-30 09:58:00,79.2400,79.3000,79.1900,79.2600,978386
2009-03-30 09:57:00,79.2400,79.2600,79.1800,79.2300,1016607
2009-03-30 09:56:00,79.2900,79.3000,79.2300,79.2306,757076
2009-03-30 09:55:00,79.2900,79.3000,79.2000,79.2900,848600
2009-03-30 09:54:00,79.2100,79.3200,79.2000,79.2900,1362016
2009-03-30 09:53:00,79.1800,79.2500,79.1500,79.2200,1054848
2009-03-30 09:52:00,79.0300,79.2100,79.0300,79.1900,1407060
2009-03-30 09:51:00,79.1000,79.1100,79.0300,79.0400,940894
2009-03-30 09:50:00,79.1600,79.1600,79.0300,79.1000,1586072
2009-03-30 09:49:00,79.2700,79.2900,79.1500,79.1600,1476624
2009-03-30 09:48:00,79.2000,79.2800,79.1900,79.2800,628679
2009-03-30 09:47:00,79.2700,79.2900,79.1994,79.1994,1511375
2009-03-30 09:46:00,79.1900,79.3000,79.1800,79.2700,821206
2009-03-30 09:45:00,79.1700,79.2100,79.1200,79.1900,2249484
2009-03-30 09:44:00,79.2700,79.2900,79.1600,79.1700,1767842
2009-03-30 09:43:00,79.3400,79.3500,79.2400,79.2600,1399630
2009-03-30 09:42:00,79.3300,79.4100,79.3100,79.3300,1201267
2009-03-30 09:41:00,79.3600,79.4500,79.3200,79.3200,1685384
2009-03-30 09:40:00,79.5800,79.5900,79.2700,79.3600,3274481
2009-03-30 09:39:00,79.6300,79.6400,79.5300,79.5794,1386281
2009-03-30 09:38:00,79.4999,79.6400,79.4500,79.6300,1180527
2009-03-30 09:37:00,79.5000,79.5500,79.4300,79.5000,2606580
2009-03-30 09:36:00,79.5600,79.5700,79.4700,79.5000,1257849
2009-03-30 09:35:00,79.5100,79.5894,79.4600,79.5600,1611103
2009-03-30 09:34:00,79.5800,79.6000,79.4606,79.5200,1675528
2009-03-30 09:33:00,79.4900,79.6000,79.4600,79.5700,1740996
2009-03-30 09:32:00,79.5300,79.6800,79.4700,79.4900,1848931
2009-03-30 09:31:00,79.6400,79.8506,79.5000,79.5300,2233867
2009-03-30 09:30:00,79.7900,79.8800,79.6300,79.6400,3551361
2009-03-30 09:29:00,79.7800,79.8100,79.7200,79.7900,299487
2009-03-30 09:28:00,79.7500,79.7900,79.7300,79.7700,165554
2009-03-30 09:27:00,79.7900,79.7900,79.7400,79.7500,163399
2009-03-30 09:26:00,79.7900,79.8100,79.7900,79.7900,52731
2009-03-30 09:25:00,79.8000,79.8100,79.7400,79.7900,65941
2009-03-30 09:24:00,79.8000,79.8400,79.8000,79.8100,35976
2009-03-30 09:23:00,79.7600,79.8300,79.7500,79.7900,34983
2009-03-30 09:22:00,79.7700,79.7700,79.7300,79.7600,54564
2009-03-30 09:21:00,79.8500,79.8600,79.7400,79.7700,323533
2009-03-30 09:20:00,79.8300,79.8500,79.8100,79.8500,9962
2009-03-30 09:19:00,79.8500,79.8500,79.8100,79.8300,34268
2009-03-30 09:18:00,79.8600,79.8900,79.8400,79.8400,60011
2009-03-30 09:17:00,79.9100,79.9100,79.8600,79.8600,11485
2009-03-30 09:16:00,79.8700,79.9100,79.8700,79.9100,29379
2009-03-30 09:15:00,79.8500,79.8700,79.8400,79.8700,26672
2009-03-30 09:14:00,79.8100,79.8700,79.8100,79.8700,41271
2009-03-30 09:13:00,79.8100,79.8200,79.7800,79.8000,123055
2009-03-30 09:12:00,79.8200,79.8300,79.8000,79.8200,36568
2009-03-30 09:11:00,79.8600,79.8600,79.8000,79.8300,78348
2009-03-30 09:10:00,79.9300,79.9300,79.8600,79.8600,101055
2009-03-30 09:09:00,79.9600,79.9600,79.9300,79.9300,20891
2009-03-30 09:08:00,79.9400,79.9600,79.9300,79.9600,19546
2009-03-30 09:07:00,79.9600,79.9600,79.9400,79.9500,10975
2009-03-30 09:06:00,79.9600,79.9700,79.9600,79.9600,5800
2009-03-30 09:05:00,79.9600,79.9700,79.9500,79.9600,33846
2009-03-30 09:04:00,79.9700,79.9700,79.9400,79.9500,35571
2009-03-30 09:03:00,79.9500,79.9800,79.9500,79.9600,19797
2009-03-30 09:02:00,79.9600,79.9900,79.9500,79.9500,49895
2009-03-30 09:01:00,80.0000,80.0100,79.9600,79.9700,83709
2009-03-30 09:00:00,80.0000,80.0400,80.0000,80.0100,57438
2009-03-30 08:59:00,80.0200,80.0300,80.0000,80.0000,27805
2009-03-30 08:58:00,80.0300,80.0500,80.0100,80.0100,45970
2009-03-30 08:57:00,80.0200,80.0600,80.0200,80.0200,49588
2009-03-30 08:56:00,80.0600,80.0600,80.0200,80.0300,26455
2009-03-30 08:55:00,80.1000,80.1000,80.0500,80.0500,38980
2009-03-30 08:54:00,80.1000,80.1000,80.0800,80.1000,49778
2009-03-30 08:53:00,80.1100,80.1100,80.0900,80.1000,55236
2009-03-30 08:52:00,80.0900,80.1200,80.0900,80.1000,38100
2009-03-30 08:51:00,80.1100,80.1200,80.0900,80.1000,16090
2009-03-30 08:50:00,80.0800,80.1100,80.0800,80.1000,69045
2009-03-30 08:49:00,80.2000,80.2000,80.0900,80.0900,68200
2009-03-30 08:48:00,80.1400,80.1900,80.1400,80.1900,28674
2009-03-30 08:47:00,80.1600,80.1600,80.1300,80.1400,14140
2009-03-30 08:46:00,80.1600,80.1600,80.1600,80.1600,2670
2009-03-30 08:45:00,80.1600,80.1600,80.1500,80.1500,4760
2009-03-30 08:44:00,80.1600,80.1600,80.1500,80.1500,26500
2009-03-30 08:43:00,80.1500,80.1600,80.1500,80.1600,1300
2009-03-30 08:42:00,80.1300,80.1600,80.1200,80.1500,18332
2009-03-30 08:41:00,80.1500,80.1600,80.1400,80.1400,20570
2009-03-30 08:40:00,80.1200,80.1600,80.1100,80.1400,32221
2009-03-30 08:39:00,80.1000,80.1100,80.0900,80.1100,30843
2009-03-30 08:38:00,80.1100,80.1100,80.0900,80.1100,16642
2009-03-30 08:37:00,80.1100,80.1300,80.1100,80.1200,13560
2009-03-30 08:36:00,80.1300,80.1300,80.1000,80.1100,10560
2009-03-30 08:35:00,80.1300,80.1300,80.1000,80.1200,11840
2009-03-30 08:34:00,80.1300,80.1400,80.1100,80.1300,17866
2009-03-30 08:33:00,80.1300,80.1300,80.1200,80.1200,7459
2009-03-30 08:32:00,80.1300,80.1500,80.1200,80.1200,62121
2009-03-30 08:31:00,80.1500,80.1600,79.8300,80.1400,29460
2009-03-30 08:30:00,79.3500,80.1700,79.3500,80.1400,28098
2009-03-30 08:29:00,80.1800,80.1900,80.1500,80.1700,29360
2009-03-30 08:28:00,80.1800,80.2000,80.1600,80.1600,109899
2009-03-30 08:27:00,80.2000,80.2300,79.7200,80.2000,626174
2009-03-30 08:26:00,80.2100,80.2100,80.1900,80.2000,18477
2009-03-30 08:25:00,80.2200,80.2500,80.2200,80.2200,27174
2009-03-30 08:24:00,80.2300,80.2400,80.2200,80.2200,13102
2009-03-30 08:23:00,80.2500,80.2500,80.2200,80.2200,40299
2009-03-30 08:22:00,80.2400,80.2600,80.2300,80.2500,119806
2009-03-30 08:21:00,80.2500,80.2700,80.2400,80.2400,8625
2009-03-30 08:20:00,80.2300,81.1000,80.2300,80.2500,20398
2009-03-30 08:19:00,80.2700,80.6500,80.2300,80.2500,26977
2009-03-30 08:18:00,80.2400,80.2700,80.2400,80.2600,30825
2009-03-30 08:17:00,80.2500,81.0570,80.2400,80.2500,222390
2009-03-30 08:16:00,80.2500,80.6400,80.2300,80.2600,46602
2009-03-30 08:15:00,80.2800,80.2900,80.2300,80.2500,36950
2009-03-30 08:14:00,80.2500,80.2700,80.2500,80.2700,11199
2009-03-30 08:13:00,80.2400,81.3817,80.2300,80.2500,304602
2009-03-30 08:12:00,80.2400,80.2700,80.2400,80.2500,12620
2009-03-30 08:11:00,80.2300,80.2500,80.2200,80.2400,23284
2009-03-30 08:10:00,80.1800,80.2200,80.1800,80.2200,14700
2009-03-30 08:09:00,80.1800,80.1800,80.1700,80.1800,3300
2009-03-30 08:08:00,80.1700,80.2100,80.1700,80.1800,7801
2009-03-30 08:07:00,80.1700,80.1800,80.1700,80.1800,2530
2009-03-30 08:06:00,80.1800,80.1800,80.1500,80.1600,5500
2009-03-30 08:05:00,80.1900,80.2000,80.1700,80.1800,9460
2009-03-30 08:04:00,80.1500,80.2100,80.1500,80.1700,25200
2009-03-30 08:03:00,80.1100,80.1600,80.1000,80.1500,18756
2009-03-30 08:02:00,80.0800,80.1200,80.0600,80.1200,54344
2009-03-30 08:01:00,80.0500,80.0900,80.0300,80.0900,25900
2009-03-30 08:00:00,80.0600,80.1300,80.0200,80.0500,563337
2009-03-30 07:59:00,80.0700,80.0800,80.0400,80.0600,35418
2009-03-30 07:58:00,80.1000,80.1000,80.0800,80.0800,42975
2009-03-30 07:57:00,80.1300,80.1300,80.1000,80.1000,6250
2009-03-30 07:56:00,80.1400,80.1500,80.1400,80.1400,2000
2009-03-30 07:55:00,80.1000,80.1300,80.1000,80.1300,1200
2009-03-30 07:54:00,80.1000,80.1100,80.1000,80.1000,27800
2009-03-30 07:53:00,80.0900,80.1100,80.0900,80.1100,29500
2009-03-30 07:52:00,80.0800,80.0900,80.0800,80.0900,16700
2009-03-30 07:51:00,80.0700,80.0800,80.0700,80.0800,5900
2009-03-30 07:50:00,80.1000,80.1000,80.0700,80.0900,36000
2009-03-30 07:49:00,80.1200,80.1300,80.0900,80.1000,6097
2009-03-30 07:48:00,80.1200,80.1200,80.1000,80.1100,8612
2009-03-30 07:47:00,80.1800,80.1800,80.1300,80.1300,9000
2009-03-30 07:46:00,80.2300,80.2300,80.1900,80.1900,5000
2009-03-30 07:45:00,80.2000,80.2500,80.2000,80.2200,14400
2009-03-30 07:44:00,80.1900,80.1900,80.1900,80.1900,548
2009-03-30 07:43:00,80.2000,80.2000,80.1700,80.1900,17978
2009-03-30 07:42:00,80.2200,80.2200,80.2200,80.2200,3600
2009-03-30 07:41:00,80.1900,80.2200,80.1900,80.2200,22392
2009-03-30 07:40:00,80.2000,80.2000,80.1800,80.1900,13670
2009-03-30 07:39:00,80.2400,80.2400,80.2000,80.2000,9487
2009-03-30 07:38:00,80.2100,80.2500,80.2100,80.2500,21500
2009-03-30 07:37:00,80.1900,80.2100,80.1900,80.2100,9800
2009-03-30 07:36:00,80.2100,80.2200,80.1700,80.2200,34209
2009-03-30 07:35:00,80.2000,80.2000,80.1700,80.2000,5473
2009-03-30 07:34:00,80.1800,80.2000,80.1800,80.2000,5900
2009-03-30 07:33:00,80.2000,80.2000,80.2000,80.2000,450
2009-03-30 07:32:00,80.2000,80.2300,80.2000,80.2300,450
2009-03-30 07:31:00,80.1900,80.1900,80.1700,80.1800,10200
2009-03-30 07:30:00,80.2000,80.2200,80.1700,80.1700,36000
2009-03-30 07:29:00,80.2200,80.2200,80.1700,80.1700,6000
2009-03-30 07:28:00,80.2000,80.2200,80.1900,80.2200,3155
2009-03-30 07:27:00,80.2200,80.2300,80.2000,80.2000,4465
2009-03-30 07:26:00,80.2100,80.2200,80.2100,80.2200,2100
2009-03-30 07:25:00,80.2000,80.2100,80.1800,80.1800,3227
2009-03-30 07:24:00,80.1900,80.2100,80.1900,80.2100,2000
2009-03-30 07:23:00,80.2300,80.2300,80.1800,80.1800,23900
2009-03-30 07:22:00,80.2400,80.2400,80.2400,80.2400,1300
2009-03-30 07:21:00,80.2500,80.2500,80.2200,80.2400,29050
2009-03-30 07:20:00,80.2300,80.2500,80.2300,80.2500,17800
2009-03-30 07:19:00,80.2500,80.2500,80.2400,80.2400,6800
2009-03-30 07:18:00,80.2500,80.2700,80.2000,80.2600,4400
2009-03-30 07:17:00,80.2500,80.2900,80.2500,80.2800,5900
2009-03-30 07:16:00,80.3200,80.3200,80.2500,80.2500,29700
2009-03-30 07:15:00,80.2800,80.3400,80.2800,80.3200,8500
2009-03-30 07:14:00,80.3400,80.3400,80.2600,80.2600,7200
2009-03-30 07:13:00,80.3200,80.3300,80.2900,80.2900,2500
2009-03-30 07:12:00,80.3200,80.3200,80.2600,80.2600,33100
2009-03-30 07:11:00,80.3000,80.3200,80.3000,80.3200,10500
2009-03-30 07:10:00,80.3300,80.3300,80.2800,80.3300,47500
2009-03-30 07:09:00,80.3000,80.3300,80.2600,80.2900,52300
2009-03-30 07:08:00,80.2800,80.3000,80.2800,80.3000,100000
2009-03-30 07:07:00,80.2400,80.2400,80.2300,80.2300,2700
2009-03-30 07:06:00,80.2200,80.2200,80.2200,80.2200,3800
2009-03-30 07:05:00,80.2300,80.2300,80.1900,80.2300,63105
2009-03-30 07:04:00,80.2000,80.2300,80.2000,80.2100,13500
2009-03-30 07:03:00,80.1900,80.2600,80.1700,80.2300,26300
2009-03-30 07:02:00,80.2000,80.2600,80.1700,80.2600,54300
2009-03-30 07:01:00,80.1900,80.2000,80.1000,80.2000,31091
2009-03-30 07:00:00,80.1900,80.2100,80.0900,80.1200,69984
2009-03-30 06:59:00,80.1300,80.1900,80.1300,80.1900,19000
2009-03-30 06:58:00,80.1900,80.2200,80.1300,80.1300,27800
2009-03-30 06:56:00,80.2000,80.2100,80.2000,80.2100,26200
2009-03-30 06:55:00,80.1500,80.1500,80.1200,80.1200,26100
2009-03-30 06:54:00,80.1500,80.1500,80.1500,80.1500,6200
2009-03-30 06:53:00,80.1800,80.1800,80.1800,80.1800,120
2009-03-30 06:51:00,80.1500,80.1500,80.1500,80.1500,11000
2009-03-30 06:50:00,80.1500,80.1700,80.1500,80.1500,5400
2009-03-30 06:49:00,80.1500,80.1500,80.1500,80.1500,2000
2009-03-30 06:48:00,80.2200,80.2200,80.2200,80.2200,100
2009-03-30 06:45:00,80.1500,80.1500,80.1500,80.1500,100
2009-03-30 06:44:00,80.1700,80.1700,80.1700,80.1700,100
2009-03-30 06:43:00,80.2000,80.2000,80.1800,80.1800,2950
2009-03-30 06:42:00,80.1800,80.1800,80.1800,80.1800,150
2009-03-30 06:39:00,80.1500,80.1500,80.1500,80.1500,100
2009-03-30 06:36:00,80.1500,80.1500,80.1500,80.1500,1500
2009-03-30 06:35:00,80.0900,80.1000,80.0600,80.1000,5700
2009-03-30 06:33:00,80.0300,80.0600,80.0300,80.0600,10000
2009-03-30 06:31:00,80.0000,80.0000,80.0000,80.0000,500
2009-03-30 06:29:00,80.0000,80.0000,80.0000,80.0000,5100
2009-03-30 06:28:00,80.0000,80.0200,80.0000,80.0200,5400
2009-03-30 06:21:00,80.0100,80.0100,80.0100,80.0100,690
2009-03-30 06:10:00,79.9600,79.9600,79.9600,79.9600,801
2009-03-30 06:09:00,80.0400,80.0400,79.9800,79.9800,500
2009-03-30 06:07:00,80.1100,80.1100,80.1100,80.1100,600
2009-03-30 06:06:00,80.1000,80.1100,80.1000,80.1100,1200
2009-03-30 06:00:00,80.1300,80.1300,80.1300,80.1300,800
2009-03-30 05:53:00,79.9800,80.0000,79.9800,80.0000,1980
2009-03-30 05:44:00,79.8900,79.8900,79.8800,79.8800,10000
2009-03-30 05:43:00,79.9200,79.9200,79.9000,79.9000,20100
2009-03-30 05:42:00,79.9300,79.9300,79.9300,79.9300,500
2009-03-30 05:41:00,79.9500,79.9500,79.9300,79.9300,11400
2009-03-30 05:40:00,79.9500,79.9500,79.9500,79.9500,500
2009-03-30 05:28:00,80.0000,80.0000,80.0000,80.0000,200
2009-03-30 05:22:00,80.0400,80.0400,80.0400,80.0400,500
2009-03-30 05:19:00,80.0000,80.0000,80.0000,80.0000,2200
2009-03-30 05:18:00,80.0000,80.0000,80.0000,80.0000,11000
2009-03-30 05:17:00,79.9300,80.0000,79.9300,80.0000,1800
2009-03-30 05:05:00,79.8400,79.8400,79.8400,79.8400,100
2009-03-30 05:01:00,79.9000,79.9500,79.9000,79.9500,30000
2009-03-30 04:52:00,79.8000,79.8000,79.8000,79.8000,100
2009-03-30 04:46:00,79.8500,79.8500,79.8500,79.8500,200
2009-03-30 04:40:00,79.9500,79.9500,79.8900,79.8900,1500
2009-03-30 04:39:00,79.9600,79.9600,79.9600,79.9600,1000
2009-03-30 04:32:00,80.0500,80.0500,80.0500,80.0500,400
2009-03-30 04:29:00,79.9300,79.9300,79.9300,79.9300,100
2009-03-30 04:23:00,79.8100,79.8100,79.8100,79.8100,100
2009-03-30 04:21:00,79.6800,79.6800,79.6800,79.6800,100
2009-03-30 04:19:00,79.8000,79.8000,79.8000,79.8000,100
2009-03-30 04:18:00,79.8500,79.8500,79.8500,79.8500,200
2009-03-30 04:16:00,79.7600,79.7600,79.7600,79.7600,140
2009-03-30 04:15:00,79.6900,80.3500,79.6900,79.8500,8044
2009-03-30 04:10:00,79.6000,79.6000,79.6000,79.6000,200
2009-03-27 19:59:00,82.0600,82.0600,82.0200,82.0200,1000
2009-03-27 19:58:00,82.0400,82.0400,82.0200,82.0400,1529
2009-03-27 19:57:00,82.0200,82.0200,82.0200,82.0200,300
2009-03-27 19:56:00,82.0000,82.0000,82.0000,82.0000,425
2009-03-27 19:55:00,82.0000,82.0000,82.0000,82.0000,2910
2009-03-27 19:53:00,82.0200,82.0200,82.0000,82.0000,1672
2009-03-27 19:52:00,82.0200,82.0200,82.0200,82.0200,1000
2009-03-27 19:50:00,82.0500,82.0500,82.0300,82.0300,573
2009-03-27 19:49:00,82.0400,82.0400,82.0400,82.0400,975
2009-03-27 19:43:00,82.0000,82.0000,81.9900,81.9900,4600
2009-03-27 19:41:00,82.0200,82.0200,82.0000,82.0000,1442
2009-03-27 19:40:00,82.0100,82.0100,82.0100,82.0100,257
2009-03-27 19:38:00,82.0100,82.0100,82.0100,82.0100,910
2009-03-27 19:37:00,82.0100,82.0100,82.0100,82.0100,682
2009-03-27 19:36:00,82.0100,82.0100,82.0100,82.0100,300
2009-03-27 19:35:00,82.0200,82.0200,82.0200,82.0200,100
2009-03-27 19:34:00,82.0100,82.0200,82.0100,82.0200,800
2009-03-27 19:33:00,82.0200,82.0200,82.0200,82.0200,200
2009-03-27 19:32:00,82.0200,82.0200,82.0200,82.0200,900
2009-03-27 19:31:00,82.0200,82.0300,82.0200,82.0300,2500
2009-03-27 19:28:00,82.0400,82.0400,82.0400,82.0400,300
2009-03-27 19:27:00,82.0400,82.0400,82.0400,82.0400,137
2009-03-27 19:25:00,82.0200,82.0200,82.0200,82.0200,700
2009-03-27 19:21:00,82.0300,82.0300,82.0300,82.0300,1727
2009-03-27 19:17:00,82.0400,82.0400,82.0400,82.0400,900
2009-03-27 19:16:00,82.0300,82.0300,82.0300,82.0300,200
2009-03-27 19:15:00,82.0500,82.0500,82.0300,82.0300,500
2009-03-27 19:14:00,82.0800,82.0800,82.0500,82.0500,330
2009-03-27 19:11:00,82.0500,82.0600,82.0500,82.0600,300
2009-03-27 19:09:00,82.0500,82.0500,82.0500,82.0500,200
2009-03-27 19:08:00,82.0500,82.0500,82.0500,82.0500,190
2009-03-27 19:07:00,82.0500,82.0500,82.0400,82.0400,450
2009-03-27 19:05:00,82.0400,82.0400,82.0300,82.0300,795
2009-03-27 19:04:00,82.0600,82.0600,82.0600,82.0600,200
2009-03-27 19:03:00,82.0500,82.0800,82.0500,82.0700,500
2009-03-27 19:01:00,82.0400,82.0400,82.0400,82.0400,200
2009-03-27 19:00:00,82.0500,82.0600,82.0300,82.0300,886
2009-03-27 18:59:00,82.0400,82.0400,82.0400,82.0400,929
2009-03-27 18:58:00,82.0300,82.0400,82.0300,82.0400,810
2009-03-27 18:55:00,82.0400,82.0400,82.0300,82.0300,1700
2009-03-27 18:49:00,82.0700,82.0700,82.0400,82.0400,420
2009-03-27 18:48:00,82.0700,82.0700,82.0700,82.0700,1000
2009-03-27 18:46:00,82.0400,82.0400,82.0400,82.0400,800
2009-03-27 18:45:00,82.0900,82.0900,82.0900,82.0900,893
2009-03-27 18:43:00,82.0400,82.0400,82.0400,82.0400,603
2009-03-27 18:42:00,82.0600,82.0600,82.0500,82.0500,397
2009-03-27 18:40:00,82.0500,82.0500,82.0400,82.0400,900
2009-03-27 18:39:00,82.0600,82.0600,82.0600,82.0600,700
2009-03-27 18:37:00,82.0500,82.0500,82.0400,82.0400,700
2009-03-27 18:36:00,82.0600,82.0600,82.0600,82.0600,580
2009-03-27 18:32:00,82.1100,82.1100,82.1100,82.1100,2500
2009-03-27 18:30:00,82.0500,82.0500,82.0500,82.0500,1800
2009-03-27 18:29:00,82.0500,82.0600,82.0500,82.0600,1373
2009-03-27 18:26:00,82.0500,82.0500,82.0500,82.0500,500
2009-03-27 18:22:00,82.0500,82.0500,82.0500,82.0500,3430
2009-03-27 18:21:00,82.0900,82.0900,82.0900,82.0900,5000
2009-03-27 18:19:00,82.1000,82.1000,82.1000,82.1000,5000
2009-03-27 18:18:00,82.0700,82.0700,82.0700,82.0700,8554
2009-03-27 18:17:00,82.0700,82.0700,82.0700,82.0700,9446
2009-03-27 18:16:00,82.0800,82.0800,82.0500,82.0600,4700
2009-03-27 18:15:00,82.0600,82.0600,82.0600,82.0600,200
2009-03-27 18:11:00,82.0900,82.0900,82.0900,82.0900,698
2009-03-27 18:10:00,82.0900,82.0900,82.0400,82.0400,2345
2009-03-27 18:09:00,82.0800,82.0800,82.0800,82.0800,100
2009-03-27 18:08:00,82.0900,82.1000,82.0700,82.0700,2704
2009-03-27 18:05:00,82.0500,82.0500,82.0500,82.0500,100
2009-03-27 18:04:00,82.0600,82.0900,82.0500,82.0500,1727
2009-03-27 18:03:00,82.0600,82.0600,82.0600,82.0600,400
2009-03-27 18:01:00,82.0600,82.0600,82.0500,82.0500,700
2009-03-27 18:00:00,82.0800,82.0800,82.0500,82.0500,1648
2009-03-27 17:59:00,82.0700,82.0700,82.0700,82.0700,300
2009-03-27 17:58:00,82.0400,82.0900,82.0400,82.0900,3486
2009-03-27 17:57:00,82.0400,82.0400,82.0300,82.0400,1300
2009-03-27 17:56:00,82.0500,82.0500,82.0500,82.0500,400
2009-03-27 17:54:00,82.0400,82.0600,82.0400,82.0600,200
2009-03-27 17:53:00,82.0700,82.0700,82.0700,82.0700,465
2009-03-27 17:51:00,82.0200,82.0700,82.0200,82.0700,500
2009-03-27 17:49:00,82.0300,82.0300,82.0300,82.0300,127
2009-03-27 17:48:00,82.0400,82.0500,82.0400,82.0500,335
2009-03-27 17:47:00,82.0400,82.0400,82.0200,82.0200,3365
2009-03-27 17:46:00,82.0500,82.0500,82.0300,82.0400,3600
2009-03-27 17:45:00,82.0600,82.0600,82.0600,82.0600,1000
2009-03-27 17:43:00,82.0600,82.0700,82.0500,82.0700,3300
2009-03-27 17:42:00,83.2806,83.2806,83.2806,83.2806,2499200
2009-03-27 17:41:00,82.1100,82.1100,82.0800,82.0800,1200
2009-03-27 17:40:00,82.0800,82.0800,82.0600,82.0700,2600
2009-03-27 17:39:00,82.0900,82.1000,82.0800,82.0800,1300
2009-03-27 17:38:00,82.1000,82.1000,82.0800,82.0900,1966
2009-03-27 17:37:00,82.1100,82.1100,82.0900,82.0900,3039
2009-03-27 17:36:00,82.1100,82.1100,82.1100,82.1100,1500
2009-03-27 17:35:00,82.1200,82.1200,82.1100,82.1100,420
2009-03-27 17:34:00,82.1200,82.1300,82.1200,82.1200,1296
2009-03-27 17:33:00,82.1100,82.1200,82.1000,82.1000,6704
2009-03-27 17:32:00,82.1000,82.1100,82.1000,82.1000,8700
2009-03-27 17:31:00,82.1200,82.1200,82.1000,82.1200,1254
2009-03-27 17:30:00,82.1200,82.1400,82.1200,82.1300,3120
2009-03-27 17:29:00,82.1400,82.1400,82.1200,82.1200,2200
2009-03-27 17:28:00,82.1400,82.1600,82.1400,82.1600,1417
2009-03-27 17:27:00,82.1300,82.1300,82.1200,82.1200,573
2009-03-27 17:26:00,82.1500,82.1600,82.1100,82.1100,600
2009-03-27 17:25:00,82.1500,82.1500,82.1500,82.1500,522
2009-03-27 17:23:00,82.1300,82.1600,82.1200,82.1500,1766
2009-03-27 17:22:00,82.1700,82.1700,82.1700,82.1700,5000
2009-03-27 17:19:00,82.1800,82.1900,82.1700,82.1900,6240
2009-03-27 17:18:00,82.1500,82.1800,82.1500,82.1800,10265
2009-03-27 17:17:00,82.1500,82.1900,82.1500,82.1500,9286
2009-03-27 17:16:00,82.1500,83.2806,82.1500,82.1500,2007000
2009-03-27 17:15:00,82.1500,82.1500,82.1500,82.1500,400
2009-03-27 17:14:00,82.1700,83.2806,82.1100,83.2806,403418
2009-03-27 17:13:00,82.1400,82.1500,82.1400,82.1500,2635
2009-03-27 17:12:00,82.1300,82.1500,82.1300,82.1300,8404
2009-03-27 17:11:00,82.0700,82.1300,82.0700,82.0700,3904
2009-03-27 17:10:00,82.1200,82.1400,82.1200,82.1400,396
2009-03-27 17:09:00,82.0600,82.1500,82.0100,82.1500,46950
2009-03-27 17:08:00,82.1400,82.1400,82.0600,82.0600,40700
2009-03-27 17:07:00,82.1600,82.2000,82.1400,82.1400,12997
2009-03-27 17:06:00,82.1500,82.1500,82.1400,82.1500,10710
2009-03-27 17:05:00,82.1400,82.1500,82.1400,82.1400,1600
2009-03-27 17:04:00,82.1500,82.1500,82.1500,82.1500,1200
2009-03-27 17:03:00,82.1200,82.1200,82.1200,82.1200,1000
2009-03-27 17:02:00,82.1400,82.1500,82.1400,82.1400,1337
2009-03-27 17:01:00,82.1200,82.1400,82.0500,82.1200,17545
2009-03-27 17:00:00,82.1300,82.1300,82.1000,82.1000,6260
2009-03-27 16:59:00,83.2806,83.2806,82.1100,82.1200,1006381
2009-03-27 16:58:00,82.1500,82.1700,82.1300,82.1300,17300
2009-03-27 16:57:00,82.1500,82.1600,82.1300,82.1500,7030
2009-03-27 16:56:00,82.1600,82.1600,82.1300,82.1300,1300
2009-03-27 16:55:00,82.1100,82.1600,82.1100,82.1500,16100
2009-03-27 16:54:00,82.1000,82.1400,82.1000,82.1400,850
2009-03-27 16:53:00,82.1300,82.1300,82.0800,82.1000,3400
2009-03-27 16:52:00,82.0800,82.1100,82.0800,82.1100,300
2009-03-27 16:50:00,82.0800,82.0800,82.0800,82.0800,1000
2009-03-27 16:49:00,82.1400,82.1400,82.0700,82.0700,4300
2009-03-27 16:48:00,82.1400,82.1500,82.0700,82.1400,25400
2009-03-27 16:47:00,82.1400,82.1500,82.1300,82.1400,18200
2009-03-27 16:46:00,82.0700,82.1500,82.0100,82.1400,30156
2009-03-27 16:45:00,82.0400,82.1000,82.0400,82.1000,11700
2009-03-27 16:44:00,82.0600,82.0600,82.0300,82.0300,4100
2009-03-27 16:43:00,82.0700,82.0700,82.0700,82.0700,3567
2009-03-27 16:42:00,82.0700,82.0900,82.0700,82.0700,10674
2009-03-27 16:41:00,82.0500,83.2806,82.0500,82.0600,502470
2009-03-27 16:40:00,82.0400,82.0500,82.0000,82.0400,7967
2009-03-27 16:39:00,82.0300,82.0400,82.0300,82.0400,350
2009-03-27 16:38:00,82.0500,82.0500,82.0300,82.0300,1350
2009-03-27 16:37:00,82.0400,82.0400,82.0400,82.0400,100
2009-03-27 16:36:00,82.0500,82.0500,82.0500,82.0500,2527
2009-03-27 16:35:00,82.0500,82.0500,82.0300,82.0400,1500
2009-03-27 16:34:00,82.0300,82.0400,81.9900,82.0400,1680
2009-03-27 16:33:00,82.0300,82.0600,82.0100,82.0300,5250
2009-03-27 16:32:00,82.0300,83.2806,82.0300,82.0500,510484
2009-03-27 16:31:00,82.0300,82.0400,81.9900,82.0300,15600
2009-03-27 16:30:00,82.0500,82.0600,81.9900,82.0300,24280
2009-03-27 16:29:00,82.0400,82.0500,82.0100,82.0500,13925
2009-03-27 16:28:00,82.0400,82.0500,81.9700,82.0400,22600
2009-03-27 16:27:00,81.9600,82.0400,81.9500,82.0400,25920
2009-03-27 16:26:00,82.0300,82.0600,81.9500,82.0500,76596
2009-03-27 16:25:00,81.9500,82.0400,81.9400,82.0000,34831
2009-03-27 16:24:00,81.9400,81.9800,81.9400,81.9800,27527
2009-03-27 16:23:00,81.9500,81.9700,81.9200,81.9200,26887
2009-03-27 16:22:00,81.9300,81.9400,81.9200,81.9400,10576
2009-03-27 16:21:00,81.9200,81.9500,81.9200,81.9500,14468
2009-03-27 16:20:00,81.9100,81.9200,81.9100,81.9200,6669
2009-03-27 16:19:00,81.9100,81.9400,81.9100,81.9100,15907
2009-03-27 16:18:00,81.8900,81.9200,81.8500,81.9100,82784
2009-03-27 16:17:00,81.8900,81.9000,81.8700,81.8800,3255
2009-03-27 16:16:00,81.8700,81.9000,81.8500,81.8800,24076
2009-03-27 16:15:00,81.9500,81.9900,81.5903,81.8800,517440
2009-03-27 16:14:00,81.9800,82.0800,81.9100,81.9500,338200
2009-03-27 16:13:00,81.9300,83.1100,81.9300,81.9800,205477
2009-03-27 16:12:00,81.9300,81.9600,81.9000,81.9300,476006
2009-03-27 16:11:00,81.9000,81.9300,81.8500,81.9300,547621
2009-03-27 16:10:00,81.9200,81.9300,81.8100,81.9000,568113
2009-03-27 16:09:00,81.8700,81.9500,81.8500,81.9200,103041
2009-03-27 16:08:00,81.8900,81.9300,81.5795,81.8600,499024
2009-03-27 16:07:00,81.8600,81.9000,81.5972,81.8900,207759
2009-03-27 16:06:00,81.8500,81.8800,81.6272,81.6272,239190
2009-03-27 16:05:00,81.8300,81.8500,81.7900,81.8500,481357
2009-03-27 16:04:00,81.7800,81.8500,81.7700,81.8200,192755
2009-03-27 16:03:00,81.8400,81.8800,81.7347,81.7700,1089968
2009-03-27 16:02:00,81.7700,81.8600,81.5800,81.8500,498534
2009-03-27 16:01:00,81.8100,81.8100,81.7000,81.7700,806658
2009-03-27 16:00:00,81.6100,81.8900,81.5900,81.8100,2650723
2009-03-27 15:59:00,81.4900,81.6700,81.4800,81.6200,3549692
2009-03-27 15:58:00,81.4000,81.5000,81.3900,81.4900,2079180
2009-03-27 15:57:00,81.3700,81.4300,81.3500,81.4000,1322668
2009-03-27 15:56:00,81.4600,81.5400,81.3600,81.3700,2506849
2009-03-27 15:55:00,81.6700,81.6800,81.4500,81.4600,2236746
2009-03-27 15:54:00,81.7600,81.7700,81.6400,81.6700,1376401
2009-03-27 15:53:00,81.8300,81.8400,81.7400,81.7600,1790176
2009-03-27 15:52:00,81.8400,81.8799,81.8100,81.8300,515475
2009-03-27 15:51:00,81.9500,81.9600,81.8400,81.8400,623473
2009-03-27 15:50:00,81.8400,81.9900,81.8000,81.9500,1617468
2009-03-27 15:49:00,81.8401,81.8700,81.8100,81.8400,640497
2009-03-27 15:48:00,81.8800,81.9500,81.8000,81.8401,880337
2009-03-27 15:47:00,81.8800,81.9500,81.8200,81.8900,730803
2009-03-27 15:46:00,81.8900,81.9400,81.8100,81.8800,1086767
2009-03-27 15:45:00,81.7300,81.8900,81.6900,81.8500,923172
2009-03-27 15:44:00,81.6800,81.8800,81.6700,81.7190,1303114
2009-03-27 15:43:00,81.6800,81.8000,81.6300,81.6800,857396
2009-03-27 15:42:00,81.7100,81.7400,81.5600,81.6700,875286
2009-03-27 15:41:00,81.6400,81.8100,81.6000,81.7200,1425949
2009-03-27 15:40:00,81.5500,81.6600,81.3900,81.6100,3043471
2009-03-27 15:39:00,81.6600,81.7000,81.5350,81.5500,1176264
2009-03-27 15:38:00,81.5800,81.7000,81.5800,81.6700,736664
2009-03-27 15:37:00,81.6400,81.7100,81.5600,81.5816,714199
2009-03-27 15:36:00,81.6600,81.6800,81.5100,81.6400,1745719
2009-03-27 15:35:00,81.7700,81.7900,81.6000,81.6500,1536185
2009-03-27 15:34:00,81.8400,81.8900,81.7700,81.7700,608101
2009-03-27 15:33:00,81.9200,81.9500,81.8100,81.8400,597128
2009-03-27 15:32:00,81.9400,81.9900,81.8200,81.9300,1095217
2009-03-27 15:31:00,81.8300,82.0000,81.8002,81.9400,1037294
2009-03-27 15:30:00,81.8000,81.9000,81.7500,81.8390,581695
2009-03-27 15:29:00,81.7900,81.9200,81.7900,81.8000,642354
2009-03-27 15:28:00,81.8000,81.8100,81.7400,81.7900,697545
2009-03-27 15:27:00,81.7800,81.8200,81.7300,81.7900,603465
2009-03-27 15:26:00,81.9575,81.9800,81.7300,81.7800,900615
2009-03-27 15:25:00,82.0000,82.0600,81.9400,81.9700,880816
2009-03-27 15:24:00,81.9600,82.0600,81.9600,82.0000,421421
2009-03-27 15:23:00,82.0700,82.0700,81.9600,81.9600,442112
2009-03-27 15:22:00,82.0200,82.1500,82.0200,82.0706,1061577
2009-03-27 15:21:00,82.0500,82.0700,81.9850,82.0200,948626
2009-03-27 15:20:00,82.0900,82.1100,81.9400,82.0500,1175719
2009-03-27 15:19:00,82.1000,82.1100,82.0300,82.1000,778679
2009-03-27 15:18:00,82.0400,82.1300,82.0400,82.1000,525155
2009-03-27 15:17:00,82.0700,82.0900,82.0400,82.0400,486123
2009-03-27 15:16:00,81.9200,82.0700,81.9100,82.0700,533610
2009-03-27 15:15:00,81.9700,81.9800,81.9100,81.9200,503411
2009-03-27 15:14:00,82.0400,82.1000,81.8800,81.9600,930015
2009-03-27 15:13:00,82.1800,82.1900,82.0300,82.0800,554388
2009-03-27 15:12:00,82.1200,82.2100,82.0800,82.1900,682030
2009-03-27 15:11:00,82.1300,82.1500,82.1000,82.1200,478841
2009-03-27 15:10:00,82.0700,82.1600,82.0400,82.1300,589225
2009-03-27 15:09:00,82.0310,82.0900,82.0300,82.0800,216568
2009-03-27 15:08:00,82.0400,82.0900,82.0200,82.0400,549982
2009-03-27 15:07:00,82.1000,82.1200,82.0300,82.0300,1037924
2009-03-27 15:06:00,82.1000,82.2000,82.1000,82.1000,533031
2009-03-27 15:05:00,82.1200,82.1300,82.0800,82.1100,551826
2009-03-27 15:04:00,82.1900,82.2100,82.1000,82.1200,949955
2009-03-27 15:03:00,82.2300,82.2400,82.1600,82.1900,790320
2009-03-27 15:02:00,82.2700,82.3700,82.1800,82.2300,3308863
2009-03-27 15:01:00,82.1800,82.2900,82.1300,82.2700,1846117
2009-03-27 15:00:00,81.9900,82.2500,81.9800,82.1900,2143911
2009-03-27 14:59:00,81.9300,82.0000,81.9300,81.9900,860908
2009-03-27 14:58:00,81.8600,82.0000,81.7900,81.9300,1009433
2009-03-27 14:57:00,81.8700,81.9100,81.8400,81.8600,1215193
2009-03-27 14:56:00,81.7100,81.8900,81.6800,81.8800,1388237
2009-03-27 14:55:00,81.6900,81.7500,81.6000,81.7093,910559
2009-03-27 14:54:00,81.6400,81.7200,81.6100,81.6809,473036
2009-03-27 14:53:00,81.6500,81.7200,81.5900,81.6200,628151
2009-03-27 14:52:00,81.5700,81.6500,81.5100,81.6500,596609
2009-03-27 14:51:00,81.6400,81.6600,81.5600,81.5700,444403
2009-03-27 14:50:00,81.6500,81.7000,81.5700,81.6300,781138
2009-03-27 14:49:00,81.6100,81.7500,81.5900,81.6600,935477
2009-03-27 14:48:00,81.5500,81.6100,81.4800,81.6000,904182
2009-03-27 14:47:00,81.6009,81.6800,81.5500,81.5594,834128
2009-03-27 14:46:00,81.6200,81.6300,81.5900,81.6000,185347
2009-03-27 14:45:00,81.6700,81.6800,81.5600,81.6200,767212
2009-03-27 14:44:00,81.6900,81.6900,81.6200,81.6800,447668
2009-03-27 14:43:00,81.8200,81.8200,81.6700,81.6800,401794
2009-03-27 14:42:00,81.8400,81.8700,81.8100,81.8194,369526
2009-03-27 14:41:00,81.7300,81.9000,81.7300,81.8400,826832
2009-03-27 14:40:00,81.6900,81.7500,81.6600,81.7300,221092
2009-03-27 14:39:00,81.6900,81.7300,81.6500,81.6800,417337
2009-03-27 14:38:00,81.7200,81.8000,81.6600,81.6900,595050
2009-03-27 14:37:00,81.8300,81.8500,81.7100,81.7100,530913
2009-03-27 14:36:00,81.8000,81.8700,81.7900,81.8300,261442
2009-03-27 14:35:00,81.7400,81.8400,81.7100,81.8100,659244
2009-03-27 14:34:00,81.7100,81.7700,81.6900,81.7400,357266
2009-03-27 14:33:00,81.7000,81.7300,81.6000,81.7000,770751
2009-03-27 14:32:00,81.6700,81.7500,81.6700,81.7000,388854
2009-03-27 14:31:00,81.8100,81.8200,81.6600,81.6700,1195597
2009-03-27 14:30:00,81.8400,81.9300,81.8100,81.8100,515578
2009-03-27 14:29:00,81.9001,81.9400,81.8300,81.8400,313236
2009-03-27 14:28:00,81.9800,82.0200,81.8900,81.9100,459472
2009-03-27 14:27:00,81.8800,82.0000,81.8800,81.9800,293563
2009-03-27 14:26:00,81.9300,81.9700,81.8700,81.8700,329202
2009-03-27 14:25:00,81.9600,81.9800,81.9000,81.9000,683661
2009-03-27 14:24:00,81.9700,81.9900,81.8800,81.9600,924520
2009-03-27 14:23:00,81.9600,82.0300,81.9500,81.9700,753977
2009-03-27 14:22:00,81.8900,82.0500,81.8700,81.9606,1182320
2009-03-27 14:21:00,81.7400,81.9300,81.6900,81.8900,985538
2009-03-27 14:20:00,81.7500,81.7700,81.7000,81.7200,1043891
2009-03-27 14:19:00,81.6900,81.8000,81.6900,81.7500,398311
2009-03-27 14:18:00,81.6800,81.7400,81.6000,81.6900,757555
2009-03-27 14:17:00,81.6200,81.7400,81.6100,81.6800,600398
2009-03-27 14:16:00,81.6700,81.6800,81.5700,81.6200,591912
2009-03-27 14:15:00,81.7100,81.7200,81.6400,81.6800,765143
2009-03-27 14:14:00,81.6800,81.7300,81.6800,81.7094,182738
2009-03-27 14:13:00,81.6600,81.7100,81.6100,81.6900,271594
2009-03-27 14:12:00,81.7400,81.7400,81.5900,81.6000,725882
2009-03-27 14:11:00,81.7100,81.7800,81.6900,81.7500,713864
2009-03-27 14:10:00,81.6000,81.7200,81.5000,81.7200,704999
2009-03-27 14:09:00,81.5200,81.6600,81.5200,81.6000,696278
2009-03-27 14:08:00,81.5600,81.5900,81.5000,81.5300,713983
2009-03-27 14:07:00,81.5500,81.5800,81.5200,81.5600,372520
2009-03-27 14:06:00,81.6000,81.6800,81.5500,81.5500,644706
2009-03-27 14:05:00,81.5400,81.6700,81.5300,81.5900,1382735
2009-03-27 14:04:00,81.4100,81.5700,81.4000,81.5500,707595
2009-03-27 14:03:00,81.4600,81.4700,81.4000,81.4000,551600
2009-03-27 14:02:00,81.3475,81.4700,81.3300,81.4700,701986
2009-03-27 14:01:00,81.5300,81.5700,81.3200,81.3400,1210294
2009-03-27 14:00:00,81.5100,81.6000,81.4875,81.5300,739472
2009-03-27 13:59:00,81.4700,81.5100,81.4500,81.5100,303141
2009-03-27 13:58:00,81.4800,81.5000,81.3800,81.4600,852679
2009-03-27 13:57:00,81.4900,81.5200,81.4400,81.4900,574166
2009-03-27 13:56:00,81.4300,81.5200,81.4100,81.4900,797654
2009-03-27 13:55:00,81.3500,81.4500,81.3100,81.4201,757933
2009-03-27 13:54:00,81.4400,81.4500,81.3400,81.3400,962144
2009-03-27 13:53:00,81.4600,81.4800,81.3600,81.4300,673501
2009-03-27 13:52:00,81.4900,81.5100,81.4200,81.4600,689294
2009-03-27 13:51:00,81.4800,81.5200,81.4500,81.4900,651000
2009-03-27 13:50:00,81.6400,81.6400,81.4200,81.4850,1053429
2009-03-27 13:49:00,81.6500,81.7000,81.5900,81.6300,916799
2009-03-27 13:48:00,81.5700,81.7000,81.5600,81.6775,939923
2009-03-27 13:47:00,81.5000,81.5800,81.4800,81.5800,684961
2009-03-27 13:46:00,81.4600,81.5300,81.4200,81.5000,595302
2009-03-27 13:45:00,81.5817,81.5900,81.4400,81.4500,1516549
2009-03-27 13:44:00,81.5100,81.6000,81.4700,81.5800,1363455
2009-03-27 13:43:00,81.4400,81.5200,81.4200,81.4900,1254174
2009-03-27 13:42:00,81.5700,81.6600,81.4100,81.4400,1904915
2009-03-27 13:41:00,81.9100,81.9200,81.5700,81.5700,1484758
2009-03-27 13:40:00,81.8600,81.9100,81.8200,81.9100,923747
2009-03-27 13:39:00,81.8700,81.9200,81.8100,81.8600,605755
2009-03-27 13:38:00,81.8600,81.8900,81.8400,81.8700,435974
2009-03-27 13:37:00,81.9100,81.9199,81.8200,81.8550,1301612
2009-03-27 13:36:00,81.9600,82.0300,81.9100,81.9200,659111
2009-03-27 13:35:00,82.0999,82.0999,81.9400,81.9700,701539
2009-03-27 13:34:00,82.1200,82.2300,82.0700,82.0900,1881918
2009-03-27 13:33:00,82.0399,82.1700,82.0300,82.1200,883062
2009-03-27 13:32:00,81.9400,82.1100,81.9200,82.0300,1273590
2009-03-27 13:31:00,81.8200,81.9400,81.7600,81.9300,662299
2009-03-27 13:30:00,81.8800,81.9000,81.8100,81.8200,209987
2009-03-27 13:29:00,81.9000,81.9300,81.8600,81.8800,308343
2009-03-27 13:28:00,81.8700,81.9000,81.8500,81.8875,89065
2009-03-27 13:27:00,81.8700,81.8850,81.8400,81.8600,216906
2009-03-27 13:26:00,81.9300,81.9300,81.8000,81.8700,398580
2009-03-27 13:25:00,81.8600,81.9300,81.8100,81.9300,992678
2009-03-27 13:24:00,81.8300,81.9000,81.8100,81.8600,486945
2009-03-27 13:23:00,81.8500,81.8800,81.8200,81.8300,473139
2009-03-27 13:22:00,81.7900,81.8700,81.7800,81.8500,207645
2009-03-27 13:21:00,81.7600,81.8000,81.7500,81.7900,166729
2009-03-27 13:20:00,81.7700,81.8100,81.7600,81.7600,231032
2009-03-27 13:19:00,81.8500,81.8500,81.7600,81.7700,382179
2009-03-27 13:18:00,81.8200,81.8800,81.8110,81.8401,410612
2009-03-27 13:17:00,81.8200,81.8400,81.7600,81.8105,349791
2009-03-27 13:16:00,81.7500,81.8200,81.7300,81.8200,368042
2009-03-27 13:15:00,81.7500,81.7900,81.7100,81.7400,240567
2009-03-27 13:14:00,81.6801,81.7601,81.6800,81.7500,565093
2009-03-27 13:13:00,81.6600,81.6900,81.6300,81.6800,558066
2009-03-27 13:12:00,81.7000,81.7100,81.6300,81.6600,498385
2009-03-27 13:11:00,81.7300,81.7800,81.7000,81.7100,847667
2009-03-27 13:10:00,81.7800,81.8200,81.7300,81.7300,471976
2009-03-27 13:09:00,81.8000,81.8100,81.7700,81.7822,162750
2009-03-27 13:08:00,81.7500,81.8200,81.7400,81.8000,668178
2009-03-27 13:07:00,81.7800,81.8400,81.7500,81.7500,239786
2009-03-27 13:06:00,81.7400,81.8500,81.7300,81.7800,1233712
2009-03-27 13:05:00,81.8275,81.8300,81.7400,81.7400,379643
2009-03-27 13:04:00,81.9000,81.9100,81.7900,81.8300,503512
2009-03-27 13:03:00,81.8600,81.9200,81.8400,81.9099,273901
2009-03-27 13:02:00,81.8400,81.8700,81.8300,81.8600,122722
2009-03-27 13:01:00,81.8200,81.8600,81.8000,81.8300,478889
2009-03-27 13:00:00,81.8500,81.8700,81.8100,81.8100,229904
2009-03-27 12:59:00,81.8100,81.8800,81.8000,81.8600,308595
2009-03-27 12:58:00,81.8700,81.8900,81.8000,81.8000,720456
2009-03-27 12:57:00,81.8500,81.9200,81.8300,81.8800,520191
2009-03-27 12:56:00,81.8901,81.9000,81.8000,81.8390,1255690
2009-03-27 12:55:00,81.9800,82.0000,81.8800,81.8900,1936423
2009-03-27 12:54:00,82.0500,82.0900,81.9700,81.9700,576847
2009-03-27 12:53:00,82.0901,82.1200,82.0100,82.0450,1264780
2009-03-27 12:52:00,82.0700,82.1100,82.0675,82.0980,200267
2009-03-27 12:51:00,82.1400,82.1700,82.0500,82.0700,857335
2009-03-27 12:50:00,82.1500,82.2200,82.1400,82.1400,591128
2009-03-27 12:49:00,82.1500,82.1600,82.1200,82.1400,161118
2009-03-27 12:48:00,82.2200,82.2300,82.1400,82.1500,879453
2009-03-27 12:47:00,82.2801,82.2900,82.2300,82.2300,247853
2009-03-27 12:46:00,82.1300,82.2900,82.1300,82.2800,773098
2009-03-27 12:45:00,82.1300,82.1450,82.1200,82.1301,72061
2009-03-27 12:44:00,82.0700,82.1700,82.0700,82.1300,190635
2009-03-27 12:43:00,82.0600,82.1000,82.0600,82.0700,135468
2009-03-27 12:42:00,82.1100,82.1100,82.0500,82.0600,354267
2009-03-27 12:41:00,82.0500,82.1200,82.0400,82.1000,499896
2009-03-27 12:40:00,82.0000,82.0900,81.9900,82.0400,320224
2009-03-27 12:39:00,82.1000,82.1100,81.9700,82.0000,908939
2009-03-27 12:38:00,82.0600,82.1500,82.0500,82.0900,390993
2009-03-27 12:37:00,82.0501,82.0900,82.0500,82.0500,177363
2009-03-27 12:36:00,82.1350,82.1400,82.0400,82.0500,367062
2009-03-27 12:35:00,82.1212,82.1550,82.1100,82.1300,129208
2009-03-27 12:34:00,82.1301,82.1400,82.1000,82.1300,149581
2009-03-27 12:33:00,82.1375,82.1610,82.1300,82.1394,279565
2009-03-27 12:32:00,82.1100,82.1300,82.1000,82.1300,233553
2009-03-27 12:31:00,82.1000,82.1300,82.0800,82.1100,354294
2009-03-27 12:30:00,82.0300,82.1100,82.0200,82.1100,355661
2009-03-27 12:29:00,82.0600,82.0800,82.0300,82.0400,173240
2009-03-27 12:28:00,82.0500,82.0800,82.0400,82.0500,172325
2009-03-27 12:27:00,82.0800,82.1100,82.0301,82.0600,346474
2009-03-27 12:26:00,82.0700,82.0900,82.0500,82.0800,405123
2009-03-27 12:25:00,82.0400,82.0800,82.0300,82.0700,587660
2009-03-27 12:24:00,82.0700,82.0800,82.0200,82.0400,437560
2009-03-27 12:23:00,82.0800,82.1100,82.0700,82.0800,255431
2009-03-27 12:22:00,82.1000,82.1200,82.0200,82.0800,1993838
2009-03-27 12:21:00,82.1800,82.1900,82.0700,82.1100,1258475
2009-03-27 12:20:00,82.1700,82.1900,82.1300,82.1800,213186
2009-03-27 12:19:00,82.1500,82.2200,82.1500,82.1701,466370
2009-03-27 12:18:00,82.1200,82.1900,82.1200,82.1500,482532
2009-03-27 12:17:00,82.2000,82.2300,82.1100,82.1200,788973
2009-03-27 12:16:00,82.2400,82.3000,82.1900,82.2000,2684382
2009-03-27 12:15:00,82.3250,82.3700,82.2300,82.2400,544604
2009-03-27 12:14:00,82.3200,82.3600,82.3199,82.3200,284776
2009-03-27 12:13:00,82.3100,82.3500,82.3100,82.3300,255108
2009-03-27 12:12:00,82.3500,82.3900,82.2800,82.3100,1226915
2009-03-27 12:11:00,82.3600,82.3700,82.2500,82.3400,1614997
2009-03-27 12:10:00,82.4700,82.4900,82.3300,82.3600,790955
2009-03-27 12:09:00,82.3890,82.5300,82.3700,82.4700,903774
2009-03-27 12:08:00,82.3400,82.4000,82.3100,82.3700,538091
2009-03-27 12:07:00,82.4000,82.4100,82.3300,82.3400,957608
2009-03-27 12:06:00,82.4705,82.4800,82.4000,82.4100,364826
2009-03-27 12:05:00,82.4200,82.4900,82.4200,82.4800,783763
2009-03-27 12:04:00,82.4200,82.4600,82.4000,82.4300,376477
2009-03-27 12:03:00,82.3600,82.4900,82.3600,82.4200,670604
2009-03-27 12:02:00,82.3300,82.3600,82.3101,82.3503,193866
2009-03-27 12:01:00,82.2400,82.3300,82.2200,82.3200,306097
2009-03-27 12:00:00,82.2500,82.2900,82.2100,82.2400,835308
2009-03-27 11:59:00,82.2800,82.3200,82.2400,82.2690,347029
2009-03-27 11:58:00,82.3200,82.3200,82.2400,82.2800,368856
2009-03-27 11:57:00,82.2400,82.3200,82.2200,82.3200,461196
2009-03-27 11:56:00,82.2483,82.2700,82.2200,82.2400,460920
2009-03-27 11:55:00,82.3600,82.3700,82.2200,82.2400,781880
2009-03-27 11:54:00,82.3400,82.4400,82.3300,82.3600,908396
2009-03-27 11:53:00,82.3600,82.3700,82.3200,82.3300,224447
2009-03-27 11:52:00,82.4000,82.4001,82.3200,82.3600,555786
2009-03-27 11:51:00,82.4400,82.4500,82.3700,82.4000,296655
2009-03-27 11:50:00,82.3600,82.4500,82.3500,82.4400,638359
2009-03-27 11:49:00,82.4600,82.4600,82.3400,82.3500,620264
2009-03-27 11:48:00,82.4000,82.4700,82.3900,82.4700,467129
2009-03-27 11:47:00,82.4700,82.4900,82.3800,82.4091,423343
2009-03-27 11:46:00,82.4600,82.4800,82.4100,82.4700,569982
2009-03-27 11:45:00,82.2900,82.4800,82.2900,82.4600,986801
2009-03-27 11:44:00,82.2600,82.3300,82.2400,82.2901,500302
2009-03-27 11:43:00,82.2900,82.3000,82.2200,82.2500,341453
2009-03-27 11:42:00,82.2400,82.3300,82.2400,82.2801,599353
2009-03-27 11:41:00,82.1600,82.2700,82.1600,82.2400,527290
2009-03-27 11:40:00,82.1600,82.2000,82.1200,82.1600,582257
2009-03-27 11:39:00,82.2800,82.2801,82.1600,82.1700,355859
2009-03-27 11:38:00,82.2300,82.2900,82.2100,82.2800,303809
2009-03-27 11:37:00,82.2900,82.2900,82.2200,82.2200,275354
2009-03-27 11:36:00,82.3000,82.3300,82.2700,82.2800,375310
2009-03-27 11:35:00,82.1900,82.3100,82.1900,82.3000,945918
2009-03-27 11:34:00,82.1698,82.2000,82.1400,82.2000,438306
2009-03-27 11:33:00,82.1500,82.1900,82.1400,82.1698,322043
2009-03-27 11:32:00,82.1400,82.1700,82.1100,82.1500,433280
2009-03-27 11:31:00,82.2700,82.2800,82.1000,82.1200,1274147
2009-03-27 11:30:00,82.2300,82.2700,82.2200,82.2700,597042
2009-03-27 11:29:00,82.2250,82.2500,82.1900,82.2300,411374
2009-03-27 11:28:00,82.2700,82.2800,82.2000,82.2300,778539
2009-03-27 11:27:00,82.3000,82.3300,82.2400,82.2700,486287
2009-03-27 11:26:00,82.4200,82.5000,82.3000,82.3100,977686
2009-03-27 11:25:00,82.3600,82.4200,82.3400,82.4200,467269
2009-03-27 11:24:00,82.3200,82.4000,82.3000,82.3599,349691
2009-03-27 11:23:00,82.3100,82.3600,82.2800,82.3100,538632
2009-03-27 11:22:00,82.3801,82.4000,82.3000,82.3100,534501
2009-03-27 11:21:00,82.3700,82.4000,82.3300,82.3900,593068
2009-03-27 11:20:00,82.2600,82.4100,82.2200,82.3750,933996
2009-03-27 11:19:00,82.3301,82.3400,82.2500,82.2500,266118
2009-03-27 11:18:00,82.3300,82.3700,82.2901,82.3300,505178
2009-03-27 11:17:00,82.3100,82.3500,82.2600,82.3300,366477
2009-03-27 11:16:00,82.3300,82.3700,82.3000,82.3100,393787
2009-03-27 11:15:00,82.3800,82.4200,82.2700,82.3300,790870
2009-03-27 11:14:00,82.3400,82.4100,82.3300,82.3800,1484634
2009-03-27 11:13:00,82.2500,82.3400,82.2300,82.3400,854801
2009-03-27 11:12:00,82.0900,82.2600,82.0900,82.2500,646601
2009-03-27 11:11:00,82.0900,82.1000,82.0500,82.0800,614958
2009-03-27 11:10:00,82.1800,82.2300,82.0500,82.0900,962220
2009-03-27 11:09:00,82.1800,82.2000,82.1200,82.1900,415688
2009-03-27 11:08:00,82.2001,82.2200,82.1500,82.1800,377922
2009-03-27 11:07:00,82.2500,82.3000,82.1900,82.2100,547736
2009-03-27 11:06:00,82.2600,82.3400,82.2300,82.2500,842170
2009-03-27 11:05:00,82.0900,82.2500,82.0900,82.2500,1116366
2009-03-27 11:04:00,82.0300,82.1100,82.0205,82.0800,899208
2009-03-27 11:03:00,81.9900,82.0300,81.9600,82.0300,568192
2009-03-27 11:02:00,82.0300,82.0800,81.9800,81.9900,573366
2009-03-27 11:01:00,82.0300,82.0900,81.9900,82.0300,429517
2009-03-27 11:00:00,82.1300,82.1500,82.0200,82.0400,667764
2009-03-27 10:59:00,82.1100,82.1400,82.0800,82.1300,430599
2009-03-27 10:58:00,82.2100,82.2400,82.0800,82.1101,516316
2009-03-27 10:57:00,82.1800,82.2500,82.1700,82.2100,568862
2009-03-27 10:56:00,82.2100,82.2600,82.1900,82.1900,572127
2009-03-27 10:55:00,82.1700,82.2400,82.1500,82.2000,641486
2009-03-27 10:54:00,82.1800,82.3100,82.1600,82.1600,1575437
2009-03-27 10:53:00,82.1100,82.1900,82.0600,82.1800,594649
2009-03-27 10:52:00,82.0900,82.1700,82.0700,82.1100,783784
2009-03-27 10:51:00,82.0100,82.0900,81.9800,82.0900,383173
2009-03-27 10:50:00,81.9500,82.0500,81.9500,82.0000,647412
2009-03-27 10:49:00,82.1400,82.1500,81.9500,81.9600,979188
2009-03-27 10:48:00,82.1500,82.2500,82.1400,82.1400,709282
2009-03-27 10:47:00,82.1300,82.1500,82.0700,82.1500,348762
2009-03-27 10:46:00,82.0300,82.1500,82.0100,82.1300,542707
2009-03-27 10:45:00,82.0200,82.0700,82.0000,82.0494,257566
2009-03-27 10:44:00,82.0100,82.0600,82.0000,82.0100,732214
2009-03-27 10:43:00,82.1000,82.1000,82.0199,82.0200,306159
2009-03-27 10:42:00,82.1300,82.1400,82.0600,82.0900,393071
2009-03-27 10:41:00,82.1300,82.2000,82.1300,82.1300,514106
2009-03-27 10:40:00,82.1000,82.1600,82.0700,82.1200,366271
2009-03-27 10:39:00,82.0700,82.1395,82.0600,82.1000,304622
2009-03-27 10:38:00,82.1100,82.1800,82.0600,82.0800,628785
2009-03-27 10:37:00,82.1100,82.1900,82.0600,82.1100,951914
2009-03-27 10:36:00,82.0900,82.1600,82.0700,82.1100,486215
2009-03-27 10:35:00,81.9700,82.1300,81.9700,82.0950,1476441
2009-03-27 10:34:00,81.7900,81.9800,81.7600,81.9600,1159853
2009-03-27 10:33:00,81.7600,81.8100,81.7600,81.8000,191272
2009-03-27 10:32:00,81.8000,81.8500,81.7400,81.7600,542849
2009-03-27 10:31:00,81.8100,81.8100,81.7200,81.8000,727093
2009-03-27 10:30:00,81.9600,81.9700,81.8000,81.8000,560068
2009-03-27 10:29:00,81.8700,81.9900,81.8500,81.9500,483068
2009-03-27 10:28:00,81.9300,81.9300,81.8700,81.8700,203224
2009-03-27 10:27:00,81.8300,81.9500,81.8100,81.9200,1000081
2009-03-27 10:26:00,81.9100,81.9200,81.8200,81.8200,319556
2009-03-27 10:25:00,81.9700,81.9700,81.8900,81.9200,528772
2009-03-27 10:24:00,81.9100,81.9800,81.8700,81.9500,457654
2009-03-27 10:23:00,81.9100,81.9400,81.8450,81.9100,864275
2009-03-27 10:22:00,81.7900,81.9700,81.7800,81.9200,1092093
2009-03-27 10:21:00,81.6800,81.8300,81.6300,81.7900,737758
2009-03-27 10:20:00,81.6300,81.7200,81.6100,81.6800,478340
2009-03-27 10:19:00,81.6800,81.6801,81.5800,81.6300,489621
2009-03-27 10:18:00,81.7100,81.7100,81.6500,81.6890,332658
2009-03-27 10:17:00,81.7400,81.7500,81.6800,81.7100,315811
2009-03-27 10:16:00,81.7100,81.7400,81.6500,81.7386,506590
2009-03-27 10:15:00,81.7600,81.7800,81.7000,81.7100,967208
2009-03-27 10:14:00,81.6600,81.8400,81.6500,81.7600,967215
2009-03-27 10:13:00,81.6400,81.7200,81.6325,81.6600,513521
2009-03-27 10:12:00,81.6200,81.6800,81.6200,81.6306,251616
2009-03-27 10:11:00,81.6299,81.6700,81.5300,81.6200,909372
2009-03-27 10:10:00,81.5501,81.6400,81.5300,81.6200,904810
2009-03-27 10:09:00,81.5600,81.6700,81.5000,81.5600,1094116
2009-03-27 10:08:00,81.8000,81.8400,81.5400,81.5600,1327282
2009-03-27 10:07:00,81.8600,81.8800,81.7500,81.8000,1008628
2009-03-27 10:06:00,81.8100,81.9400,81.8000,81.8700,874718
2009-03-27 10:05:00,81.8300,81.8400,81.7200,81.8100,816972
2009-03-27 10:04:00,81.7600,81.8500,81.7300,81.8300,1263699
2009-03-27 10:03:00,81.8500,81.9200,81.7300,81.7600,843707
2009-03-27 10:02:00,81.9700,81.9700,81.7900,81.8400,1100875
2009-03-27 10:01:00,82.0700,82.0700,81.9600,81.9650,921284
2009-03-27 10:00:00,81.9900,82.1000,81.9300,82.0600,749168
2009-03-27 09:59:00,82.0375,82.0400,81.8700,81.9800,1449693
2009-03-27 09:58:00,82.1600,82.1700,81.9900,82.0200,772475
2009-03-27 09:57:00,82.1101,82.1900,82.0900,82.1600,679070
2009-03-27 09:56:00,82.1300,82.1400,82.0500,82.1100,800452
2009-03-27 09:55:00,82.1100,82.2500,82.0700,82.1300,1995144
2009-03-27 09:54:00,82.0501,82.1500,82.0100,82.1190,1066969
2009-03-27 09:53:00,81.9800,82.0700,81.9200,82.0600,766719
2009-03-27 09:52:00,81.9900,82.0400,81.9500,81.9800,690216
2009-03-27 09:51:00,81.8900,82.0000,81.8575,82.0000,686760
2009-03-27 09:50:00,81.9700,81.9775,81.8400,81.8900,1033397
2009-03-27 09:49:00,81.9500,82.0100,81.9300,81.9600,680243
2009-03-27 09:48:00,82.0000,82.0000,81.8700,81.9600,515452
2009-03-27 09:47:00,81.9900,82.0900,81.9700,82.0000,1002583
2009-03-27 09:46:00,81.9500,82.0000,81.9400,81.9900,676364
2009-03-27 09:45:00,81.9300,81.9500,81.8100,81.9500,633538
2009-03-27 09:44:00,81.9100,81.9700,81.8600,81.9299,698274
2009-03-27 09:43:00,81.9200,82.0000,81.9000,81.9100,662213
2009-03-27 09:42:00,81.8890,82.0000,81.8800,81.9200,1025192
2009-03-27 09:41:00,81.8600,81.9000,81.7800,81.8800,821958
2009-03-27 09:40:00,81.8600,81.9900,81.8500,81.8700,645094
2009-03-27 09:39:00,81.8600,81.9300,81.7600,81.8500,1102366
2009-03-27 09:38:00,81.7900,81.9200,81.7800,81.8600,1198961
2009-03-27 09:37:00,81.8000,81.8200,81.7000,81.7800,1634081
2009-03-27 09:36:00,81.9700,81.9800,81.7200,81.8100,1060091
2009-03-27 09:35:00,82.1100,82.1500,81.9400,81.9800,1850292
2009-03-27 09:34:00,81.9800,82.1200,81.9600,82.1100,1186065
2009-03-27 09:33:00,81.9600,82.0500,81.9500,81.9799,941998
2009-03-27 09:32:00,81.8500,81.9900,81.8400,81.9500,1310390
2009-03-27 09:31:00,81.9300,82.0400,81.8400,81.8500,1116285
2009-03-27 09:30:00,82.0400,82.1000,81.9000,81.9300,1242616
2009-03-27 09:29:00,82.0200,82.0400,81.9800,82.0400,359674
2009-03-27 09:28:00,82.0300,82.0500,82.0200,82.0200,74824
2009-03-27 09:27:00,82.0200,82.0500,81.9900,82.0300,72847
2009-03-27 09:26:00,82.0600,82.0600,82.0100,82.0200,83547
2009-03-27 09:25:00,82.0400,82.0700,82.0400,82.0600,16900
2009-03-27 09:24:00,82.0600,82.0600,82.0200,82.0300,37896
2009-03-27 09:23:00,82.0500,82.0800,82.0500,82.0700,18105
2009-03-27 09:22:00,82.0700,82.0900,82.0600,82.0600,37566
2009-03-27 09:21:00,82.0200,82.0800,82.0200,82.0800,29795
2009-03-27 09:20:00,82.0300,82.0400,82.0000,82.0100,175232
2009-03-27 09:19:00,82.0300,82.0400,81.9900,82.0300,80847
2009-03-27 09:18:00,81.9700,82.0300,81.9300,82.0200,233553
2009-03-27 09:17:00,81.9200,81.9800,81.9000,81.9700,102650
2009-03-27 09:16:00,81.8900,81.9100,81.8500,81.9100,51444
2009-03-27 09:15:00,81.9400,81.9600,81.8800,81.8800,67040
2009-03-27 09:14:00,81.9600,81.9700,81.9200,81.9500,25327
2009-03-27 09:13:00,81.9200,81.9600,81.9000,81.9600,62042
2009-03-27 09:12:00,82.0000,82.0000,81.9100,81.9100,230074
2009-03-27 09:11:00,82.0100,82.0800,82.0000,82.0000,153506
2009-03-27 09:10:00,82.0100,82.0100,81.9800,81.9900,22459
2009-03-27 09:09:00,82.0600,82.0600,82.0000,82.0000,80450
2009-03-27 09:08:00,82.0000,82.1000,81.9900,82.0500,117330
2009-03-27 09:07:00,82.0400,82.0600,82.0000,82.0000,152158
2009-03-27 09:06:00,82.1000,82.1300,82.0300,82.0300,74067
2009-03-27 09:05:00,82.1800,82.1900,82.0900,82.0900,42174
2009-03-27 09:04:00,82.1600,82.1700,82.1300,82.1700,88239
2009-03-27 09:03:00,82.0800,82.1700,82.0700,82.1600,43070
2009-03-27 09:02:00,82.1900,82.2100,82.0700,82.0800,320472
2009-03-27 09:01:00,82.2000,82.2500,82.1800,82.1800,27695
2009-03-27 09:00:00,82.2000,82.2300,82.1700,82.2000,63209
2009-03-27 08:59:00,82.2400,82.2400,82.1800,82.1900,79397
2009-03-27 08:58:00,82.2800,82.3025,82.2400,82.2400,40622
2009-03-27 08:57:00,82.3100,82.3100,82.2600,82.2600,99072
2009-03-27 08:56:00,82.2700,82.3400,82.2450,82.3100,56116
2009-03-27 08:55:00,82.2400,82.2700,82.2300,82.2600,63891
2009-03-27 08:54:00,82.2500,82.2500,82.2300,82.2400,13774
2009-03-27 08:53:00,82.2800,82.2800,82.2400,82.2500,13807
2009-03-27 08:52:00,82.3200,82.3200,82.2800,82.2800,42696
2009-03-27 08:51:00,82.3200,82.3300,82.3100,82.3300,3400
2009-03-27 08:50:00,82.3300,82.3300,82.3100,82.3100,5102
2009-03-27 08:49:00,82.3200,82.3300,82.3100,82.3300,11648
2009-03-27 08:48:00,82.3700,82.3700,82.3300,82.3300,13998
2009-03-27 08:47:00,82.3600,82.3800,82.3500,82.3800,13509
2009-03-27 08:46:00,82.4000,82.4100,82.3600,82.3600,25835
2009-03-27 08:45:00,82.3700,82.4200,82.3700,82.4000,62818
2009-03-27 08:44:00,82.3600,82.3700,82.3600,82.3600,19148
2009-03-27 08:43:00,82.3700,82.3800,82.3500,82.3500,33544
2009-03-27 08:42:00,82.3100,82.3700,82.3100,82.3700,45226
2009-03-27 08:41:00,82.2800,82.3100,82.2800,82.3100,2792
2009-03-27 08:40:00,82.2800,82.2800,82.2500,82.2800,22541
2009-03-27 08:39:00,82.2500,82.2800,82.2200,82.2800,31903
2009-03-27 08:38:00,82.2700,82.2800,82.2500,82.2500,5029
2009-03-27 08:37:00,82.3200,82.3200,82.2500,82.2700,23485
2009-03-27 08:36:00,82.2700,82.3200,82.2400,82.3200,67015
2009-03-27 08:35:00,82.2700,82.2900,82.2400,82.2700,44775
2009-03-27 08:34:00,82.2400,82.2700,82.1900,82.2700,51932
2009-03-27 08:33:00,82.2100,82.2900,82.2100,82.2400,32043
2009-03-27 08:32:00,82.1600,82.2100,82.1600,82.2100,31079
2009-03-27 08:31:00,82.1200,82.2000,82.1000,82.1600,40253
2009-03-27 08:30:00,82.1200,82.1500,82.0100,82.1200,86717
2009-03-27 08:29:00,82.0900,82.1200,82.0800,82.1200,61788
2009-03-27 08:28:00,82.1000,82.1200,82.1000,82.1200,6534
2009-03-27 08:27:00,82.1300,82.1300,82.0900,82.1000,19967
2009-03-27 08:26:00,82.1200,82.1200,82.1000,82.1200,7586
2009-03-27 08:25:00,82.1500,82.1600,82.1200,82.1200,5774
2009-03-27 08:24:00,82.1600,82.1600,82.1600,82.1600,1700
2009-03-27 08:23:00,82.1600,82.1700,82.1600,82.1700,104100
2009-03-27 08:22:00,82.1600,82.1700,82.1500,82.1600,19284
2009-03-27 08:21:00,82.1900,82.1900,82.1500,82.1500,36940
2009-03-27 08:20:00,82.1900,82.2000,82.1700,82.1900,12991
2009-03-27 08:19:00,82.2100,82.2100,82.1800,82.1900,108188
2009-03-27 08:18:00,82.2200,82.2200,82.2000,82.2200,41250
2009-03-27 08:17:00,82.2100,82.2200,82.1800,82.2200,26053
2009-03-27 08:16:00,82.1600,82.2100,82.1500,82.2000,23460
2009-03-27 08:15:00,82.1600,82.1900,82.1400,82.1400,10886
2009-03-27 08:14:00,82.1700,82.1800,82.1100,82.1600,1035565
2009-03-27 08:13:00,82.1500,82.1700,82.1400,82.1700,25415
2009-03-27 08:12:00,82.0800,82.1500,82.0700,82.1500,91653
2009-03-27 08:11:00,82.0700,82.0900,82.0700,82.0800,3496
2009-03-27 08:10:00,82.1400,82.1400,82.0400,82.0700,104857
2009-03-27 08:09:00,82.1700,82.1900,82.1100,82.1200,33936
2009-03-27 08:08:00,82.1300,82.1700,82.1300,82.1700,39676
2009-03-27 08:07:00,82.1100,82.1400,82.0900,82.1300,32291
2009-03-27 08:06:00,82.0400,82.1000,82.0200,82.1000,29518
2009-03-27 08:05:00,82.0900,82.1100,82.0400,82.0400,41640
2009-03-27 08:04:00,82.0400,82.1000,82.0400,82.1000,22578
2009-03-27 08:03:00,82.0000,82.0400,81.9900,82.0300,162572
2009-03-27 08:02:00,82.1600,82.1900,81.9600,82.0100,334958
2009-03-27 08:01:00,82.1900,82.1900,82.1100,82.1600,34171
2009-03-27 08:00:00,82.2300,82.2300,82.1900,82.1900,563378
2009-03-27 07:59:00,82.2800,82.2800,82.2200,82.2200,105622
2009-03-27 07:58:00,82.3300,82.3400,82.2600,82.2900,119995
2009-03-27 07:57:00,82.4000,82.4000,82.2800,82.3200,27400
2009-03-27 07:56:00,82.3900,82.4100,82.3600,82.4000,57200
2009-03-27 07:55:00,82.4800,82.4800,82.3700,82.3700,10030
2009-03-27 07:54:00,82.4900,82.5300,82.4800,82.4800,2024
2009-03-27 07:53:00,82.5400,82.5400,82.4800,82.4800,11383
2009-03-27 07:52:00,82.5300,82.5900,82.5300,82.5700,22600
2009-03-27 07:51:00,82.5300,82.5400,82.5300,82.5400,2120
2009-03-27 07:50:00,82.5300,82.5600,82.5300,82.5300,3969
2009-03-27 07:49:00,82.5400,82.5400,82.5300,82.5400,4800
2009-03-27 07:48:00,82.5800,82.5800,82.5300,82.5300,2750
2009-03-27 07:47:00,82.5200,82.5800,82.4900,82.5400,11893
2009-03-27 07:46:00,82.5700,82.5700,82.5100,82.5200,5224
2009-03-27 07:45:00,82.6200,82.6200,82.5700,82.5700,3969
2009-03-27 07:44:00,82.6300,82.6400,82.6300,82.6400,2900
2009-03-27 07:43:00,82.6300,82.6400,82.6000,82.6400,12255
2009-03-27 07:42:00,82.6000,82.6200,82.6000,82.6000,75450
2009-03-27 07:41:00,82.6400,82.6400,82.6100,82.6100,2700
2009-03-27 07:40:00,82.6400,82.6400,82.6400,82.6400,11500
2009-03-27 07:39:00,82.6500,82.6500,82.6400,82.6400,18000
2009-03-27 07:38:00,82.6600,82.6700,82.6500,82.6600,7900
2009-03-27 07:37:00,82.6300,82.6400,82.6100,82.6400,7200
2009-03-27 07:36:00,82.6100,82.6100,82.6100,82.6100,200
2009-03-27 07:35:00,82.5800,82.6100,82.5800,82.6000,4100
2009-03-27 07:34:00,82.5600,82.6100,82.5500,82.5700,6466
2009-03-27 07:33:00,82.5700,82.5700,82.5600,82.5600,2369
2009-03-27 07:32:00,82.6000,82.6000,82.5900,82.5900,24869
2009-03-27 07:31:00,82.5900,82.5900,82.5900,82.5900,469
2009-03-27 07:30:00,82.6000,82.6000,82.6000,82.6000,500
2009-03-27 07:29:00,82.6100,82.6100,82.5500,82.5500,2000
2009-03-27 07:28:00,82.6100,82.6100,82.6000,82.6000,10300
2009-03-27 07:27:00,82.5600,82.5600,82.5600,82.5600,1500
2009-03-27 07:26:00,82.5800,82.5800,82.5800,82.5800,200
2009-03-27 07:24:00,82.5800,82.6000,82.5800,82.6000,4238
2009-03-27 07:23:00,82.5700,82.5700,82.5700,82.5700,3500
2009-03-27 07:22:00,82.5100,82.5400,82.5100,82.5400,2313
2009-03-27 07:21:00,82.4900,82.4900,82.4600,82.4600,5400
2009-03-27 07:20:00,82.5200,82.5200,82.5000,82.5200,1178
2009-03-27 07:19:00,82.5300,82.5400,82.5300,82.5400,456
2009-03-27 07:18:00,82.4800,82.5500,82.4800,82.5500,106700
2009-03-27 07:17:00,82.5000,82.5100,82.5000,82.5000,500
2009-03-27 07:16:00,82.5000,82.5000,82.5000,82.5000,100
2009-03-27 07:15:00,82.4300,82.4500,82.4300,82.4500,2125
2009-03-27 07:14:00,82.3700,82.4000,82.3600,82.4000,1500
2009-03-27 07:13:00,82.4100,82.4200,82.4000,82.4000,1500
2009-03-27 07:12:00,82.4200,82.4200,82.4200,82.4200,200
2009-03-27 07:11:00,82.4500,82.4500,82.4300,82.4300,1000
2009-03-27 07:10:00,82.4600,82.4700,82.4600,82.4700,900
2009-03-27 07:09:00,82.4400,82.4800,82.4400,82.4800,3000
2009-03-27 07:08:00,82.4400,82.4400,82.4400,82.4400,2000
2009-03-27 07:07:00,82.4200,82.4600,82.4200,82.4600,500
2009-03-27 07:06:00,82.4200,82.4200,82.4200,82.4200,2000
2009-03-27 07:04:00,82.4300,82.4300,82.4000,82.4000,1900
2009-03-27 07:03:00,82.4600,82.4600,82.4600,82.4600,2500
2009-03-27 07:02:00,82.4300,82.4300,82.4100,82.4100,1700
2009-03-27 07:01:00,82.4300,82.4300,82.4300,82.4300,1000
2009-03-27 07:00:00,82.4000,82.4000,82.3800,82.3800,200
2009-03-27 06:58:00,82.3200,82.3500,82.3200,82.3500,4400
2009-03-27 06:53:00,82.4000,82.4100,82.3300,82.3600,15100
2009-03-27 06:52:00,82.4300,82.4300,82.4300,82.4300,13000
2009-03-27 06:51:00,82.4000,82.4000,82.4000,82.4000,32000
2009-03-27 06:49:00,82.3800,82.3800,82.3800,82.3800,500
2009-03-27 06:48:00,82.4000,82.4000,82.4000,82.4000,2500
2009-03-27 06:46:00,82.4000,82.4000,82.4000,82.4000,800
2009-03-27 06:44:00,82.3800,82.3800,82.3800,82.3800,1000
2009-03-27 06:42:00,82.3800,82.3800,82.3800,82.3800,500
2009-03-27 06:40:00,82.4500,82.4500,82.4500,82.4500,622
2009-03-27 06:36:00,82.4000,82.4000,82.4000,82.4000,19000
2009-03-27 06:35:00,82.4500,82.4500,82.4500,82.4500,100
2009-03-27 06:32:00,82.4400,82.4500,82.4400,82.4500,3000
2009-03-27 06:31:00,82.3500,82.3500,82.3500,82.3500,31000
2009-03-27 06:30:00,82.3200,82.3200,82.3200,82.3200,500
2009-03-27 06:29:00,82.3600,82.3600,82.3600,82.3600,100
2009-03-27 06:22:00,82.3300,82.3300,82.3300,82.3300,100
2009-03-27 06:20:00,82.3900,82.4000,82.3900,82.4000,20000
2009-03-27 06:17:00,82.4100,82.4100,82.4100,82.4100,200
2009-03-27 06:16:00,82.4200,82.4200,82.4200,82.4200,1000
2009-03-27 06:14:00,82.4400,82.4400,82.4400,82.4400,100
2009-03-27 06:13:00,82.5200,82.5200,82.4800,82.4800,1001
2009-03-27 06:12:00,82.5200,82.5200,82.5200,82.5200,7500
2009-03-27 06:07:00,82.6200,82.6200,82.6200,82.6200,1000
2009-03-27 06:06:00,82.6200,82.6200,82.6200,82.6200,5350
2009-03-27 05:46:00,82.5100,82.5100,82.5100,82.5100,2010
2009-03-27 05:37:00,82.5500,82.5500,82.5500,82.5500,100
2009-03-27 05:36:00,82.6300,82.6300,82.6300,82.6300,100
2009-03-27 05:33:00,82.6600,82.6600,82.6600,82.6600,277
2009-03-27 05:32:00,82.6600,82.6600,82.6600,82.6600,1723
2009-03-27 05:27:00,82.6600,82.6600,82.6600,82.6600,400
2009-03-27 05:26:00,82.6600,82.6600,82.6600,82.6600,877
2009-03-27 05:20:00,82.8900,82.8900,82.8900,82.8900,3000
2009-03-27 05:08:00,82.8000,82.8000,82.8000,82.8000,100
2009-03-27 04:52:00,82.8200,82.8200,82.8200,82.8200,400
2009-03-27 04:36:00,82.7000,82.7000,82.7000,82.7000,100
2009-03-27 04:31:00,82.7700,82.7700,82.7700,82.7700,100
2009-03-27 04:04:00,82.6400,82.6400,82.6400,82.6400,100
2009-03-26 19:59:00,82.9900,82.9900,82.9900,82.9900,5975
2009-03-26 19:58:00,82.9900,82.9900,82.9900,82.9900,800
2009-03-26 19:56:00,83.0600,83.0600,82.9900,82.9900,3125
2009-03-26 19:55:00,83.0600,83.0600,83.0100,83.0100,5700
2009-03-26 19:54:00,83.0500,83.0600,83.0500,83.0600,10100
2009-03-26 19:51:00,83.0500,83.0500,83.0500,83.0500,6400
2009-03-26 19:50:00,83.0200,83.0600,83.0200,83.0600,720
2009-03-26 19:49:00,83.0400,83.0500,83.0400,83.0500,19000
2009-03-26 19:47:00,83.0400,83.0400,83.0300,83.0300,700
2009-03-26 19:46:00,83.0400,83.0400,83.0400,83.0400,1100
2009-03-26 19:42:00,83.0700,83.0700,83.0700,83.0700,6000
2009-03-26 19:41:00,83.0700,83.0700,83.0600,83.0700,1205
2009-03-26 19:40:00,83.0700,83.0800,83.0700,83.0700,3600
2009-03-26 19:39:00,83.0800,83.0800,83.0800,83.0800,106
2009-03-26 19:37:00,83.1000,83.1000,83.1000,83.1000,5325
2009-03-26 19:35:00,83.0600,83.0600,83.0400,83.0500,3050
2009-03-26 19:32:00,83.0900,83.0900,83.0900,83.0900,500
2009-03-26 19:31:00,83.0900,83.1000,83.0900,83.1000,5000
2009-03-26 19:30:00,83.0900,83.0900,83.0900,83.0900,200
2009-03-26 19:29:00,83.0900,83.0900,83.0900,83.0900,2000
2009-03-26 19:28:00,83.0700,83.0700,83.0700,83.0700,100
2009-03-26 19:27:00,83.0700,83.0700,83.0700,83.0700,800
2009-03-26 19:24:00,83.0700,83.0700,83.0700,83.0700,117
2009-03-26 19:22:00,83.0800,83.0800,83.0800,83.0800,500
2009-03-26 19:19:00,83.0900,83.0900,83.0900,83.0900,1000
2009-03-26 19:15:00,83.0800,83.0900,83.0800,83.0900,4000
2009-03-26 19:12:00,83.0700,83.0900,83.0500,83.0900,4280
2009-03-26 19:11:00,83.1100,83.1100,83.1100,83.1100,1000
2009-03-26 19:09:00,83.0700,83.0700,83.0700,83.0700,100
2009-03-26 19:07:00,83.0800,83.0800,83.0800,83.0800,100
2009-03-26 19:06:00,83.0800,83.0800,83.0800,83.0800,500
2009-03-26 19:05:00,83.0900,83.0900,83.0900,83.0900,200
2009-03-26 19:04:00,83.1100,83.1100,83.1100,83.1100,1100
2009-03-26 19:02:00,83.0800,83.1000,83.0800,83.1000,500
2009-03-26 19:01:00,83.0700,83.0800,83.0700,83.0800,2100
2009-03-26 19:00:00,83.0800,83.0800,83.0800,83.0800,2000
2009-03-26 18:58:00,83.0900,83.1000,83.0600,83.0600,2503
2009-03-26 18:57:00,83.1100,83.1100,83.0900,83.0900,2673
2009-03-26 18:56:00,83.1100,83.1100,83.1100,83.1100,2427
2009-03-26 18:55:00,83.1200,83.1200,83.1200,83.1200,150
2009-03-26 18:54:00,83.1200,83.1300,83.1200,83.1200,1409
2009-03-26 18:53:00,83.1200,83.1200,83.1200,83.1200,200
2009-03-26 18:52:00,83.1300,83.1400,83.1300,83.1400,675
2009-03-26 18:51:00,83.1600,83.1600,83.1300,83.1300,600
2009-03-26 18:49:00,83.1500,83.1500,83.1500,83.1500,100
2009-03-26 18:48:00,83.1400,83.1400,83.1300,83.1300,1200
2009-03-26 18:47:00,83.1300,83.1300,83.1300,83.1300,300
2009-03-26 18:46:00,83.1400,83.1400,83.1400,83.1400,300
2009-03-26 18:45:00,83.1800,83.1800,83.1300,83.1300,2095
2009-03-26 18:44:00,83.1600,83.1600,83.1500,83.1600,4100
2009-03-26 18:43:00,83.1700,83.1800,83.1700,83.1800,1622
2009-03-26 18:42:00,83.1800,83.1800,83.1700,83.1700,2900
2009-03-26 18:41:00,83.1700,83.1700,83.1700,83.1700,500
2009-03-26 18:40:00,83.1900,83.1900,83.1900,83.1900,300
2009-03-26 18:38:00,83.2000,83.2100,83.2000,83.2100,1000
2009-03-26 18:35:00,83.2300,83.2300,83.2200,83.2200,900
2009-03-26 18:33:00,83.2500,83.2500,83.2500,83.2500,2200
2009-03-26 18:32:00,83.2600,83.2700,83.2600,83.2600,2100
2009-03-26 18:28:00,83.3000,83.3000,83.3000,83.3000,925
2009-03-26 18:26:00,83.3000,83.3000,83.3000,83.3000,100
2009-03-26 18:25:00,83.3500,83.3500,83.3100,83.3400,1772
2009-03-26 18:24:00,83.3500,83.3500,83.3500,83.3500,32300
2009-03-26 18:23:00,83.3500,83.3600,83.3500,83.3500,29850
2009-03-26 18:22:00,83.3500,83.3500,83.3500,83.3500,22500
2009-03-26 18:21:00,83.2500,83.3600,83.2500,83.3500,217709
2009-03-26 18:20:00,83.2500,83.2500,83.2500,83.2500,500
2009-03-26 18:19:00,83.2000,83.2500,83.2000,83.2200,6592
2009-03-26 18:16:00,83.2000,83.2000,83.2000,83.2000,280
2009-03-26 18:15:00,83.1700,83.1700,83.1700,83.1700,600
2009-03-26 18:14:00,83.1700,83.1700,83.1700,83.1700,700
2009-03-26 18:12:00,83.1600,83.1700,83.1600,83.1700,7300
2009-03-26 18:09:00,83.1600,83.1600,83.1600,83.1600,100
2009-03-26 18:08:00,83.1800,83.1800,83.1800,83.1800,500
2009-03-26 18:04:00,83.2100,83.2100,83.2100,83.2100,150
2009-03-26 18:03:00,83.2100,83.2100,83.2100,83.2100,1985
2009-03-26 18:02:00,83.2400,83.2400,83.2400,83.2400,2000
2009-03-26 18:01:00,83.2100,83.2400,83.2000,83.2400,17100
2009-03-26 18:00:00,83.1500,83.2000,83.1500,83.2000,1200
2009-03-26 17:59:00,83.1400,83.1700,83.1400,83.1600,4900
2009-03-26 17:58:00,83.1700,83.1900,83.1700,83.1900,700
2009-03-26 17:57:00,83.1700,83.2300,83.1500,83.1500,8300
2009-03-26 17:56:00,83.1700,83.1700,83.1600,83.1700,900
2009-03-26 17:54:00,83.1600,83.1600,83.1400,83.1400,444
2009-03-26 17:53:00,83.1600,83.1600,83.1600,83.1600,100
2009-03-26 17:50:00,83.1700,83.1700,83.1200,83.1200,800
2009-03-26 17:46:00,83.1700,83.1800,83.1700,83.1800,900
2009-03-26 17:45:00,83.1500,83.1500,83.1200,83.1200,1440
2009-03-26 17:44:00,83.1500,83.1500,83.1500,83.1500,1190
2009-03-26 17:43:00,83.1700,83.1700,83.1700,83.1700,400
2009-03-26 17:42:00,83.1500,83.1500,83.1500,83.1500,250
2009-03-26 17:41:00,83.1900,83.1900,83.1700,83.1700,2100
2009-03-26 17:40:00,83.1700,83.1900,83.1500,83.1700,1100
2009-03-26 17:38:00,83.1800,83.1900,83.1800,83.1900,350
2009-03-26 17:37:00,83.1900,83.2000,83.1800,83.1800,2450
2009-03-26 17:33:00,83.2000,83.2000,83.2000,83.2000,200
2009-03-26 17:32:00,83.2200,83.2400,83.2000,83.2000,500
2009-03-26 17:31:00,83.2300,83.2300,83.2200,83.2200,500
2009-03-26 17:28:00,83.2500,83.2500,83.2500,83.2500,2025
2009-03-26 17:27:00,83.2700,83.2700,83.2700,83.2700,1100
2009-03-26 17:26:00,83.2500,83.2700,83.2500,83.2700,500
2009-03-26 17:25:00,83.2500,83.2500,83.2500,83.2500,1386
2009-03-26 17:24:00,83.2400,83.2600,83.2400,83.2600,11600
2009-03-26 17:23:00,83.2000,83.2200,83.2000,83.2200,300
2009-03-26 17:22:00,83.2000,83.2500,83.2000,83.2500,6130
2009-03-26 17:21:00,83.1700,83.2300,83.1700,83.2300,20792
2009-03-26 17:20:00,83.1600,83.1700,83.1500,83.1700,1800
2009-03-26 17:19:00,83.1500,83.1500,83.1300,83.1500,2000
2009-03-26 17:18:00,83.1400,83.1600,83.1400,83.1600,19063
2009-03-26 17:17:00,83.1400,83.1400,83.1400,83.1400,269
2009-03-26 17:16:00,83.1300,83.1300,83.1300,83.1300,831
2009-03-26 17:15:00,83.1500,83.1800,83.1500,83.1800,5314
2009-03-26 17:14:00,83.1700,83.1700,83.1500,83.1600,2339
2009-03-26 17:13:00,83.1500,83.1500,83.1500,83.1500,4100
2009-03-26 17:12:00,83.0700,83.1500,83.0700,83.1300,12006
2009-03-26 17:11:00,83.0500,83.0500,83.0500,83.0500,400
2009-03-26 17:10:00,83.0700,83.0700,83.0700,83.0700,6000
2009-03-26 17:09:00,83.0500,83.0500,83.0200,83.0200,10000
2009-03-26 17:06:00,83.0700,83.0700,83.0700,83.0700,8001375
2009-03-26 17:04:00,83.0500,83.0700,83.0500,83.0700,3800
2009-03-26 17:03:00,83.0500,83.0500,83.0500,83.0500,500
2009-03-26 17:01:00,83.0500,83.0500,83.0500,83.0500,300
2009-03-26 17:00:00,83.0300,83.0300,83.0200,83.0200,10000
2009-03-26 16:59:00,83.0200,83.0400,83.0200,83.0400,600
2009-03-26 16:58:00,83.0300,83.0300,83.0200,83.0200,22932
2009-03-26 16:57:00,83.0500,83.0500,83.0300,83.0300,3567
2009-03-26 16:55:00,83.0700,83.0700,83.0500,83.0500,1751
2009-03-26 16:54:00,83.0700,83.0700,83.0700,83.0700,5494
2009-03-26 16:53:00,83.0700,83.0800,83.0700,83.0800,40899
2009-03-26 16:52:00,83.0500,83.0700,83.0500,83.0700,153056
2009-03-26 16:51:00,83.0400,83.0400,83.0400,83.0400,300
2009-03-26 16:49:00,83.0600,83.0600,83.0600,83.0600,1001807
2009-03-26 16:48:00,83.0500,83.0500,83.0500,83.0500,300
2009-03-26 16:47:00,83.0400,83.0400,83.0400,83.0400,100
2009-03-26 16:46:00,83.0700,83.0700,83.0400,83.0400,3400
2009-03-26 16:45:00,83.0700,83.0700,83.0700,83.0700,2000
2009-03-26 16:44:00,83.0600,83.0600,83.0600,83.0600,150
2009-03-26 16:43:00,83.0700,83.0700,83.0700,83.0700,2003425
2009-03-26 16:42:00,83.0700,83.0700,83.0600,83.0600,1171
2009-03-26 16:41:00,83.0600,83.0700,83.0600,83.0700,6800
2009-03-26 16:40:00,83.0700,83.0700,83.0700,83.0700,32900
2009-03-26 16:39:00,83.0500,83.0600,83.0500,83.0600,2081
2009-03-26 16:38:00,83.0500,83.0500,83.0500,83.0500,500
2009-03-26 16:37:00,83.0400,83.0700,83.0400,83.0600,1800
2009-03-26 16:36:00,83.0400,83.0600,83.0400,83.0500,12920
2009-03-26 16:35:00,82.9900,83.0400,82.9900,83.0400,2400
2009-03-26 16:34:00,83.0200,83.0400,83.0200,83.0400,6900
2009-03-26 16:33:00,83.0000,83.0200,83.0000,83.0000,5800
2009-03-26 16:32:00,83.0000,83.0000,82.9900,83.0000,4600
2009-03-26 16:31:00,83.0500,83.0500,83.0000,83.0400,36666
2009-03-26 16:30:00,83.0600,83.0600,83.0100,83.0500,74938
2009-03-26 16:29:00,83.0300,83.0700,83.0300,83.0500,28922
2009-03-26 16:28:00,83.0800,83.1000,83.0300,83.0300,43503
2009-03-26 16:27:00,83.2800,83.2800,83.0800,83.0800,27106
2009-03-26 16:26:00,83.1000,83.1000,83.0800,83.0800,10880
2009-03-26 16:25:00,83.0700,83.1100,83.0700,83.1000,23350
2009-03-26 16:24:00,83.1000,83.1000,83.0700,83.0700,41174
2009-03-26 16:23:00,83.1100,83.1400,83.1000,83.1100,28828
2009-03-26 16:22:00,83.1200,83.1500,83.1000,83.1000,50100
2009-03-26 16:21:00,83.0900,83.1000,83.0900,83.0900,10600
2009-03-26 16:20:00,83.1000,83.1300,83.1000,83.1065,15746
2009-03-26 16:19:00,83.1400,83.1400,83.0900,83.0900,68497
2009-03-26 16:18:00,83.1300,83.1800,83.1300,83.1400,79773
2009-03-26 16:17:00,83.1400,83.1400,83.0900,83.1300,38010
2009-03-26 16:16:00,83.1200,83.1400,83.0700,83.1400,49446
2009-03-26 16:15:00,83.1100,83.1400,83.1100,83.1100,1015372
2009-03-26 16:14:00,83.1100,83.2032,83.0700,83.1000,445149
2009-03-26 16:13:00,83.1200,83.2711,83.1000,83.1100,101465
2009-03-26 16:12:00,83.1200,83.1300,83.1200,83.1300,162391
2009-03-26 16:11:00,83.1000,83.1400,83.0700,83.1200,164495
2009-03-26 16:10:00,83.1800,83.1900,83.0900,83.1000,566483
2009-03-26 16:09:00,83.2100,83.2786,83.1800,83.2786,398163
2009-03-26 16:08:00,83.2400,83.2700,83.2100,83.2200,169675
2009-03-26 16:07:00,83.3000,83.3000,83.2400,83.2400,166300
2009-03-26 16:06:00,83.3200,83.3200,83.2800,83.3000,150901
2009-03-26 16:05:00,83.3400,83.3600,83.2200,83.3100,277836
2009-03-26 16:04:00,81.3721,83.8600,81.3721,83.8600,2478303
2009-03-26 16:03:00,83.2400,83.3300,83.2400,83.3200,252543
2009-03-26 16:02:00,83.2300,83.2800,83.2200,83.2500,714995
2009-03-26 16:01:00,83.2100,83.2700,83.2100,83.2300,1210455
2009-03-26 16:00:00,83.1600,83.2200,83.0700,83.2200,2662074
2009-03-26 15:59:00,83.1000,83.2100,83.0900,83.1700,5794425
2009-03-26 15:58:00,83.1900,83.1900,83.0900,83.1000,2575464
2009-03-26 15:57:00,83.0900,83.2000,83.0800,83.1900,1423368
2009-03-26 15:56:00,83.0500,83.1600,83.0400,83.0900,1958095
2009-03-26 15:55:00,83.0200,83.1200,83.0100,83.0500,1267492
2009-03-26 15:54:00,82.9400,83.0800,82.8900,83.0200,1974380
2009-03-26 15:53:00,82.9800,82.9800,82.7600,82.9400,3657602
2009-03-26 15:52:00,83.2200,83.2200,82.9700,82.9788,2407155
2009-03-26 15:51:00,83.1800,83.2800,83.1400,83.2100,1364348
2009-03-26 15:50:00,83.0600,83.2000,83.0400,83.1801,1697505
2009-03-26 15:49:00,82.9800,83.1200,82.9300,83.0450,1711906
2009-03-26 15:48:00,83.1700,83.1800,82.9800,83.0000,1707558
2009-03-26 15:47:00,83.1500,83.2100,83.1000,83.1750,1270491
2009-03-26 15:46:00,83.2000,83.2900,83.1400,83.1400,2149550
2009-03-26 15:45:00,83.1600,83.2400,83.1500,83.1900,1413384
2009-03-26 15:44:00,83.1600,83.2450,83.0800,83.1586,1348563
2009-03-26 15:43:00,83.2900,83.3000,83.1600,83.1600,2353553
2009-03-26 15:42:00,83.2000,83.2900,83.1000,83.2700,1606499
2009-03-26 15:41:00,83.0500,83.2000,83.0400,83.1900,1218904
2009-03-26 15:40:00,82.9200,83.1200,82.9100,83.0500,2591003
2009-03-26 15:39:00,82.8400,82.9800,82.8100,82.9200,1018562
2009-03-26 15:38:00,83.0000,83.0050,82.7900,82.8401,1578675
2009-03-26 15:37:00,82.8700,83.0200,82.8700,83.0000,1857905
2009-03-26 15:36:00,82.8000,82.9200,82.7900,82.8800,744819
2009-03-26 15:35:00,82.8900,82.9800,82.7100,82.8000,965244
2009-03-26 15:34:00,82.8500,82.9500,82.7400,82.9000,1223008
2009-03-26 15:33:00,82.7900,82.8800,82.7700,82.8500,776281
2009-03-26 15:32:00,82.9100,82.9200,82.7100,82.7900,1110380
2009-03-26 15:31:00,82.9300,82.9700,82.8500,82.9105,1038787
2009-03-26 15:30:00,82.8700,83.0800,82.8600,82.9300,1827500
2009-03-26 15:29:00,82.8600,82.9500,82.8500,82.8700,824736
2009-03-26 15:28:00,82.9300,82.9600,82.8500,82.8500,1197888
2009-03-26 15:27:00,82.7100,82.9500,82.7100,82.9100,1430477
2009-03-26 15:26:00,82.7500,82.7600,82.6600,82.7100,757594
2009-03-26 15:25:00,82.7000,82.7900,82.6600,82.7500,1412367
2009-03-26 15:24:00,82.5500,82.7900,82.5400,82.7000,1674896
2009-03-26 15:23:00,82.3900,82.5500,82.3900,82.5400,843132
2009-03-26 15:22:00,82.3400,82.4000,82.3100,82.3900,698312
2009-03-26 15:21:00,82.4800,82.4900,82.3400,82.3595,515516
2009-03-26 15:20:00,82.3600,82.5100,82.3500,82.4700,849999
2009-03-26 15:19:00,82.5000,82.5200,82.3300,82.3500,935248
2009-03-26 15:18:00,82.3100,82.5300,82.3075,82.4900,1237188
2009-03-26 15:17:00,82.2599,82.3600,82.2000,82.3100,638956
2009-03-26 15:16:00,82.3300,82.3500,82.1800,82.2600,924214
2009-03-26 15:15:00,82.4500,82.4800,82.2800,82.3400,656149
2009-03-26 15:14:00,82.4400,82.5100,82.3500,82.4500,1131838
2009-03-26 15:13:00,82.4800,82.5000,82.4100,82.4300,682259
2009-03-26 15:12:00,82.4800,82.5500,82.4600,82.4900,641464
2009-03-26 15:11:00,82.5400,82.5900,82.4400,82.4805,538076
2009-03-26 15:10:00,82.5100,82.6400,82.4800,82.5400,1124771
2009-03-26 15:09:00,82.5800,82.6200,82.4800,82.5100,1252685
2009-03-26 15:08:00,82.5001,82.6600,82.4900,82.5800,1065791
2009-03-26 15:07:00,82.4100,82.5500,82.3800,82.5000,7457525
2009-03-26 15:06:00,82.1900,82.4100,82.1500,82.4100,1040487
2009-03-26 15:05:00,82.3200,82.3300,82.1700,82.2000,781178
2009-03-26 15:04:00,82.2200,82.3200,82.1900,82.3100,692853
2009-03-26 15:03:00,82.2200,82.2600,82.1700,82.2200,391614
2009-03-26 15:02:00,82.2000,82.2400,82.1600,82.2100,439480
2009-03-26 15:01:00,82.2275,82.2275,82.1200,82.2000,1442009
2009-03-26 15:00:00,82.0801,82.2800,82.0400,82.2100,1682427
2009-03-26 14:59:00,82.1100,82.1900,82.0600,82.0900,951914
2009-03-26 14:58:00,82.4106,82.4300,82.1000,82.1200,1913262
2009-03-26 14:57:00,82.5200,82.5300,82.4000,82.4200,840099
2009-03-26 14:56:00,82.4400,82.6000,82.4400,82.5200,1011778
2009-03-26 14:55:00,82.4300,82.5300,82.3900,82.4300,723380
2009-03-26 14:54:00,82.3300,82.4700,82.3100,82.4300,855447
2009-03-26 14:53:00,82.3300,82.3950,82.3000,82.3400,897464
2009-03-26 14:52:00,82.2801,82.4200,82.2700,82.3300,707719
2009-03-26 14:51:00,82.4100,82.4300,82.2800,82.2800,981884
2009-03-26 14:50:00,82.6000,82.6300,82.3800,82.4000,1498138
2009-03-26 14:49:00,82.7000,82.7400,82.5500,82.6000,812142
2009-03-26 14:48:00,82.6300,82.8100,82.6300,82.7000,679412
2009-03-26 14:47:00,82.6200,82.7400,82.6100,82.6300,659389
2009-03-26 14:46:00,82.5200,82.6500,82.5100,82.6300,764736
2009-03-26 14:45:00,82.5000,82.6200,82.4600,82.5200,2190174
2009-03-26 14:44:00,82.4800,82.5200,82.4800,82.5000,427607
2009-03-26 14:43:00,82.5100,82.5300,82.4600,82.4800,547842
2009-03-26 14:42:00,82.6600,82.6600,82.4900,82.5001,886590
2009-03-26 14:41:00,82.6100,82.7100,82.5800,82.6600,481934
2009-03-26 14:40:00,82.6000,82.6400,82.5700,82.6100,718613
2009-03-26 14:39:00,82.6600,82.6894,82.5800,82.6000,368073
2009-03-26 14:38:00,82.6199,82.7500,82.5900,82.6699,1178108
2009-03-26 14:37:00,82.5100,82.6700,82.5000,82.6100,836725
2009-03-26 14:36:00,82.4900,82.5400,82.4400,82.5200,985561
2009-03-26 14:35:00,82.5200,82.5400,82.4500,82.4900,515408
2009-03-26 14:34:00,82.5500,82.5600,82.4300,82.5300,769751
2009-03-26 14:33:00,82.5300,82.5700,82.5000,82.5500,685049
2009-03-26 14:32:00,82.4994,82.5700,82.4500,82.5200,1063541
2009-03-26 14:31:00,82.5000,82.5600,82.4400,82.4900,1236754
2009-03-26 14:30:00,82.6200,82.6500,82.4800,82.5000,2325481
2009-03-26 14:29:00,82.6200,82.7300,82.6000,82.6250,1157885
2009-03-26 14:28:00,82.9000,82.9100,82.6000,82.6200,1224389
2009-03-26 14:27:00,83.0099,83.0500,82.8700,82.9100,584380
2009-03-26 14:26:00,83.0700,83.1100,83.0000,83.0000,582492
2009-03-26 14:25:00,83.0300,83.1100,82.9900,83.0700,676193
2009-03-26 14:24:00,82.9800,83.0400,82.9700,83.0399,435090
2009-03-26 14:23:00,82.9400,83.0300,82.9199,82.9800,483644
2009-03-26 14:22:00,82.9000,82.9600,82.8700,82.9400,395109
2009-03-26 14:21:00,82.9200,82.9600,82.8700,82.9000,462806
2009-03-26 14:20:00,82.8300,82.9500,82.8200,82.9400,752695
2009-03-26 14:19:00,82.8700,82.8900,82.8200,82.8200,662879
2009-03-26 14:18:00,82.8400,82.8700,82.7700,82.8700,882516
2009-03-26 14:17:00,82.9100,82.9300,82.8200,82.8200,765994
2009-03-26 14:16:00,82.9200,82.9500,82.8700,82.9100,681892
2009-03-26 14:15:00,83.0600,83.0800,82.9100,82.9300,709976
2009-03-26 14:14:00,82.9800,83.1400,82.9500,83.0700,885112
2009-03-26 14:13:00,83.0600,83.0900,82.9700,82.9800,546590
2009-03-26 14:12:00,82.9900,83.1400,82.9900,83.0700,572690
2009-03-26 14:11:00,82.9806,83.0000,82.9000,83.0000,511713
2009-03-26 14:10:00,83.0600,83.0650,82.9300,82.9800,414973
2009-03-26 14:09:00,83.0500,83.1200,83.0200,83.0700,628561
2009-03-26 14:08:00,82.9999,83.1000,82.9800,83.0500,588677
2009-03-26 14:07:00,83.0900,83.1100,82.9700,83.0000,969162
2009-03-26 14:06:00,83.2000,83.2000,83.0500,83.0900,542012
2009-03-26 14:05:00,83.1184,83.2100,83.0900,83.2000,1245939
2009-03-26 14:04:00,82.9600,83.1400,82.9200,83.1100,1002858
2009-03-26 14:03:00,83.0300,83.0600,82.7500,82.9600,563542
2009-03-26 14:02:00,83.0300,83.0900,83.0000,83.0150,502200
2009-03-26 14:01:00,82.8600,83.0400,82.8400,83.0200,660592
2009-03-26 14:00:00,82.7700,82.9300,82.7500,82.8600,1053707
2009-03-26 13:59:00,82.8178,82.8900,82.7699,82.7700,612153
2009-03-26 13:58:00,82.7700,82.8400,82.7300,82.8200,272045
2009-03-26 13:57:00,82.7700,82.8500,82.7600,82.7700,540464
2009-03-26 13:56:00,82.7300,82.7800,82.7000,82.7700,350071
2009-03-26 13:55:00,82.7400,82.7700,82.6800,82.7300,1292431
2009-03-26 13:54:00,82.9000,82.9300,82.7300,82.7400,1321969
2009-03-26 13:53:00,82.9900,82.9900,82.8700,82.9000,490331
2009-03-26 13:52:00,82.9100,83.0200,82.9100,82.9894,715519
2009-03-26 13:51:00,82.8200,82.9200,82.7900,82.9200,808897
2009-03-26 13:50:00,82.7318,82.9200,82.7300,82.8100,560000
2009-03-26 13:49:00,82.7900,82.8200,82.7100,82.7300,336745
2009-03-26 13:48:00,82.7800,82.8300,82.7700,82.7801,338787
2009-03-26 13:47:00,82.7900,82.8400,82.7300,82.7700,903781
2009-03-26 13:46:00,82.8500,82.8600,82.7200,82.7900,563121
2009-03-26 13:45:00,82.7700,82.8700,82.7600,82.8500,663767
2009-03-26 13:44:00,82.7000,82.7800,82.7000,82.7674,530131
2009-03-26 13:43:00,82.6900,82.7600,82.6600,82.7000,1396201
2009-03-26 13:42:00,82.8100,82.8100,82.6800,82.6800,745957
2009-03-26 13:41:00,82.8300,82.8300,82.7800,82.8025,257975
2009-03-26 13:40:00,82.8475,82.8500,82.7900,82.8200,389352
2009-03-26 13:39:00,82.8200,82.8900,82.7900,82.8500,683624
2009-03-26 13:38:00,82.8600,82.9400,82.8100,82.8100,747858
2009-03-26 13:37:00,82.8200,82.8700,82.7800,82.8506,1113530
2009-03-26 13:36:00,82.9500,82.9600,82.8000,82.8200,960569
2009-03-26 13:35:00,83.0200,83.0300,82.9300,82.9375,486530
2009-03-26 13:34:00,82.9999,83.0500,82.9700,83.0100,517539
2009-03-26 13:33:00,83.0200,83.0700,82.9500,83.0000,509296
2009-03-26 13:32:00,83.1000,83.1000,83.0000,83.0200,372736
2009-03-26 13:31:00,83.0601,83.1000,83.0000,83.1000,482575
2009-03-26 13:30:00,82.9900,83.1300,82.9800,83.0500,962280
2009-03-26 13:29:00,82.9800,83.0700,82.9400,82.9900,504576
2009-03-26 13:28:00,83.0000,83.0300,82.9700,82.9800,755254
2009-03-26 13:27:00,83.1000,83.1500,82.9700,83.0000,1012030
2009-03-26 13:26:00,83.1700,83.2100,83.1000,83.1100,531967
2009-03-26 13:25:00,83.1400,83.2400,83.1275,83.1700,1152862
2009-03-26 13:24:00,83.1700,83.1900,83.1000,83.1300,1314813
2009-03-26 13:23:00,83.2400,83.2400,83.1200,83.1700,1153065
2009-03-26 13:22:00,83.0600,83.2500,83.0400,83.2500,1839049
2009-03-26 13:21:00,82.9000,83.0700,82.8400,83.0500,1412912
2009-03-26 13:20:00,82.8400,82.9100,82.8400,82.9000,517983
2009-03-26 13:19:00,82.8799,82.9000,82.8250,82.8500,526321
2009-03-26 13:18:00,82.7500,82.9500,82.7300,82.8799,828299
2009-03-26 13:17:00,82.8200,82.8600,82.7400,82.7500,718223
2009-03-26 13:16:00,82.8200,82.8300,82.7900,82.8100,398646
2009-03-26 13:15:00,82.7600,82.9200,82.7600,82.8200,664306
2009-03-26 13:14:00,82.8000,82.8200,82.7000,82.7600,874088
2009-03-26 13:13:00,82.9300,82.9500,82.8000,82.8000,945491
2009-03-26 13:12:00,82.8906,82.9800,82.8600,82.9300,860750
2009-03-26 13:11:00,82.9000,82.9800,82.8575,82.8900,1052181
2009-03-26 13:10:00,82.9600,82.9800,82.8800,82.8800,898154
2009-03-26 13:09:00,82.8800,83.0000,82.8700,82.9600,2581812
2009-03-26 13:08:00,82.6500,82.9000,82.6400,82.8900,2762410
2009-03-26 13:07:00,82.7300,82.7300,82.6400,82.6500,1231596
2009-03-26 13:06:00,82.6300,82.7500,82.6000,82.7300,981646
2009-03-26 13:05:00,82.5900,82.6600,82.5775,82.6300,1040932
2009-03-26 13:04:00,82.6400,82.6700,82.5400,82.5900,1057068
2009-03-26 13:03:00,82.4700,82.8100,82.4200,82.6400,3672674
2009-03-26 13:02:00,82.4300,82.5600,82.4175,82.4700,3060125
2009-03-26 13:01:00,82.2600,82.4400,82.2500,82.4300,847799
2009-03-26 13:00:00,82.1200,82.2800,82.1000,82.2700,788737
2009-03-26 12:59:00,82.1300,82.2100,82.0900,82.1200,948241
2009-03-26 12:58:00,82.1000,82.1800,82.0500,82.1300,1282418
2009-03-26 12:57:00,82.1575,82.1575,82.0200,82.1000,704636
2009-03-26 12:56:00,82.1800,82.1800,82.1400,82.1500,313158
2009-03-26 12:55:00,82.1200,82.1900,82.1200,82.1700,621821
2009-03-26 12:54:00,82.1700,82.2100,82.1100,82.1250,582075
2009-03-26 12:53:00,82.1600,82.2100,82.1600,82.1700,227269
2009-03-26 12:52:00,82.1500,82.2100,82.1200,82.1600,204920
2009-03-26 12:51:00,82.1000,82.1600,82.0900,82.1600,447468
2009-03-26 12:50:00,82.2400,82.2800,82.1000,82.1000,732355
2009-03-26 12:49:00,82.1900,82.2500,82.1400,82.2400,392941
2009-03-26 12:48:00,82.1293,82.2000,82.1000,82.1800,319004
2009-03-26 12:47:00,82.1800,82.1800,82.0900,82.1200,658580
2009-03-26 12:46:00,82.1400,82.2300,82.1400,82.1700,914569
2009-03-26 12:45:00,82.0900,82.1700,82.0800,82.1500,990487
2009-03-26 12:44:00,82.3099,82.3200,82.0900,82.0900,1706778
2009-03-26 12:43:00,82.3500,82.3500,82.3000,82.3100,276060
2009-03-26 12:42:00,82.3800,82.4000,82.3300,82.3500,446853
2009-03-26 12:41:00,82.4500,82.4600,82.3800,82.3800,378439
2009-03-26 12:40:00,82.4700,82.5100,82.4400,82.4675,250448
2009-03-26 12:39:00,82.4600,82.5200,82.4400,82.4600,327547
2009-03-26 12:38:00,82.4000,82.4800,82.3800,82.4500,293224
2009-03-26 12:37:00,82.4300,82.4800,82.3700,82.3775,454491
2009-03-26 12:36:00,82.2600,82.4400,82.2300,82.4300,1075405
2009-03-26 12:35:00,82.4500,82.4600,82.2400,82.2700,583973
2009-03-26 12:34:00,82.4100,82.4600,82.3800,82.4600,520041
2009-03-26 12:33:00,82.5600,82.5800,82.3700,82.4100,1103537
2009-03-26 12:32:00,82.6300,82.6300,82.5500,82.5600,449216
2009-03-26 12:31:00,82.5300,82.6400,82.5250,82.6201,675651
2009-03-26 12:30:00,82.6000,82.6300,82.5100,82.5300,638924
2009-03-26 12:29:00,82.5400,82.6200,82.5100,82.6000,1146904
2009-03-26 12:28:00,82.5275,82.5700,82.5100,82.5400,291288
2009-03-26 12:27:00,82.4999,82.5900,82.4800,82.5206,1052298
2009-03-26 12:26:00,82.5500,82.5700,82.4500,82.4900,1812176
2009-03-26 12:25:00,82.6000,82.6400,82.5300,82.5500,759679
2009-03-26 12:24:00,82.6400,82.6400,82.5300,82.6000,761361
2009-03-26 12:23:00,82.5700,82.6500,82.4900,82.6400,1032960
2009-03-26 12:22:00,82.5400,82.6300,82.5200,82.5700,1314980
2009-03-26 12:21:00,82.4400,82.5500,82.4200,82.5500,1147778
2009-03-26 12:20:00,82.4400,82.4900,82.4100,82.4400,695313
2009-03-26 12:19:00,82.2801,82.4400,82.2600,82.4375,931336
2009-03-26 12:18:00,82.2500,82.3200,82.1700,82.2800,1101509
2009-03-26 12:17:00,82.3700,82.4600,82.2500,82.2550,702941
2009-03-26 12:16:00,82.3300,82.4100,82.2000,82.3700,863722
2009-03-26 12:15:00,82.3300,82.3900,82.3000,82.3300,1523669
2009-03-26 12:14:00,82.3200,82.4000,82.2800,82.3200,697620
2009-03-26 12:13:00,82.3500,82.3550,82.3000,82.3200,371805
2009-03-26 12:12:00,82.3800,82.3900,82.3400,82.3400,235295
2009-03-26 12:11:00,82.3478,82.3800,82.3300,82.3700,259776
2009-03-26 12:10:00,82.4600,82.4600,82.3200,82.3400,545573
2009-03-26 12:09:00,82.3900,82.5200,82.3500,82.4600,917243
2009-03-26 12:08:00,82.4500,82.4500,82.3900,82.4000,789805
2009-03-26 12:07:00,82.4600,82.5100,82.4200,82.4406,1004421
2009-03-26 12:06:00,82.4700,82.5600,82.4400,82.4600,694849
2009-03-26 12:05:00,82.3100,82.5600,82.3000,82.4800,2669746
2009-03-26 12:04:00,82.3200,82.3300,82.2500,82.3000,538098
2009-03-26 12:03:00,82.1800,82.3600,82.1800,82.3200,708658
2009-03-26 12:02:00,82.1875,82.2100,82.1000,82.1900,611486
2009-03-26 12:01:00,82.1400,82.2200,82.1300,82.1800,433715
2009-03-26 12:00:00,82.2000,82.2200,82.1300,82.1400,445401
2009-03-26 11:59:00,82.0700,82.2100,82.0600,82.1950,469879
2009-03-26 11:58:00,82.0700,82.1100,82.0400,82.0800,322778
2009-03-26 11:57:00,82.1500,82.1600,82.0600,82.0700,256260
2009-03-26 11:56:00,82.1300,82.1600,82.0600,82.1600,418783
2009-03-26 11:55:00,82.1000,82.1300,82.0500,82.1200,383272
2009-03-26 11:54:00,82.0400,82.1400,81.9900,82.1100,792581
2009-03-26 11:53:00,81.9800,82.0700,81.9700,82.0400,600457
2009-03-26 11:52:00,81.9600,82.0300,81.9500,81.9800,497802
2009-03-26 11:51:00,81.9900,82.0300,81.9200,81.9500,1253861
2009-03-26 11:50:00,82.3000,82.3700,81.9800,81.9900,1886665
2009-03-26 11:49:00,82.3200,82.3400,82.2300,82.3000,539488
2009-03-26 11:48:00,82.3800,82.3900,82.3100,82.3200,278232
2009-03-26 11:47:00,82.3100,82.4200,82.3000,82.3800,512970
2009-03-26 11:46:00,82.4000,82.4200,82.2700,82.3100,897334
2009-03-26 11:45:00,82.4700,82.4700,82.3300,82.3900,1157923
2009-03-26 11:44:00,82.2900,82.4800,82.2899,82.4700,477687
2009-03-26 11:43:00,82.2900,82.3300,82.2300,82.2900,552237
2009-03-26 11:42:00,82.3800,82.3800,82.2800,82.2900,479195
2009-03-26 11:41:00,82.4100,82.4700,82.3700,82.3775,834029
2009-03-26 11:40:00,82.3701,82.4700,82.3600,82.4100,670171
2009-03-26 11:39:00,82.5000,82.5000,82.3600,82.3800,1184998
2009-03-26 11:38:00,82.2300,82.5000,82.2300,82.5000,1933960
2009-03-26 11:37:00,82.2801,82.2900,82.1900,82.2380,432139
2009-03-26 11:36:00,82.2520,82.3200,82.2500,82.2800,270229
2009-03-26 11:35:00,82.2400,82.3200,82.2400,82.2501,911032
2009-03-26 11:34:00,82.2700,82.2900,82.2000,82.2500,900730
2009-03-26 11:33:00,82.1600,82.3000,82.1150,82.2700,980324
2009-03-26 11:32:00,82.1100,82.1600,82.0800,82.1500,484103
2009-03-26 11:31:00,82.0800,82.1600,82.0700,82.1100,663995
2009-03-26 11:30:00,82.0100,82.1100,81.9900,82.0800,852330
2009-03-26 11:29:00,82.0600,82.0700,82.0000,82.0100,429708
2009-03-26 11:28:00,82.0188,82.0900,81.9900,82.0600,734515
2009-03-26 11:27:00,82.2400,82.2400,82.0000,82.0100,1510697
2009-03-26 11:26:00,82.2500,82.3900,82.2100,82.2400,1075417
2009-03-26 11:25:00,82.2700,82.2900,82.2400,82.2406,394683
2009-03-26 11:24:00,82.3500,82.3500,82.2400,82.2601,862963
2009-03-26 11:23:00,82.1800,82.3500,82.1800,82.3500,421255
2009-03-26 11:22:00,82.2100,82.2100,82.1400,82.1975,373718
2009-03-26 11:21:00,82.1000,82.2500,82.1000,82.2200,943302
2009-03-26 11:20:00,82.1400,82.1700,82.0900,82.1000,557476
2009-03-26 11:19:00,82.1300,82.1700,82.1000,82.1300,499054
2009-03-26 11:18:00,82.2600,82.2700,82.1300,82.1400,511469
2009-03-26 11:17:00,82.2700,82.3400,82.2500,82.2500,485551
2009-03-26 11:16:00,82.2600,82.3500,82.2500,82.2800,630421
2009-03-26 11:15:00,82.2100,82.2700,82.2100,82.2600,265781
2009-03-26 11:14:00,82.1700,82.2400,82.1700,82.2100,419320
2009-03-26 11:13:00,82.2100,82.2300,82.1100,82.1700,536895
2009-03-26 11:12:00,82.1000,82.2200,82.0700,82.2100,712778
2009-03-26 11:11:00,82.2300,82.2400,82.0800,82.1000,576605
2009-03-26 11:10:00,82.2099,82.2600,82.1700,82.2300,493153
2009-03-26 11:09:00,82.3000,82.3100,82.2000,82.2000,322200
2009-03-26 11:08:00,82.3100,82.3600,82.2500,82.3000,767573
2009-03-26 11:07:00,82.0800,82.3200,82.0700,82.3200,1255183
2009-03-26 11:06:00,82.0400,82.1700,82.0300,82.0900,963094
2009-03-26 11:05:00,82.1400,82.1500,82.0400,82.0400,223760
2009-03-26 11:04:00,82.2200,82.2300,82.1000,82.1400,687195
2009-03-26 11:03:00,82.1500,82.2400,82.1300,82.2200,616757
2009-03-26 11:02:00,82.0900,82.2000,82.0875,82.1500,767370
2009-03-26 11:01:00,82.0600,82.1400,82.0400,82.0900,949041
2009-03-26 11:00:00,82.0100,82.0700,81.9200,82.0600,554310
2009-03-26 10:59:00,81.9600,82.0200,81.9000,82.0100,1059061
2009-03-26 10:58:00,81.9600,81.9900,81.9200,81.9600,788125
2009-03-26 10:57:00,81.9000,82.0300,81.8500,81.9600,1247745
2009-03-26 10:56:00,81.8075,81.9000,81.7500,81.8800,859935
2009-03-26 10:55:00,81.8000,81.8800,81.7975,81.8500,418778
2009-03-26 10:54:00,81.9100,81.9200,81.7600,81.8000,645137
2009-03-26 10:53:00,81.9800,81.9800,81.8700,81.9200,640547
2009-03-26 10:52:00,81.9300,81.9900,81.8900,81.9800,839699
2009-03-26 10:51:00,81.8800,81.9900,81.8600,81.9300,950723
2009-03-26 10:50:00,81.9100,81.9100,81.7900,81.8900,973574
2009-03-26 10:49:00,81.9400,82.0100,81.9000,81.9100,939239
2009-03-26 10:48:00,82.0400,82.0800,81.9300,81.9400,834651
2009-03-26 10:47:00,82.0600,82.1150,82.0300,82.0300,403096
2009-03-26 10:46:00,82.0700,82.1200,82.0375,82.0600,395876
2009-03-26 10:45:00,82.1100,82.1700,82.0700,82.0700,432125
2009-03-26 10:44:00,82.1400,82.1500,82.0800,82.1100,784804
2009-03-26 10:43:00,82.2500,82.2800,82.1300,82.1500,1010279
2009-03-26 10:42:00,82.1700,82.2500,82.1500,82.2400,1104127
2009-03-26 10:41:00,82.1000,82.1700,82.0500,82.1698,1374663
2009-03-26 10:40:00,82.0000,82.1100,81.9800,82.1000,757154
2009-03-26 10:39:00,82.0000,82.0800,81.9600,82.0000,672945
2009-03-26 10:38:00,82.0600,82.0800,81.9800,81.9900,759718
2009-03-26 10:37:00,82.0400,82.0800,81.7400,82.0700,763643
2009-03-26 10:36:00,81.9600,82.0400,81.9200,82.0300,1274608
2009-03-26 10:35:00,81.7700,81.9800,81.7700,81.9500,1709600
2009-03-26 10:34:00,81.6700,81.7800,81.6300,81.7800,765957
2009-03-26 10:33:00,81.5400,81.7900,81.5375,81.6700,1349288
2009-03-26 10:32:00,81.5600,81.5950,81.5000,81.5500,753807
2009-03-26 10:31:00,81.7900,81.8100,81.5600,81.5700,1258596
2009-03-26 10:30:00,81.6000,81.7900,81.5600,81.7800,955130
2009-03-26 10:29:00,81.6400,81.6800,81.5799,81.6000,483879
2009-03-26 10:28:00,81.7300,81.7600,81.6300,81.6500,575208
2009-03-26 10:27:00,81.8500,81.8500,81.6700,81.7400,962524
2009-03-26 10:26:00,81.9000,81.9600,81.8400,81.8400,599845
2009-03-26 10:25:00,81.8800,81.9600,81.8500,81.8900,704549
2009-03-26 10:24:00,81.7900,81.9300,81.7900,81.8800,1019991
2009-03-26 10:23:00,81.9000,81.9200,81.7900,81.8000,759088
2009-03-26 10:22:00,81.8800,81.9200,81.8400,81.9000,673981
2009-03-26 10:21:00,81.8200,81.8800,81.8175,81.8800,440340
2009-03-26 10:20:00,81.8000,81.8700,81.7800,81.8200,930723
2009-03-26 10:19:00,81.7200,81.8500,81.6800,81.8000,955784
2009-03-26 10:18:00,81.6175,81.8100,81.6175,81.7200,881180
2009-03-26 10:17:00,81.6300,81.6600,81.5875,81.6250,540797
2009-03-26 10:16:00,81.5700,81.6600,81.5575,81.6300,837050
2009-03-26 10:15:00,81.5800,81.6200,81.5400,81.5694,523726
2009-03-26 10:14:00,81.5000,81.5900,81.4800,81.5800,1097139
2009-03-26 10:13:00,81.6900,81.7000,81.5000,81.5000,952815
2009-03-26 10:12:00,81.6700,81.7300,81.6100,81.7000,1132403
2009-03-26 10:11:00,81.8200,81.8400,81.6500,81.6800,967837
2009-03-26 10:10:00,82.0000,82.0200,81.7900,81.7900,823950
2009-03-26 10:09:00,82.0900,82.1400,82.0000,82.0000,601671
2009-03-26 10:08:00,82.1400,82.1800,82.0800,82.0800,533549
2009-03-26 10:07:00,82.1500,82.2100,82.1200,82.1450,943020
2009-03-26 10:06:00,82.0100,82.2100,82.0100,82.1500,1313402
2009-03-26 10:05:00,81.9700,82.1100,81.9600,82.0100,959397
2009-03-26 10:04:00,82.0200,82.0600,81.9000,81.9600,697267
2009-03-26 10:03:00,82.0400,82.0500,81.9500,82.0100,536511
2009-03-26 10:02:00,81.9600,82.1000,81.9500,82.0400,732942
2009-03-26 10:01:00,81.8700,82.0200,81.8675,81.9500,915338
2009-03-26 10:00:00,81.8300,81.9100,81.8000,81.8600,1081426
2009-03-26 09:59:00,81.8506,81.8800,81.7400,81.8400,1136175
2009-03-26 09:58:00,81.8600,81.9400,81.7700,81.8500,1810811
2009-03-26 09:57:00,81.8200,81.9200,81.8100,81.8600,1495231
2009-03-26 09:56:00,81.9200,81.9300,81.7700,81.8100,1496977
2009-03-26 09:55:00,81.8800,81.9900,81.8700,81.9300,935836
2009-03-26 09:54:00,82.1400,82.1400,81.8700,81.8800,1338616
2009-03-26 09:53:00,82.1300,82.2100,82.1100,82.1500,700536
2009-03-26 09:52:00,82.1400,82.1400,82.0600,82.1200,396524
2009-03-26 09:51:00,82.1000,82.1800,82.0475,82.1400,694282
2009-03-26 09:50:00,82.1200,82.1300,81.9700,82.1000,1345909
2009-03-26 09:49:00,82.1300,82.2200,82.1000,82.1200,1181057
2009-03-26 09:48:00,82.3200,82.3700,82.1200,82.1300,1698907
2009-03-26 09:47:00,82.4350,82.4500,82.3000,82.3200,1835358
2009-03-26 09:46:00,82.5500,82.6000,82.4200,82.4400,973709
2009-03-26 09:45:00,82.5694,82.6600,82.4800,82.5400,1492763
2009-03-26 09:44:00,82.5700,82.6300,82.5300,82.5600,822356
2009-03-26 09:43:00,82.6000,82.6900,82.5000,82.5700,2119661
2009-03-26 09:42:00,82.4800,82.7000,82.4300,82.6000,2950263
2009-03-26 09:41:00,82.4100,82.5000,82.3800,82.4800,1197701
2009-03-26 09:40:00,82.3000,82.4300,82.2600,82.4200,1574054
2009-03-26 09:39:00,82.4700,82.4900,82.2300,82.3100,1728902
2009-03-26 09:38:00,82.4900,82.5000,82.3400,82.4700,1817680
2009-03-26 09:37:00,82.5200,82.5300,82.4100,82.4900,2042192
2009-03-26 09:36:00,82.1700,82.5600,82.1300,82.5300,2118268
2009-03-26 09:35:00,82.2300,82.2500,82.1000,82.1700,1939737
2009-03-26 09:34:00,82.3400,82.3900,82.2100,82.2200,1439378
2009-03-26 09:33:00,82.3099,82.3700,82.2400,82.3400,1460043
2009-03-26 09:32:00,82.1000,82.3600,82.1000,82.3100,2057028
2009-03-26 09:31:00,82.2600,82.2600,82.0500,82.1100,1511559
2009-03-26 09:30:00,82.2500,82.3000,82.1500,82.2600,1657842
2009-03-26 09:29:00,82.2700,82.2900,82.2100,82.2500,118918
2009-03-26 09:28:00,82.1900,82.2700,82.1900,82.2700,147380
2009-03-26 09:27:00,82.1400,82.2000,82.1400,82.2000,36218
2009-03-26 09:26:00,82.1600,82.1600,82.1400,82.1500,34392
2009-03-26 09:25:00,82.0700,82.1700,82.0400,82.1600,165237
2009-03-26 09:24:00,82.0100,82.0600,81.9700,82.0600,59470
2009-03-26 09:23:00,82.0400,82.0500,82.0000,82.0000,1192548
2009-03-26 09:22:00,82.0200,82.0700,82.0200,82.0500,34524
2009-03-26 09:21:00,82.0800,82.0800,82.0100,82.0200,55388
2009-03-26 09:20:00,82.0300,82.1000,82.0300,82.0700,53717
2009-03-26 09:19:00,82.0500,82.0500,82.0300,82.0300,26947
2009-03-26 09:18:00,82.1300,82.1500,82.0500,82.0500,24668
2009-03-26 09:17:00,82.0900,82.1200,82.0800,82.1200,26587
2009-03-26 09:16:00,82.1300,82.1400,82.0800,82.0900,97582
2009-03-26 09:15:00,82.1400,82.1500,82.1300,82.1300,8567
2009-03-26 09:14:00,82.1200,82.1500,82.1200,82.1500,3600
2009-03-26 09:13:00,82.1000,82.1300,82.1000,82.1300,9556
2009-03-26 09:12:00,82.1400,82.1400,82.0700,82.0900,41635
2009-03-26 09:11:00,82.1500,82.1500,82.1300,82.1300,35400
2009-03-26 09:10:00,82.1300,82.1600,82.1300,82.1400,8674
2009-03-26 09:09:00,82.1900,82.2000,82.1200,82.1300,37099
2009-03-26 09:08:00,82.1200,82.2400,82.1100,82.1800,279795
2009-03-26 09:07:00,82.1700,82.1800,82.1200,82.1200,63280
2009-03-26 09:06:00,82.2000,82.2000,82.1500,82.1700,34801
2009-03-26 09:05:00,82.2300,82.2300,82.2000,82.2000,5762
2009-03-26 09:04:00,82.2800,82.2800,82.1800,82.2200,221784
2009-03-26 09:03:00,82.1800,82.2600,82.1700,82.2600,167476
2009-03-26 09:02:00,82.1700,82.2000,82.1400,82.1700,110283
2009-03-26 09:01:00,82.1800,82.1800,82.1700,82.1700,11516
2009-03-26 09:00:00,82.2100,82.2400,82.1600,82.1800,32939
2009-03-26 08:59:00,82.2000,82.2200,82.1900,82.2200,24080
2009-03-26 08:58:00,82.2300,82.2400,82.2000,82.2000,10620
2009-03-26 08:57:00,82.1600,82.2500,82.1600,82.2400,16569
2009-03-26 08:56:00,82.1600,82.1700,82.1600,82.1600,3400
2009-03-26 08:55:00,82.1700,82.2100,82.1600,82.1600,18550
2009-03-26 08:54:00,82.1800,82.2400,82.1700,82.1700,133012
2009-03-26 08:53:00,82.1100,82.1800,82.1100,82.1800,42673
2009-03-26 08:52:00,82.0400,82.1300,82.0200,82.1200,116101
2009-03-26 08:51:00,82.0700,82.1000,82.0400,82.0400,8894
2009-03-26 08:50:00,82.0700,82.0800,82.0400,82.0800,6983
2009-03-26 08:49:00,82.0500,82.0900,82.0400,82.0700,14053
2009-03-26 08:48:00,82.0900,82.0900,82.0600,82.0600,12245
2009-03-26 08:47:00,82.0400,82.1000,82.0400,82.0800,19553
2009-03-26 08:46:00,82.1000,82.1000,82.0400,82.0400,52363
2009-03-26 08:45:00,82.0900,82.1400,82.0900,82.1000,183160
2009-03-26 08:44:00,82.1000,82.1400,82.0700,82.0800,33494
2009-03-26 08:43:00,81.9900,82.0900,81.9900,82.0900,33771
2009-03-26 08:42:00,81.9900,82.0200,81.9400,81.9800,47278
2009-03-26 08:41:00,82.0000,82.0100,81.9600,82.0000,63074
2009-03-26 08:40:00,81.9500,82.0000,81.9400,82.0000,8237
2009-03-26 08:39:00,82.0200,82.0400,81.9500,81.9600,75812
2009-03-26 08:38:00,82.0300,82.0400,82.0100,82.0200,53268
2009-03-26 08:37:00,81.9200,82.0300,81.9200,82.0300,17998
2009-03-26 08:36:00,81.9600,81.9700,81.9200,81.9200,59807
2009-03-26 08:35:00,81.9400,81.9500,81.8700,81.9500,207091
2009-03-26 08:34:00,82.1000,82.1000,81.9400,81.9400,283830
2009-03-26 08:33:00,82.1000,82.1200,82.0800,82.1100,353274
2009-03-26 08:32:00,82.2600,82.2600,82.1000,82.1100,130079
2009-03-26 08:31:00,82.2300,82.3100,82.1600,82.2700,337541
2009-03-26 08:30:00,82.3400,82.5400,82.0500,82.2100,650569
2009-03-26 08:29:00,82.2700,82.3500,82.2600,82.3500,71167
2009-03-26 08:28:00,82.2600,82.2700,82.2400,82.2700,19581
2009-03-26 08:27:00,82.2400,82.2600,82.2300,82.2500,96926
2009-03-26 08:26:00,82.2400,82.2600,82.2300,82.2500,46178
2009-03-26 08:25:00,82.2500,82.2700,82.2300,82.2400,58907
2009-03-26 08:24:00,82.2800,82.2900,82.2300,82.2500,69499
2009-03-26 08:23:00,82.3100,82.3100,82.2700,82.2700,39302
2009-03-26 08:22:00,82.3500,82.3600,82.2800,82.2900,35464
2009-03-26 08:21:00,82.3300,82.3600,82.3200,82.3600,21020
2009-03-26 08:20:00,82.3300,82.3400,82.3300,82.3400,21600
2009-03-26 08:19:00,82.3400,82.3700,82.3300,82.3400,25600
2009-03-26 08:18:00,82.3200,82.3400,82.3100,82.3300,23700
2009-03-26 08:17:00,82.2900,82.3100,82.2700,82.3100,26920
2009-03-26 08:16:00,82.2900,82.3100,82.2900,82.2900,39950
2009-03-26 08:15:00,82.3000,82.3000,82.2800,82.2900,22425
2009-03-26 08:14:00,82.3000,82.3000,82.2800,82.3000,31155
2009-03-26 08:13:00,82.3800,82.3900,82.2600,82.2800,45341
2009-03-26 08:12:00,82.3500,82.3900,82.3200,82.3900,42851
2009-03-26 08:11:00,82.3200,82.3700,82.3100,82.3500,152107
2009-03-26 08:10:00,82.3700,82.3700,82.3200,82.3200,21444
2009-03-26 08:09:00,82.4100,82.4100,82.3500,82.3700,70509
2009-03-26 08:08:00,82.4100,82.4200,82.3900,82.4000,108572
2009-03-26 08:07:00,82.4300,82.4600,82.4200,82.4200,155930
2009-03-26 08:06:00,82.4100,82.4300,82.4100,82.4200,78456
2009-03-26 08:05:00,82.3600,82.4500,82.3600,82.4100,121552
2009-03-26 08:04:00,82.3500,82.3900,82.3400,82.3700,164004
2009-03-26 08:03:00,82.3400,82.3700,82.3200,82.3600,138921
2009-03-26 08:02:00,82.2600,82.3500,82.2600,82.3500,26300
2009-03-26 08:01:00,82.2600,82.2900,82.2500,82.2500,1130308
2009-03-26 08:00:00,82.2300,82.2700,82.2300,82.2600,1131223
2009-03-26 07:59:00,82.1900,82.2200,82.1800,82.2200,49265
2009-03-26 07:58:00,82.1600,82.1800,82.1600,82.1800,8900
2009-03-26 07:57:00,82.2000,82.2000,82.1600,82.1700,11600
2009-03-26 07:56:00,82.2300,82.2300,82.2000,82.2100,900
2009-03-26 07:55:00,82.2200,82.2200,82.2200,82.2200,2000
2009-03-26 07:54:00,82.2200,82.2200,82.2200,82.2200,2100
2009-03-26 07:53:00,82.2100,82.2200,82.1900,82.2200,6500
2009-03-26 07:52:00,82.2600,82.2800,82.2200,82.2200,9147
2009-03-26 07:51:00,82.2400,82.2800,82.2400,82.2800,60438
2009-03-26 07:50:00,82.1500,82.2700,82.1500,82.2700,31100
2009-03-26 07:49:00,82.1100,82.1500,82.0900,82.1400,5900
2009-03-26 07:48:00,82.0400,82.1200,82.0400,82.1200,14800
2009-03-26 07:47:00,82.0100,82.0600,82.0100,82.0500,23900
2009-03-26 07:46:00,81.9900,81.9900,81.9900,81.9900,1000
2009-03-26 07:45:00,81.9800,82.0000,81.9600,81.9800,28821
2009-03-26 07:44:00,82.0000,82.0000,81.9900,81.9900,5000
2009-03-26 07:43:00,82.0000,82.0000,81.9400,81.9900,6600
2009-03-26 07:42:00,82.0200,82.0200,82.0000,82.0000,4100
2009-03-26 07:41:00,82.0300,82.0500,82.0200,82.0400,103150
2009-03-26 07:40:00,81.9700,82.0500,81.9700,82.0300,15500
2009-03-26 07:39:00,81.9900,81.9900,81.9600,81.9700,1800
2009-03-26 07:38:00,82.0000,82.0100,82.0000,82.0100,24700
2009-03-26 07:37:00,81.9500,81.9500,81.9500,81.9500,1800
2009-03-26 07:36:00,81.9500,81.9500,81.9500,81.9500,2000
2009-03-26 07:33:00,81.8900,81.9400,81.8900,81.9000,81550
2009-03-26 07:32:00,81.8700,81.9100,81.8500,81.8900,30350
2009-03-26 07:31:00,81.8900,81.8900,81.8700,81.8700,18200
2009-03-26 07:30:00,81.8900,81.8900,81.8900,81.8900,1500
2009-03-26 07:29:00,81.9300,81.9300,81.8800,81.8800,4600
2009-03-26 07:28:00,81.9500,81.9500,81.9300,81.9300,5700
2009-03-26 07:27:00,81.9600,81.9600,81.9000,81.9000,7100
2009-03-26 07:26:00,81.9600,81.9800,81.9600,81.9800,1500
2009-03-26 07:25:00,81.9200,81.9600,81.9200,81.9600,2669
2009-03-26 07:24:00,81.9200,81.9500,81.9000,81.9500,6560
2009-03-26 07:23:00,81.9700,81.9700,81.9100,81.9200,2936
2009-03-26 07:22:00,82.0400,82.0400,82.0000,82.0000,20300
2009-03-26 07:21:00,82.0500,82.0600,82.0300,82.0600,105300
2009-03-26 07:20:00,82.1000,82.1000,82.0300,82.0400,38300
2009-03-26 07:19:00,82.1600,82.1600,82.1200,82.1200,6600
2009-03-26 07:18:00,82.1600,82.1800,82.1400,82.1500,26640
2009-03-26 07:17:00,82.1400,82.1700,82.1100,82.1700,102400
2009-03-26 07:16:00,82.1300,82.1300,82.1200,82.1200,25600
2009-03-26 07:15:00,82.1400,82.1400,82.1200,82.1200,3300
2009-03-26 07:14:00,82.1300,82.1400,82.1300,82.1400,25000
2009-03-26 07:13:00,82.0900,82.1200,82.0900,82.1200,52300
2009-03-26 07:11:00,82.0900,82.1200,82.0800,82.1200,58655
2009-03-26 07:10:00,82.0900,82.0900,82.0600,82.0600,1700
2009-03-26 07:09:00,82.1100,82.1500,82.0900,82.0900,9400
2009-03-26 07:08:00,82.1000,82.1400,82.1000,82.1400,53270
2009-03-26 07:07:00,82.1000,82.1000,82.0800,82.1000,8799
2009-03-26 07:06:00,82.0500,82.0900,82.0500,82.0900,69225
2009-03-26 07:05:00,81.9900,82.0300,81.9600,82.0300,347300
2009-03-26 07:04:00,81.9900,81.9900,81.9500,81.9500,400
2009-03-26 07:03:00,81.9600,82.0000,81.9600,81.9900,1250
2009-03-26 07:02:00,81.9800,81.9800,81.9800,81.9800,100
2009-03-26 07:01:00,81.9400,81.9400,81.9400,81.9400,400
2009-03-26 07:00:00,82.0100,82.0100,81.9500,81.9500,3700
2009-03-26 06:57:00,82.0400,82.0400,82.0400,82.0400,200
2009-03-26 06:55:00,82.1100,82.1100,82.1100,82.1100,293
2009-03-26 06:49:00,81.9700,81.9700,81.9700,81.9700,100
2009-03-26 06:43:00,82.1000,82.1000,82.1000,82.1000,200
2009-03-26 06:41:00,82.1200,82.1200,82.1200,82.1200,250
2009-03-26 06:38:00,82.1600,82.1800,82.1500,82.1800,10300
2009-03-26 06:37:00,82.1500,82.1500,82.1500,82.1500,400
2009-03-26 06:35:00,82.1400,82.1400,82.1400,82.1400,200
2009-03-26 06:34:00,82.1000,82.1000,82.1000,82.1000,100
2009-03-26 06:33:00,82.1300,82.1300,82.1300,82.1300,200
2009-03-26 06:30:00,82.1200,82.1200,82.1200,82.1200,300
2009-03-26 06:29:00,82.1000,82.1000,82.1000,82.1000,5000
2009-03-26 06:28:00,82.1200,82.1200,82.0700,82.1000,15000
2009-03-26 06:27:00,82.1100,82.1100,82.1100,82.1100,200
2009-03-26 06:26:00,82.0500,82.1000,82.0500,82.1000,800
2009-03-26 06:25:00,82.0800,82.0800,82.0800,82.0800,800
2009-03-26 06:24:00,82.0800,82.0800,82.0700,82.0700,3200
2009-03-26 06:19:00,82.0000,82.0300,82.0000,82.0300,500
2009-03-26 06:17:00,81.9600,81.9600,81.9600,81.9600,100
2009-03-26 06:14:00,81.9200,81.9200,81.9200,81.9200,300
2009-03-26 06:09:00,81.8200,81.8200,81.8200,81.8200,100
2009-03-26 06:03:00,81.8700,81.8700,81.8700,81.8700,5000
2009-03-26 06:02:00,81.8700,81.9100,81.8700,81.9100,4100
2009-03-26 06:01:00,81.8700,81.9200,81.8700,81.9200,2700
2009-03-26 06:00:00,81.8000,81.8900,81.8000,81.8800,8000
2009-03-26 05:59:00,81.8100,81.8100,81.8100,81.8100,5000
2009-03-26 05:58:00,81.8700,81.8700,81.8100,81.8100,20100
2009-03-26 05:50:00,81.8100,81.8300,81.8100,81.8300,24500
2009-03-26 05:49:00,81.8000,81.8000,81.8000,81.8000,700
2009-03-26 05:46:00,81.7400,81.7500,81.7400,81.7500,200
2009-03-26 05:45:00,81.7700,81.7700,81.7700,81.7700,100
2009-03-26 05:43:00,81.7900,81.7900,81.7900,81.7900,100
2009-03-26 05:42:00,81.8900,81.8900,81.8900,81.8900,400
2009-03-26 05:41:00,81.8500,81.8900,81.8500,81.8900,700
2009-03-26 05:36:00,81.7700,81.7700,81.7700,81.7700,100
2009-03-26 05:34:00,81.8000,81.8000,81.8000,81.8000,200
2009-03-26 05:31:00,81.8200,81.8200,81.8200,81.8200,200
2009-03-26 05:25:00,81.9300,81.9300,81.9300,81.9300,100
2009-03-26 05:22:00,81.8600,81.8600,81.8600,81.8600,100
2009-03-26 05:21:00,81.9100,81.9100,81.9100,81.9100,500
2009-03-26 05:19:00,81.9800,81.9800,81.9800,81.9800,100
2009-03-26 05:18:00,81.9800,81.9800,81.9800,81.9800,400
2009-03-26 05:15:00,81.9900,81.9900,81.9900,81.9900,100
2009-03-26 05:14:00,82.0200,82.0500,82.0200,82.0500,200
2009-03-26 05:11:00,82.0100,82.0100,82.0100,82.0100,1500
2009-03-26 05:03:00,81.8200,81.8200,81.8200,81.8200,200
2009-03-26 04:50:00,81.7600,81.7600,81.7600,81.7600,510
2009-03-26 04:49:00,81.9000,81.9000,81.9000,81.9000,200
2009-03-26 04:40:00,81.9000,81.9000,81.9000,81.9000,100
2009-03-26 04:15:00,82.1800,82.1800,82.1800,82.1800,900
2009-03-26 04:14:00,82.1500,82.1500,82.1500,82.1500,100
2009-03-25 19:59:00,81.4900,81.5000,81.4900,81.5000,3090
2009-03-25 19:58:00,81.4700,81.4900,81.4700,81.4800,2070
2009-03-25 19:57:00,81.4900,81.4900,81.4700,81.4900,3480
2009-03-25 19:56:00,81.5000,81.5000,81.4500,81.4900,8619
2009-03-25 19:55:00,81.5000,81.5100,81.5000,81.5000,3500
2009-03-25 19:54:00,81.5000,81.5000,81.5000,81.5000,800
2009-03-25 19:53:00,81.5100,81.5200,81.5000,81.5200,4880
2009-03-25 19:52:00,81.5100,81.5100,81.4900,81.5000,6419
2009-03-25 19:51:00,81.5400,81.5400,81.5100,81.5100,9447
2009-03-25 19:50:00,81.5500,81.5600,81.5400,81.5400,11300
2009-03-25 19:49:00,81.5600,81.5600,81.5400,81.5400,17500
2009-03-25 19:48:00,81.5700,81.5800,81.5500,81.5700,37454
2009-03-25 19:47:00,81.5600,81.5700,81.5500,81.5500,2800
2009-03-25 19:46:00,81.5400,81.5500,81.5400,81.5500,6338
2009-03-25 19:45:00,81.5500,81.5500,81.5200,81.5400,9567
2009-03-25 19:44:00,81.5400,81.5400,81.5300,81.5300,2269
2009-03-25 19:43:00,81.5500,81.5500,81.5300,81.5300,9500
2009-03-25 19:42:00,81.5400,81.5500,81.5300,81.5500,2350
2009-03-25 19:41:00,81.5600,81.5600,81.5400,81.5400,4469
2009-03-25 19:40:00,81.5500,81.5500,81.5500,81.5500,6600
2009-03-25 19:38:00,81.5600,81.5600,81.5500,81.5500,4362
2009-03-25 19:37:00,81.5600,81.5600,81.5600,81.5600,500
2009-03-25 19:36:00,81.5500,81.5500,81.5500,81.5500,200
2009-03-25 19:35:00,81.5600,81.5700,81.5600,81.5700,1600
2009-03-25 19:34:00,81.5500,81.5500,81.5500,81.5500,1299
2009-03-25 19:33:00,81.5600,81.5600,81.5600,81.5600,300
2009-03-25 19:32:00,81.5600,81.5600,81.5500,81.5500,1400
2009-03-25 19:31:00,81.5700,81.5700,81.5700,81.5700,500
2009-03-25 19:28:00,81.5700,81.5700,81.5700,81.5700,250
2009-03-25 19:27:00,81.5600,81.5600,81.5600,81.5600,200
2009-03-25 19:26:00,81.5700,81.5700,81.5700,81.5700,200
2009-03-25 19:24:00,81.5600,81.5600,81.5600,81.5600,500
2009-03-25 19:22:00,81.5600,81.5600,81.5600,81.5600,1400
2009-03-25 19:21:00,81.5600,81.5600,81.5600,81.5600,200
2009-03-25 19:19:00,81.5500,81.5500,81.5500,81.5500,100
2009-03-25 19:18:00,81.5900,81.5900,81.5400,81.5400,5595
2009-03-25 19:17:00,81.6000,81.6000,81.5900,81.5900,531
2009-03-25 19:16:00,81.5900,81.6000,81.5900,81.6000,6769
2009-03-25 19:13:00,81.5700,81.5700,81.5700,81.5700,1400
2009-03-25 19:11:00,81.5800,81.5900,81.5700,81.5700,1300
2009-03-25 19:10:00,81.5900,81.6000,81.5700,81.5700,1200
2009-03-25 19:09:00,81.5800,81.5800,81.5800,81.5800,12000
2009-03-25 19:08:00,81.5900,81.5900,81.5800,81.5900,4844
2009-03-25 19:07:00,81.5800,81.5900,81.5800,81.5900,4938
2009-03-25 19:05:00,81.5800,81.5800,81.5800,81.5800,500
2009-03-25 19:00:00,81.5600,81.5600,81.5600,81.5600,200
2009-03-25 18:59:00,81.5700,81.5800,81.5500,81.5800,1275
2009-03-25 18:56:00,81.5700,81.5700,81.5500,81.5500,1363
2009-03-25 18:54:00,81.5700,81.5700,81.5700,81.5700,115
2009-03-25 18:51:00,81.5600,81.5600,81.5600,81.5600,100
2009-03-25 18:50:00,81.5500,81.5500,81.5500,81.5500,100
2009-03-25 18:46:00,81.5700,81.5700,81.5700,81.5700,500
2009-03-25 18:45:00,81.5500,81.5500,81.5500,81.5500,600
2009-03-25 18:43:00,81.5400,81.5400,81.5400,81.5400,500
2009-03-25 18:42:00,81.5600,81.5600,81.5500,81.5500,200
2009-03-25 18:41:00,81.5400,81.5700,81.5400,81.5700,1625
2009-03-25 18:38:00,81.5600,81.5600,81.5600,81.5600,500
2009-03-25 18:37:00,81.5600,81.5600,81.5600,81.5600,802
2009-03-25 18:36:00,81.5600,81.5600,81.5600,81.5600,200
2009-03-25 18:33:00,81.5500,81.5500,81.5500,81.5500,167
2009-03-25 18:32:00,81.5600,81.5600,81.5600,81.5600,400
2009-03-25 18:31:00,81.5700,81.5800,81.5700,81.5800,2500
2009-03-25 18:29:00,81.5400,81.5400,81.5400,81.5400,300
2009-03-25 18:28:00,81.5400,81.5400,81.5400,81.5400,669
2009-03-25 18:27:00,81.5300,81.5300,81.5300,81.5300,500
2009-03-25 18:26:00,81.5300,81.5300,81.5300,81.5300,1000
2009-03-25 18:25:00,81.5200,81.5200,81.5200,81.5200,500
2009-03-25 18:23:00,81.5100,81.5100,81.5100,81.5100,300
2009-03-25 18:21:00,81.5200,81.5200,81.5100,81.5100,500
2009-03-25 18:18:00,81.5200,81.5200,81.5200,81.5200,500
2009-03-25 18:12:00,81.5100,81.5400,81.5100,81.5400,4507
2009-03-25 18:11:00,81.5000,81.5000,81.5000,81.5000,169
2009-03-25 18:09:00,81.5000,81.5000,81.5000,81.5000,269
2009-03-25 18:08:00,81.5000,81.5000,81.5000,81.5000,300
2009-03-25 18:07:00,81.4900,81.5000,81.4900,81.5000,969
2009-03-25 18:06:00,81.4800,81.4800,81.4800,81.4800,600
2009-03-25 18:03:00,81.4800,81.4800,81.4700,81.4800,1269
2009-03-25 18:02:00,81.4800,81.4900,81.4800,81.4800,3581
2009-03-25 18:01:00,81.4900,81.4900,81.4900,81.4900,3200
2009-03-25 18:00:00,81.5500,81.5500,81.4900,81.5000,26348
2009-03-25 17:59:00,81.5800,81.5900,81.5800,81.5900,1100
2009-03-25 17:58:00,81.5700,81.5700,81.5700,81.5700,200
2009-03-25 17:57:00,81.5800,81.5800,81.5700,81.5800,480
2009-03-25 17:55:00,81.5600,81.5600,81.5600,81.5600,2600
2009-03-25 17:53:00,81.5800,81.5800,81.5800,81.5800,3030
2009-03-25 17:52:00,81.5800,81.5800,81.5800,81.5800,1338
2009-03-25 17:51:00,81.5700,81.5700,81.5500,81.5500,3700
2009-03-25 17:49:00,81.5800,81.5800,81.5800,81.5800,3338
2009-03-25 17:48:00,81.5800,81.5800,81.5800,81.5800,2000
2009-03-25 17:47:00,81.6000,81.6000,81.5800,81.5800,1561
2009-03-25 17:43:00,81.5800,81.5800,81.5800,81.5800,1055000
2009-03-25 17:42:00,81.5700,81.5700,81.5700,81.5700,507
2009-03-25 17:41:00,81.5900,81.5900,81.5700,81.5700,1700
2009-03-25 17:40:00,81.5900,81.5900,81.5900,81.5900,1600
2009-03-25 17:39:00,81.5900,81.5900,81.5900,81.5900,1300
2009-03-25 17:37:00,81.5900,81.5900,81.5900,81.5900,200
2009-03-25 17:36:00,81.5900,81.6200,81.5900,81.5900,1700
2009-03-25 17:34:00,81.5700,81.5900,81.5700,81.5900,600
2009-03-25 17:33:00,81.6100,81.6100,81.5800,81.5900,1650
2009-03-25 17:31:00,81.6100,81.6100,81.6100,81.6100,500
2009-03-25 17:29:00,81.6000,81.6000,81.6000,81.6000,100
2009-03-25 17:28:00,81.6500,81.6600,81.6000,81.6000,41981
2009-03-25 17:27:00,81.5800,81.6600,81.5800,81.6500,42016
2009-03-25 17:26:00,81.5600,81.5900,81.5600,81.5800,12300
2009-03-25 17:25:00,81.5400,81.5800,81.5400,81.5800,46518
2009-03-25 17:24:00,81.5100,81.5600,81.5100,81.5400,39133
2009-03-25 17:23:00,81.5300,81.5300,81.5200,81.5300,2567
2009-03-25 17:22:00,81.5200,81.5200,81.5200,81.5200,500
2009-03-25 17:21:00,81.5000,81.5000,81.5000,81.5000,2050
2009-03-25 17:20:00,81.5100,81.5100,81.5000,81.5000,3329
2009-03-25 17:19:00,81.5100,81.5100,81.5000,81.5000,5240
2009-03-25 17:18:00,81.4900,81.5000,81.4900,81.5000,1200
2009-03-25 17:17:00,81.5100,81.5100,81.5000,81.5000,1269
2009-03-25 17:16:00,81.5200,81.5400,81.5200,81.5200,600
2009-03-25 17:15:00,81.5200,81.5200,81.5200,81.5200,17171
2009-03-25 17:14:00,81.5300,81.5400,81.5300,81.5400,2450
2009-03-25 17:13:00,81.5000,81.5100,81.5000,81.5100,650
2009-03-25 17:12:00,81.5100,81.5100,81.5100,81.5100,1501608
2009-03-25 17:11:00,81.5100,81.5300,81.5100,81.5200,3550
2009-03-25 17:10:00,81.5400,81.5400,81.5100,81.5100,1600
2009-03-25 17:09:00,81.5100,81.5800,81.5100,81.5200,109038
2009-03-25 17:08:00,81.4600,81.5200,81.4600,81.5100,8955
2009-03-25 17:07:00,81.4900,81.4900,81.4900,81.4900,900
2009-03-25 17:06:00,81.4600,81.4700,81.4600,81.4700,3507
2009-03-25 17:05:00,81.4500,81.4600,81.4500,81.4500,2720
2009-03-25 17:04:00,81.4200,81.4500,81.4200,81.4400,4430
2009-03-25 17:03:00,81.4100,81.4200,81.4100,81.4200,1200
2009-03-25 17:02:00,81.4000,81.4100,81.4000,81.4100,6000
2009-03-25 17:01:00,81.4000,81.4000,81.4000,81.4000,200
2009-03-25 17:00:00,81.4500,81.4500,81.4100,81.4400,12239
2009-03-25 16:59:00,81.4200,81.4500,81.4200,81.4500,1550
2009-03-25 16:57:00,81.4200,81.4600,81.4100,81.4100,102876
2009-03-25 16:56:00,81.4200,81.4200,81.4200,81.4200,1000
2009-03-25 16:55:00,81.4200,81.4200,81.4200,81.4200,300
2009-03-25 16:54:00,81.4100,81.4400,81.3900,81.4300,16169
2009-03-25 16:53:00,81.4500,81.4500,81.4100,81.4100,4769
2009-03-25 16:52:00,81.4600,81.4600,81.4600,81.4600,800
2009-03-25 16:51:00,81.3700,81.4600,81.3700,81.4600,6830
2009-03-25 16:50:00,81.4000,81.4200,81.3600,81.4000,24789
2009-03-25 16:49:00,81.3600,81.3800,81.3600,81.3800,3269
2009-03-25 16:48:00,81.3100,81.3600,81.3100,81.3600,4166
2009-03-25 16:47:00,81.3300,81.3300,81.3300,81.3300,359
2009-03-25 16:46:00,81.3200,81.3600,81.3100,81.3100,7290
2009-03-25 16:45:00,81.3000,81.3100,81.3000,81.3100,1119
2009-03-25 16:44:00,81.2700,81.3000,81.2600,81.3000,4511
2009-03-25 16:43:00,81.2800,81.3000,81.2700,81.3000,1489
2009-03-25 16:42:00,81.2200,81.2700,81.2100,81.2700,8506
2009-03-25 16:41:00,81.1800,81.2500,81.1800,81.2500,7824
2009-03-25 16:40:00,81.1700,81.1700,81.1400,81.1400,600
2009-03-25 16:39:00,81.1500,81.1700,81.1400,81.1700,11763
2009-03-25 16:38:00,81.1600,81.1600,81.1500,81.1600,24122
2009-03-25 16:37:00,81.1600,81.1600,81.1600,81.1600,1011302
2009-03-25 16:36:00,81.1800,81.1900,81.1500,81.1500,6569
2009-03-25 16:35:00,81.1600,81.1800,81.1600,81.1800,4933
2009-03-25 16:34:00,81.1700,81.1800,81.1600,81.1600,34843
2009-03-25 16:33:00,81.1900,81.1900,81.1900,81.1900,1400
2009-03-25 16:32:00,81.2000,81.2000,81.2000,81.2000,499
2009-03-25 16:31:00,81.1600,81.2000,81.1600,81.2000,2779
2009-03-25 16:30:00,81.2100,81.2100,81.1300,81.1300,75824
2009-03-25 16:29:00,81.2300,81.2600,81.2100,81.2100,6388
2009-03-25 16:28:00,81.2500,81.2600,81.2400,81.2400,3519
2009-03-25 16:27:00,81.2500,81.2600,81.2400,81.2600,35274
2009-03-25 16:26:00,81.2500,81.2500,81.2400,81.2500,5539
2009-03-25 16:25:00,81.2600,81.2700,81.2600,81.2600,89828
2009-03-25 16:24:00,81.2600,81.2600,81.2600,81.2600,2400
2009-03-25 16:23:00,81.2600,81.2600,81.2300,81.2400,3366
2009-03-25 16:22:00,81.2600,81.2600,81.2400,81.2400,5300
2009-03-25 16:21:00,81.2700,81.2700,81.2400,81.2400,13381
2009-03-25 16:20:00,81.2200,81.2600,81.2200,81.2600,36215
2009-03-25 16:19:00,81.2200,81.2500,81.2100,81.2100,151830
2009-03-25 16:18:00,81.1800,81.2200,81.1800,81.1900,62230
2009-03-25 16:17:00,81.2100,81.2100,81.1700,81.1900,63475
2009-03-25 16:16:00,81.2300,81.2500,81.2000,81.2100,36784
2009-03-25 16:15:00,81.2000,81.2300,81.2000,81.2300,29988
2009-03-25 16:14:00,81.1600,81.2300,81.1400,81.2000,271346
2009-03-25 16:13:00,81.2200,81.2200,81.1700,81.1700,706887
2009-03-25 16:12:00,81.1900,81.2400,81.1900,81.2200,342513
2009-03-25 16:11:00,81.2000,81.2100,81.1800,81.1900,152779
2009-03-25 16:10:00,81.1700,81.3816,81.1400,81.2000,552885
2009-03-25 16:09:00,81.1700,81.1800,81.1200,81.1700,253817
2009-03-25 16:08:00,81.1800,81.1900,81.1700,81.1700,42230
2009-03-25 16:07:00,81.2100,81.2200,81.1600,81.1800,345950
2009-03-25 16:06:00,81.2400,81.2800,81.2100,81.2100,291123
2009-03-25 16:05:00,81.1500,81.2300,81.1400,81.2300,443898
2009-03-25 16:04:00,81.1900,81.2100,81.1500,81.1500,766101
2009-03-25 16:03:00,81.2500,81.2900,81.1900,81.2000,427264
2009-03-25 16:02:00,81.3200,81.3300,81.2300,81.2600,361508
2009-03-25 16:01:00,81.3400,81.3400,81.2800,81.3200,1826172
2009-03-25 16:00:00,81.3400,81.3400,81.3400,81.3400,3662292
2009-03-25 15:59:00,81.4800,81.5600,81.3400,81.3400,6262181
2009-03-25 15:58:00,81.3300,81.5700,81.3000,81.4700,4031914
2009-03-25 15:57:00,81.1100,81.4000,81.0600,81.3200,4430478
2009-03-25 15:56:00,80.9100,81.1200,80.8900,81.1200,2806842
2009-03-25 15:55:00,80.7180,80.9300,80.7000,80.9100,3190293
2009-03-25 15:54:00,80.5300,80.7400,80.4800,80.7100,2756644
2009-03-25 15:53:00,80.5900,80.6000,80.4500,80.5300,2116305
2009-03-25 15:52:00,80.3750,80.6500,80.3500,80.5900,1668653
2009-03-25 15:51:00,80.3700,80.4800,80.3600,80.3800,1242874
2009-03-25 15:50:00,80.3900,80.4700,80.2500,80.3700,1683138
2009-03-25 15:49:00,80.3600,80.5100,80.3500,80.3900,1363714
2009-03-25 15:48:00,80.5900,80.5900,80.3500,80.3600,1833625
2009-03-25 15:47:00,80.3900,80.6200,80.3500,80.5900,1487440
2009-03-25 15:46:00,80.5800,80.6000,80.3500,80.3900,3186323
2009-03-25 15:45:00,80.4000,80.6500,80.3600,80.5800,3187897
2009-03-25 15:44:00,80.0400,80.4300,80.0100,80.4000,2922534
2009-03-25 15:43:00,79.9400,80.0800,79.9200,80.0400,1189909
2009-03-25 15:42:00,79.9200,80.0400,79.9000,79.9378,1590400
2009-03-25 15:41:00,80.1600,80.1700,79.9100,79.9200,1489804
2009-03-25 15:40:00,80.1500,80.1700,79.9800,80.1600,2357254
2009-03-25 15:39:00,80.1600,80.2800,80.1500,80.1600,973468
2009-03-25 15:38:00,80.1100,80.2300,80.1000,80.1600,808573
2009-03-25 15:37:00,80.3000,80.3000,79.5000,80.1010,1303430
2009-03-25 15:36:00,80.1400,80.3300,80.1300,80.3000,1309033
2009-03-25 15:35:00,80.1500,80.1600,80.0700,80.1401,566730
2009-03-25 15:34:00,80.0800,80.1700,80.0400,80.1400,1084807
2009-03-25 15:33:00,80.1800,80.2200,80.0600,80.0800,974000
2009-03-25 15:32:00,80.1900,80.2000,80.1000,80.1800,1704984
2009-03-25 15:31:00,80.2500,80.2800,80.1900,80.1900,1098360
2009-03-25 15:30:00,80.0800,80.3000,80.0800,80.2600,2601995
2009-03-25 15:29:00,80.0200,80.1600,79.9600,80.0800,1550841
2009-03-25 15:28:00,79.9700,80.0300,79.9000,80.0200,797151
2009-03-25 15:27:00,80.0200,80.0300,79.8700,79.9800,1204949
2009-03-25 15:26:00,79.7800,80.0200,79.7600,80.0200,1344617
2009-03-25 15:25:00,79.8490,79.8490,79.7500,79.7900,814407
2009-03-25 15:24:00,79.8900,79.9100,79.7800,79.8200,1271481
2009-03-25 15:23:00,79.7700,79.9000,79.7500,79.9000,961832
2009-03-25 15:22:00,79.8000,79.9000,79.7600,79.7700,2152411
2009-03-25 15:21:00,79.7200,79.8100,79.7094,79.8000,846031
2009-03-25 15:20:00,79.7000,79.7500,79.6600,79.7200,732063
2009-03-25 15:19:00,79.7100,79.7100,79.6400,79.7100,662586
2009-03-25 15:18:00,79.7100,79.7400,79.6400,79.7100,1027338
2009-03-25 15:17:00,79.5900,79.7300,79.5700,79.7200,1836886
2009-03-25 15:16:00,79.4500,79.6100,79.4400,79.5800,581330
2009-03-25 15:15:00,79.5300,79.5750,79.4400,79.4501,800658
2009-03-25 15:14:00,79.5200,79.6100,79.5000,79.5300,890420
2009-03-25 15:13:00,79.5600,79.5900,79.4200,79.5010,1131600
2009-03-25 15:12:00,79.5400,79.5800,79.4700,79.5500,665126
2009-03-25 15:11:00,79.4550,79.5800,79.3400,79.5400,978172
2009-03-25 15:10:00,79.3300,79.4700,79.2900,79.4600,983205
2009-03-25 15:09:00,79.3700,79.5200,79.2800,79.3200,1280110
2009-03-25 15:08:00,79.4275,79.4350,79.2600,79.3800,809507
2009-03-25 15:07:00,79.3500,79.4400,79.3050,79.4100,840794
2009-03-25 15:06:00,79.2400,79.3700,79.2150,79.3500,1219816
2009-03-25 15:05:00,79.1800,79.2900,79.1650,79.2400,804403
2009-03-25 15:04:00,79.1100,79.3200,79.0900,79.1800,1632439
2009-03-25 15:03:00,79.2200,79.2300,79.0600,79.1100,1393293
2009-03-25 15:02:00,79.1000,79.3200,79.1000,79.2300,1074980
2009-03-25 15:01:00,79.1800,79.2900,79.0800,79.0900,1885995
2009-03-25 15:00:00,79.3300,79.3300,79.1800,79.1900,1816165
2009-03-25 14:59:00,79.5000,79.5500,79.3000,79.3300,1548418
2009-03-25 14:58:00,79.5800,79.6200,79.4800,79.5000,927348
2009-03-25 14:57:00,79.6100,79.6800,79.5500,79.5725,660430
2009-03-25 14:56:00,79.6100,79.6600,79.5600,79.6100,1015436
2009-03-25 14:55:00,79.5700,79.6600,79.5100,79.6100,1170849
2009-03-25 14:54:00,79.3300,79.5700,79.2700,79.5600,1893348
2009-03-25 14:53:00,79.5000,79.5200,79.3200,79.3200,679410
2009-03-25 14:52:00,79.4700,79.5200,79.3900,79.4900,881834
2009-03-25 14:51:00,79.3700,79.5200,79.3400,79.4700,851466
2009-03-25 14:50:00,79.5200,79.5375,79.3700,79.3800,1393071
2009-03-25 14:49:00,79.4800,79.5800,79.4400,79.5200,1533179
2009-03-25 14:48:00,79.3600,79.4900,79.2700,79.4800,1437790
2009-03-25 14:47:00,79.3200,79.4500,79.2600,79.3600,1790244
2009-03-25 14:46:00,79.4000,79.4100,79.1800,79.3200,1968540
2009-03-25 14:45:00,79.5100,79.5200,79.3600,79.4000,1296910
2009-03-25 14:44:00,79.6200,79.6250,79.3800,79.5100,3665697
2009-03-25 14:43:00,79.7200,79.7400,79.6000,79.6200,1033400
2009-03-25 14:42:00,79.7100,79.7600,79.6800,79.7210,1076722
2009-03-25 14:41:00,79.6278,79.7600,79.6000,79.7050,1191041
2009-03-25 14:40:00,79.6600,79.7300,79.6100,79.6200,976133
2009-03-25 14:39:00,79.7300,79.7500,79.6500,79.6600,807517
2009-03-25 14:38:00,79.7800,79.8000,79.7100,79.7400,752772
2009-03-25 14:37:00,79.7110,79.8300,79.7000,79.7710,675619
2009-03-25 14:36:00,79.9100,79.9300,79.7000,79.7200,1344946
2009-03-25 14:35:00,79.8500,79.9500,79.7900,79.9200,1922644
2009-03-25 14:34:00,79.9300,79.9900,79.8500,79.8500,862406
2009-03-25 14:33:00,80.0300,80.0400,79.8600,79.9400,871765
2009-03-25 14:32:00,79.9600,80.0700,79.9275,80.0300,903447
2009-03-25 14:31:00,79.8700,79.9700,79.8600,79.9600,1059928
2009-03-25 14:30:00,80.0000,80.0200,79.8400,79.8600,1842793
2009-03-25 14:29:00,80.1300,80.1400,79.9900,80.0000,1365675
2009-03-25 14:28:00,80.1800,80.2100,80.1200,80.1300,745492
2009-03-25 14:27:00,80.2500,80.2500,80.1300,80.1800,757946
2009-03-25 14:26:00,80.2900,80.3200,80.2100,80.2500,750922
2009-03-25 14:25:00,80.2100,80.3200,80.1600,80.2800,1217923
2009-03-25 14:24:00,80.2300,80.3200,80.2000,80.2100,1053411
2009-03-25 14:23:00,80.1900,80.3100,80.1700,80.2299,829345
2009-03-25 14:22:00,80.1900,80.2400,80.1600,80.1900,644354
2009-03-25 14:21:00,80.0800,80.2500,80.0000,80.1900,912002
2009-03-25 14:20:00,80.1400,80.1400,80.0100,80.0800,777896
2009-03-25 14:19:00,79.9800,80.1400,79.9475,80.1400,706065
2009-03-25 14:18:00,80.0300,80.0600,79.9400,79.9700,786501
2009-03-25 14:17:00,80.1800,80.1900,80.0000,80.0200,815996
2009-03-25 14:16:00,80.1500,80.2300,80.1000,80.1800,757064
2009-03-25 14:15:00,80.1801,80.1900,80.1200,80.1500,679427
2009-03-25 14:14:00,80.1850,80.2600,80.1400,80.1800,1982478
2009-03-25 14:13:00,80.1700,80.2200,80.1100,80.1850,1130467
2009-03-25 14:12:00,80.0400,80.1800,80.0200,80.1700,1087619
2009-03-25 14:11:00,80.0700,80.0700,79.9500,80.0400,717200
2009-03-25 14:10:00,79.9700,80.0800,79.9300,80.0600,1267450
2009-03-25 14:09:00,79.9199,79.9700,79.8600,79.9700,1615699
2009-03-25 14:08:00,80.1000,80.1100,79.8800,79.9200,2268145
2009-03-25 14:07:00,80.0500,80.1400,80.0310,80.1000,1490602
2009-03-25 14:06:00,80.2800,80.3190,80.0200,80.0400,1743929
2009-03-25 14:05:00,80.2400,80.3300,80.1900,80.2900,1759810
2009-03-25 14:04:00,80.2700,80.2700,80.2000,80.2400,1146229
2009-03-25 14:03:00,80.2200,80.2800,80.1900,80.2700,1751726
2009-03-25 14:02:00,80.5200,80.5300,80.2000,80.2200,3778556
2009-03-25 14:01:00,80.6500,80.6800,80.5200,80.5300,937931
2009-03-25 14:00:00,80.7500,80.7800,80.6400,80.6500,978332
2009-03-25 13:59:00,80.8800,80.9000,80.7200,80.7575,989887
2009-03-25 13:58:00,80.9000,80.9700,80.8800,80.8900,402567
2009-03-25 13:57:00,80.9500,81.0000,80.8706,80.9000,838154
2009-03-25 13:56:00,81.0100,81.0400,80.9200,80.9500,556717
2009-03-25 13:55:00,80.9600,81.0500,80.9600,81.0000,792471
2009-03-25 13:54:00,80.9400,81.0200,80.9400,80.9600,500177
2009-03-25 13:53:00,81.0400,81.0700,80.9300,80.9400,1744653
2009-03-25 13:52:00,80.9600,81.0600,80.9500,81.0400,1402608
2009-03-25 13:51:00,80.8700,81.0000,80.8600,80.9700,2361939
2009-03-25 13:50:00,80.7500,80.8900,80.7000,80.8800,1485422
2009-03-25 13:49:00,80.7800,80.8100,80.7400,80.7574,888040
2009-03-25 13:48:00,80.7900,80.8300,80.7800,80.7900,397775
2009-03-25 13:47:00,80.7500,80.8100,80.7400,80.7900,914338
2009-03-25 13:46:00,80.7000,80.7600,80.6700,80.7600,1169251
2009-03-25 13:45:00,80.7200,80.7500,80.6700,80.7000,640638
2009-03-25 13:44:00,80.6300,80.7400,80.5900,80.7200,1107755
2009-03-25 13:43:00,80.6300,80.7200,80.6100,80.6400,1943103
2009-03-25 13:42:00,80.9000,80.9000,80.6100,80.6200,2130447
2009-03-25 13:41:00,80.8800,80.9000,80.8600,80.9000,452670
2009-03-25 13:40:00,80.8400,80.9200,80.7700,80.8700,1031435
2009-03-25 13:39:00,80.9500,80.9610,80.8400,80.8500,660018
2009-03-25 13:38:00,80.8700,80.9900,80.8400,80.9400,838910
2009-03-25 13:37:00,80.9800,80.9900,80.8600,80.8700,688474
2009-03-25 13:36:00,80.8800,81.0000,80.8600,80.9800,1465885
2009-03-25 13:35:00,81.0100,81.0400,80.8400,80.8900,1126322
2009-03-25 13:34:00,81.0600,81.0900,81.0000,81.0200,719794
2009-03-25 13:33:00,81.0300,81.1000,81.0200,81.0600,807942
2009-03-25 13:32:00,81.0501,81.0900,81.0200,81.0299,895071
2009-03-25 13:31:00,81.0300,81.0700,80.9900,81.0600,697091
2009-03-25 13:30:00,81.0000,81.0600,80.9900,81.0300,954029
2009-03-25 13:29:00,80.9100,81.0400,80.8950,81.0000,713706
2009-03-25 13:28:00,81.1300,81.1600,80.8800,80.9000,2350402
2009-03-25 13:27:00,81.2300,81.2300,81.1100,81.1200,691844
2009-03-25 13:26:00,81.2500,81.2700,81.1800,81.2000,590038
2009-03-25 13:25:00,81.2800,81.3500,81.2400,81.2500,972283
2009-03-25 13:24:00,81.1800,81.3100,81.1800,81.2700,905678
2009-03-25 13:23:00,81.3100,81.3100,81.1600,81.1700,1026511
2009-03-25 13:22:00,81.3100,81.3400,81.3000,81.3200,536221
2009-03-25 13:21:00,81.3000,81.3400,81.2900,81.3100,564518
2009-03-25 13:20:00,81.2500,81.3100,81.2400,81.3000,546026
2009-03-25 13:19:00,81.2900,81.3300,81.2200,81.2500,868982
2009-03-25 13:18:00,81.3000,81.3300,81.2200,81.2900,939436
2009-03-25 13:17:00,81.5000,81.5000,81.3100,81.3100,600019
2009-03-25 13:16:00,81.4700,81.5100,81.4100,81.4900,646953
2009-03-25 13:15:00,81.4300,81.4700,81.4000,81.4612,572292
2009-03-25 13:14:00,81.5900,81.6000,81.4200,81.4300,1392384
2009-03-25 13:13:00,81.5200,81.5900,81.5000,81.5875,477097
2009-03-25 13:12:00,81.5200,81.5950,81.5000,81.5200,479843
2009-03-25 13:11:00,81.6600,81.6700,81.5000,81.5200,699438
2009-03-25 13:10:00,81.6000,81.7200,81.5900,81.6597,327955
2009-03-25 13:09:00,81.7100,81.7100,81.6000,81.6000,349784
2009-03-25 13:08:00,81.6800,81.7500,81.6700,81.7088,260178
2009-03-25 13:07:00,81.7094,81.7400,81.6800,81.6800,231180
2009-03-25 13:06:00,81.6300,81.7800,81.6300,81.7097,694418
2009-03-25 13:05:00,81.8100,81.8200,81.6200,81.6400,696044
2009-03-25 13:04:00,81.8400,81.8800,81.7900,81.8150,608905
2009-03-25 13:03:00,81.8000,81.8400,81.7100,81.7800,563297
2009-03-25 13:02:00,81.8800,81.8800,81.8000,81.8100,317289
2009-03-25 13:01:00,81.8700,81.9100,81.8400,81.8700,517154
2009-03-25 13:00:00,81.7300,81.9000,81.7100,81.8800,749264
2009-03-25 12:59:00,81.7275,81.7500,81.7100,81.7300,263406
2009-03-25 12:58:00,81.7100,81.7400,81.7000,81.7300,652812
2009-03-25 12:57:00,81.7200,81.7600,81.7000,81.7200,166400
2009-03-25 12:56:00,81.6900,81.7400,81.6600,81.7295,431169
2009-03-25 12:55:00,81.6300,81.7400,81.6250,81.6900,952602
2009-03-25 12:54:00,81.5900,81.6300,81.5500,81.6200,569105
2009-03-25 12:53:00,81.5950,81.6400,81.5800,81.6000,505971
2009-03-25 12:52:00,81.6000,81.6300,81.5650,81.6000,342312
2009-03-25 12:51:00,81.6500,81.6500,81.5600,81.5995,499582
2009-03-25 12:50:00,81.6900,81.6900,81.5600,81.6400,1021640
2009-03-25 12:49:00,81.8000,81.8100,81.6800,81.6900,244055
2009-03-25 12:48:00,81.7200,81.8100,81.7200,81.8000,381177
2009-03-25 12:47:00,81.7100,81.7500,81.6800,81.7200,428190
2009-03-25 12:46:00,81.7700,81.7800,81.6800,81.7100,696336
2009-03-25 12:45:00,81.8100,81.8100,81.7300,81.7700,457817
2009-03-25 12:44:00,81.8500,81.8800,81.8200,81.8200,253608
2009-03-25 12:43:00,81.8400,81.8600,81.7700,81.8600,355710
2009-03-25 12:42:00,81.8700,81.8800,81.8400,81.8400,270174
2009-03-25 12:41:00,81.8590,81.9400,81.8400,81.8694,562176
2009-03-25 12:40:00,81.8201,81.8800,81.7900,81.8600,325253
2009-03-25 12:39:00,81.8100,81.8700,81.7700,81.8200,542457
2009-03-25 12:38:00,81.7000,81.8100,81.6700,81.8000,625480
2009-03-25 12:37:00,81.8300,81.8800,81.6700,81.7000,552933
2009-03-25 12:36:00,81.8300,81.9100,81.8000,81.8300,515627
2009-03-25 12:35:00,81.7800,81.8300,81.7700,81.8300,143120
2009-03-25 12:34:00,81.7400,81.8100,81.7300,81.7800,486812
2009-03-25 12:33:00,81.8500,81.8600,81.7400,81.7400,457563
2009-03-25 12:32:00,81.9200,81.9200,81.8400,81.8499,360825
2009-03-25 12:31:00,81.9500,81.9600,81.8900,81.9199,244417
2009-03-25 12:30:00,81.8900,81.9800,81.8800,81.9400,890526
2009-03-25 12:29:00,81.8700,81.9200,81.8500,81.8800,492019
2009-03-25 12:28:00,81.8200,81.9100,81.8200,81.8700,642535
2009-03-25 12:27:00,81.8000,81.8300,81.7200,81.8300,880723
2009-03-25 12:26:00,81.7900,81.8400,81.7800,81.8000,702815
2009-03-25 12:25:00,81.7900,81.8300,81.7500,81.7900,587463
2009-03-25 12:24:00,81.9200,81.9300,81.7400,81.8000,1673661
2009-03-25 12:23:00,81.9500,81.9500,81.9000,81.9100,412203
2009-03-25 12:22:00,81.9200,81.9800,81.9000,81.9500,489511
2009-03-25 12:21:00,82.0500,82.0600,81.9100,81.9101,535352
2009-03-25 12:20:00,82.0000,82.0800,81.9300,82.0500,804331
2009-03-25 12:19:00,82.1000,82.1200,81.9900,81.9901,586199
2009-03-25 12:18:00,82.0400,82.1100,82.0400,82.1000,351473
2009-03-25 12:17:00,82.0500,82.1200,82.0200,82.0600,819203
2009-03-25 12:16:00,82.1062,82.1300,82.0400,82.0500,281646
2009-03-25 12:15:00,82.2899,82.2900,82.0906,82.1100,815520
2009-03-25 12:14:00,82.3000,82.3100,82.2800,82.2875,69034
2009-03-25 12:13:00,82.3000,82.3200,82.2900,82.3000,103859
2009-03-25 12:12:00,82.2600,82.3100,82.2000,82.2999,570836
2009-03-25 12:11:00,82.2900,82.2900,82.2400,82.2506,270926
2009-03-25 12:10:00,82.3400,82.3500,82.2400,82.2610,646094
2009-03-25 12:09:00,82.4000,82.4100,82.3200,82.3490,429735
2009-03-25 12:08:00,82.3900,82.4200,82.3700,82.4000,209771
2009-03-25 12:07:00,82.4400,82.4500,82.3600,82.4000,423481
2009-03-25 12:06:00,82.4200,82.5100,82.4100,82.4300,1184098
2009-03-25 12:05:00,82.3000,82.4300,82.2700,82.4200,616461
2009-03-25 12:04:00,82.3600,82.3690,82.2600,82.3000,472284
2009-03-25 12:03:00,82.3700,82.4100,82.3100,82.3600,757930
2009-03-25 12:02:00,82.1700,82.3900,82.1200,82.3800,1269935
2009-03-25 12:01:00,82.0600,82.1800,82.0450,82.1700,529912
2009-03-25 12:00:00,82.1200,82.1300,82.0300,82.0600,634411
2009-03-25 11:59:00,82.1600,82.1700,82.0800,82.1194,1076531
2009-03-25 11:58:00,82.2100,82.2700,82.1600,82.1600,572440
2009-03-25 11:57:00,82.1700,82.2300,82.1600,82.2100,337095
2009-03-25 11:56:00,82.1906,82.2200,82.1600,82.1600,400758
2009-03-25 11:55:00,82.2200,82.2400,82.1800,82.1900,267774
2009-03-25 11:54:00,82.2500,82.3100,82.2200,82.2200,432915
2009-03-25 11:53:00,82.1700,82.2575,82.1600,82.2500,314387
2009-03-25 11:52:00,82.1700,82.1800,82.1400,82.1700,613015
2009-03-25 11:51:00,82.1900,82.2000,82.1600,82.1600,104683
2009-03-25 11:50:00,82.2200,82.2300,82.1600,82.1800,306569
2009-03-25 11:49:00,82.2401,82.2800,82.1800,82.2200,902305
2009-03-25 11:48:00,82.2100,82.2500,82.2000,82.2400,321743
2009-03-25 11:47:00,82.2500,82.2500,82.1900,82.2100,586976
2009-03-25 11:46:00,82.2700,82.3000,82.2100,82.2400,1291918
2009-03-25 11:45:00,82.1000,82.2900,82.0950,82.2700,1275251
2009-03-25 11:44:00,82.0000,82.1300,81.9800,82.0950,815714
2009-03-25 11:43:00,81.9800,82.0100,81.9300,82.0100,523463
2009-03-25 11:42:00,81.9150,82.0200,81.9100,81.9717,670798
2009-03-25 11:41:00,81.9700,82.0000,81.9100,81.9300,301203
2009-03-25 11:40:00,82.0400,82.0450,81.9500,81.9600,543480
2009-03-25 11:39:00,82.0300,82.0800,82.0200,82.0500,278050
2009-03-25 11:38:00,81.9300,82.0600,81.9100,82.0201,583354
2009-03-25 11:37:00,81.9300,81.9400,81.8900,81.9300,339353
2009-03-25 11:36:00,82.0300,82.0300,81.8800,81.9300,678291
2009-03-25 11:35:00,82.0400,82.0600,81.9800,82.0200,845466
2009-03-25 11:34:00,82.1100,82.1400,82.0100,82.0300,956804
2009-03-25 11:33:00,82.1500,82.1700,82.1000,82.1100,936943
2009-03-25 11:32:00,82.1200,82.1800,82.0750,82.1500,406492
2009-03-25 11:31:00,82.1000,82.1400,82.0500,82.1200,802046
2009-03-25 11:30:00,82.0700,82.1300,82.0500,82.1000,629450
2009-03-25 11:29:00,82.0700,82.1100,82.0450,82.0700,473706
2009-03-25 11:28:00,82.0200,82.0800,82.0100,82.0700,476034
2009-03-25 11:27:00,82.0000,82.0900,82.0000,82.0200,454852
2009-03-25 11:26:00,82.0000,82.0200,81.9800,82.0000,489454
2009-03-25 11:25:00,82.0100,82.0300,81.9500,82.0000,538676
2009-03-25 11:24:00,81.9600,82.0600,81.8850,82.0200,864687
2009-03-25 11:23:00,81.8900,81.9800,81.8500,81.9600,757508
2009-03-25 11:22:00,81.9700,81.9750,81.8900,81.8900,442301
2009-03-25 11:21:00,81.9700,82.0100,81.9200,81.9800,427960
2009-03-25 11:20:00,81.9500,82.0000,81.9400,81.9706,589717
2009-03-25 11:19:00,81.9500,82.0400,81.9050,81.9600,1244514
2009-03-25 11:18:00,82.0100,82.0100,81.8800,81.9500,859766
2009-03-25 11:17:00,81.9500,82.0100,81.9100,82.0100,906565
2009-03-25 11:16:00,82.1300,82.1300,81.9300,81.9400,1066346
2009-03-25 11:15:00,82.0900,82.1700,82.0790,82.1300,603531
2009-03-25 11:14:00,82.1800,82.2000,82.0500,82.0900,838617
2009-03-25 11:13:00,82.3100,82.3100,82.1600,82.1894,775812
2009-03-25 11:12:00,82.3800,82.4000,82.2600,82.3000,644088
2009-03-25 11:11:00,82.4100,82.4100,82.3600,82.3900,593053
2009-03-25 11:10:00,82.3250,82.4100,82.3000,82.4100,760898
2009-03-25 11:09:00,82.3600,82.3700,82.3100,82.3200,366969
2009-03-25 11:08:00,82.2400,82.4400,82.2400,82.3700,1131763
2009-03-25 11:07:00,82.1900,82.2400,82.1200,82.2400,413142
2009-03-25 11:06:00,82.1800,82.1900,82.1200,82.1900,266945
2009-03-25 11:05:00,82.2100,82.2200,82.1400,82.1800,403311
2009-03-25 11:04:00,82.1600,82.2800,82.1500,82.2100,737656
2009-03-25 11:03:00,82.1500,82.1900,82.1300,82.1600,594261
2009-03-25 11:02:00,82.1400,82.1590,82.1000,82.1400,475745
2009-03-25 11:01:00,82.1000,82.1600,82.0900,82.1400,375877
2009-03-25 11:00:00,82.0625,82.1400,82.0200,82.1100,824331
2009-03-25 10:59:00,82.1300,82.1300,82.0500,82.0600,568268
2009-03-25 10:58:00,82.1400,82.1400,82.0100,82.1300,1683133
2009-03-25 10:57:00,82.2400,82.2900,82.1100,82.1400,939451
2009-03-25 10:56:00,82.3100,82.3500,82.2300,82.2300,494314
2009-03-25 10:55:00,82.2700,82.3600,82.2600,82.3100,628564
2009-03-25 10:54:00,82.2600,82.3100,82.2100,82.2700,603452
2009-03-25 10:53:00,82.2500,82.3100,82.2400,82.2600,494814
2009-03-25 10:52:00,82.3100,82.3200,82.2300,82.2500,406552
2009-03-25 10:51:00,82.3000,82.3400,82.2700,82.3009,547183
2009-03-25 10:50:00,82.3000,82.3100,82.2500,82.3000,309786
2009-03-25 10:49:00,82.2900,82.3300,82.2300,82.3000,800087
2009-03-25 10:48:00,82.4500,82.4500,82.2900,82.2900,1008361
2009-03-25 10:47:00,82.5200,82.5600,82.4400,82.4500,899396
2009-03-25 10:46:00,82.4500,82.5300,82.4400,82.5200,426133
2009-03-25 10:45:00,82.4600,82.4700,82.4200,82.4550,533238
2009-03-25 10:44:00,82.4400,82.4900,82.3800,82.4600,1031527
2009-03-25 10:43:00,82.4500,82.5100,82.4200,82.4300,951772
2009-03-25 10:42:00,82.4700,82.5100,82.4100,82.4400,859326
2009-03-25 10:41:00,82.5500,82.5500,82.4600,82.4701,816865
2009-03-25 10:40:00,82.5900,82.6300,82.5100,82.5500,1329579
2009-03-25 10:39:00,82.6600,82.7000,82.5900,82.6000,1615846
2009-03-25 10:38:00,82.4800,82.6700,82.4400,82.6500,1558161
2009-03-25 10:37:00,82.4700,82.5100,82.4200,82.4800,1024804
2009-03-25 10:36:00,82.3400,82.5100,82.2850,82.4700,1463554
2009-03-25 10:35:00,82.2500,82.3500,82.2400,82.3400,799574
2009-03-25 10:34:00,82.1700,82.2800,82.1200,82.2500,789193
2009-03-25 10:33:00,82.0900,82.1900,82.0900,82.1700,651214
2009-03-25 10:32:00,82.0450,82.1100,82.0100,82.0999,729536
2009-03-25 10:31:00,82.1486,82.1500,82.0000,82.0500,1174845
2009-03-25 10:30:00,82.0700,82.2100,82.0500,82.1489,935197
2009-03-25 10:29:00,82.0775,82.1100,82.0300,82.0700,518090
2009-03-25 10:28:00,82.2000,82.2100,82.0200,82.0900,1428611
2009-03-25 10:27:00,82.1800,82.2300,82.1300,82.2000,1086785
2009-03-25 10:26:00,82.1200,82.1900,82.0700,82.1800,946507
2009-03-25 10:25:00,82.1500,82.1600,82.0700,82.1100,1006637
2009-03-25 10:24:00,82.0900,82.1700,82.0700,82.1500,908434
2009-03-25 10:23:00,82.1626,82.1800,82.0700,82.0890,832216
2009-03-25 10:22:00,82.1100,82.2100,82.1000,82.1601,855568
2009-03-25 10:21:00,82.2400,82.2400,82.1100,82.1100,600521
2009-03-25 10:20:00,82.2800,82.3100,82.2000,82.2400,827539
2009-03-25 10:19:00,82.2600,82.3300,82.2600,82.2700,478139
2009-03-25 10:18:00,82.2900,82.3500,82.2300,82.2699,1153910
2009-03-25 10:17:00,82.2100,82.3000,82.2000,82.2900,1130517
2009-03-25 10:16:00,82.1700,82.2400,82.1600,82.2100,723427
2009-03-25 10:15:00,82.2800,82.3100,82.1600,82.1700,1750967
2009-03-25 10:14:00,82.3400,82.4100,82.2500,82.2800,1570349
2009-03-25 10:13:00,82.3300,82.3500,82.2600,82.3400,1223296
2009-03-25 10:12:00,82.3800,82.3800,82.2900,82.3300,1335549
2009-03-25 10:11:00,82.3506,82.4000,82.3000,82.3800,1534071
2009-03-25 10:10:00,82.5600,82.5800,82.3400,82.3600,2526505
2009-03-25 10:09:00,82.5400,82.5700,82.4800,82.5600,1386809
2009-03-25 10:08:00,82.4800,82.6100,82.3900,82.5400,2369213
2009-03-25 10:07:00,82.3400,82.4800,82.3300,82.4800,2746904
2009-03-25 10:06:00,82.3100,82.3400,82.2500,82.3400,1744464
2009-03-25 10:05:00,82.3900,82.4400,82.2500,82.3078,2500509
2009-03-25 10:04:00,82.2000,82.4600,82.1700,82.4000,2718332
2009-03-25 10:03:00,82.2305,82.2700,82.1600,82.2000,2432254
2009-03-25 10:02:00,82.2700,82.3000,82.2000,82.2400,1741977
2009-03-25 10:01:00,82.1200,82.3200,82.0900,82.2700,4191830
2009-03-25 10:00:00,81.8100,82.2100,81.8100,82.1200,5077396
2009-03-25 09:59:00,81.8500,81.9400,81.8000,81.8100,1970240
2009-03-25 09:58:00,81.8400,81.8600,81.7700,81.8500,1248472
2009-03-25 09:57:00,81.7700,81.9100,81.7600,81.8400,1872438
2009-03-25 09:56:00,81.6900,81.7700,81.6900,81.7700,607523
2009-03-25 09:55:00,81.7100,81.7300,81.6600,81.6900,646232
2009-03-25 09:54:00,81.7000,81.7400,81.6600,81.7200,623793
2009-03-25 09:53:00,81.6878,81.7200,81.6400,81.6900,856492
2009-03-25 09:52:00,81.6700,81.8000,81.6600,81.6800,1708886
2009-03-25 09:51:00,81.5500,81.6900,81.5100,81.6700,1338185
2009-03-25 09:50:00,81.4700,81.6000,81.4300,81.5500,877054
2009-03-25 09:49:00,81.3700,81.5300,81.3600,81.4600,1204583
2009-03-25 09:48:00,81.4600,81.5000,81.3400,81.3700,1244994
2009-03-25 09:47:00,81.5800,81.5800,81.3700,81.4600,1571838
2009-03-25 09:46:00,81.4600,81.5800,81.4400,81.5800,821490
2009-03-25 09:45:00,81.5400,81.5900,81.4500,81.4600,884332
2009-03-25 09:44:00,81.5000,81.5800,81.4700,81.5400,585287
2009-03-25 09:43:00,81.4600,81.5100,81.4290,81.4901,1080860
2009-03-25 09:42:00,81.5800,81.5900,81.3800,81.4500,1304280
2009-03-25 09:41:00,81.4800,81.5900,81.4800,81.5900,1493260
2009-03-25 09:40:00,81.3800,81.4900,81.3000,81.4800,1447049
2009-03-25 09:39:00,81.4800,81.4900,81.3500,81.3800,1163167
2009-03-25 09:38:00,81.3800,81.4800,81.3200,81.4800,896619
2009-03-25 09:37:00,81.3800,81.4100,81.3400,81.3800,682443
2009-03-25 09:36:00,81.3700,81.4000,81.2700,81.3700,1501670
2009-03-25 09:35:00,81.5300,81.5500,81.2300,81.3600,1983027
2009-03-25 09:34:00,81.4300,81.5600,81.3900,81.5362,1900041
2009-03-25 09:33:00,81.3700,81.5700,81.3500,81.4300,2037621
2009-03-25 09:32:00,81.1900,81.3900,81.1400,81.3700,1270500
2009-03-25 09:31:00,81.2200,81.2600,81.1300,81.1900,1124037
2009-03-25 09:30:00,81.2200,81.3200,81.1900,81.2200,1095404
2009-03-25 09:29:00,81.2400,81.2700,81.1900,81.2200,197846
2009-03-25 09:28:00,81.2800,81.2900,81.2400,81.2500,50308
2009-03-25 09:27:00,81.2700,81.2900,81.2400,81.2900,22940
2009-03-25 09:26:00,81.2400,81.2800,81.2300,81.2700,39843
2009-03-25 09:25:00,81.2600,81.2600,81.2200,81.2500,79342
2009-03-25 09:24:00,81.3100,81.3100,81.2700,81.2700,56550
2009-03-25 09:23:00,81.3400,81.3500,81.3100,81.3200,118174
2009-03-25 09:22:00,81.2900,81.3400,81.2900,81.3300,67819
2009-03-25 09:21:00,81.2900,81.2900,81.2700,81.2800,22164
2009-03-25 09:20:00,81.2700,81.3000,81.2600,81.2900,30410
2009-03-25 09:19:00,81.2600,81.2700,81.2500,81.2600,34700
2009-03-25 09:18:00,81.2500,81.2800,81.2400,81.2700,26192
2009-03-25 09:17:00,81.2500,81.2900,81.2500,81.2600,47574
2009-03-25 09:16:00,81.2700,81.2700,81.2400,81.2500,24956
2009-03-25 09:15:00,81.2800,81.2800,81.2500,81.2600,9300
2009-03-25 09:14:00,81.2200,81.2900,81.2200,81.2600,131193
2009-03-25 09:13:00,81.2500,81.2500,81.2200,81.2300,42000
2009-03-25 09:12:00,81.1900,81.2500,81.1300,81.2500,110610
2009-03-25 09:11:00,81.1900,81.2300,81.1600,81.1600,48315
2009-03-25 09:10:00,81.1500,81.1900,81.1200,81.1800,177651
2009-03-25 09:09:00,81.1400,81.1800,81.1400,81.1500,26230
2009-03-25 09:08:00,81.1000,81.1800,81.1000,81.1500,98738
2009-03-25 09:07:00,81.0800,81.1100,81.0800,81.1100,9600
2009-03-25 09:06:00,81.0600,81.0800,81.0600,81.0800,20054
2009-03-25 09:05:00,81.0600,81.0600,81.0400,81.0600,102643
2009-03-25 09:04:00,81.0500,81.0500,81.0400,81.0500,2076
2009-03-25 09:03:00,81.0200,81.0500,81.0200,81.0400,7900
2009-03-25 09:02:00,81.0100,81.0500,81.0000,81.0100,17694
2009-03-25 09:01:00,80.9900,81.0200,80.9900,81.0100,10347
2009-03-25 09:00:00,81.0100,81.0500,80.9800,80.9800,54547
2009-03-25 08:59:00,81.0200,81.0700,81.0000,81.0200,19645
2009-03-25 08:58:00,81.0200,81.0300,81.0100,81.0300,14088
2009-03-25 08:57:00,81.0300,81.1600,81.0000,81.0200,83145
2009-03-25 08:56:00,81.0700,81.0700,81.0300,81.0300,37742
2009-03-25 08:55:00,81.0300,81.1000,81.0300,81.0700,19529
2009-03-25 08:54:00,81.1700,81.1700,81.0200,81.0200,74467
2009-03-25 08:53:00,81.1700,81.2000,81.1700,81.1700,160130
2009-03-25 08:52:00,81.1600,81.1800,81.1500,81.1700,61484
2009-03-25 08:51:00,81.1300,81.1600,81.1200,81.1600,44488
2009-03-25 08:50:00,81.1400,81.1400,81.1000,81.1200,28908
2009-03-25 08:49:00,81.0100,81.1400,80.6000,81.1400,207423
2009-03-25 08:48:00,81.0200,81.0200,81.0100,81.0200,5574
2009-03-25 08:47:00,80.9800,81.0300,80.9800,81.0300,28191
2009-03-25 08:46:00,80.9700,81.0100,80.9600,80.9800,39892
2009-03-25 08:45:00,80.9200,80.9700,80.9000,80.9700,408614
2009-03-25 08:44:00,80.9500,80.9500,80.9200,80.9200,20837
2009-03-25 08:43:00,80.9700,81.0000,80.9500,80.9600,14198
2009-03-25 08:42:00,81.0200,81.0400,80.9600,80.9700,42767
2009-03-25 08:41:00,81.0300,81.1000,81.0100,81.0200,300507
2009-03-25 08:40:00,81.0200,81.0400,80.9800,81.0400,128696
2009-03-25 08:39:00,80.9600,81.0200,80.9200,81.0200,34897
2009-03-25 08:38:00,80.9800,80.9800,80.8800,80.9600,91883
2009-03-25 08:37:00,81.1100,81.1400,80.9800,81.0000,206105
2009-03-25 08:36:00,81.1000,81.1100,81.0600,81.0900,53208
2009-03-25 08:35:00,81.1400,81.1500,81.1000,81.1000,24300
2009-03-25 08:34:00,81.1200,81.1400,81.0500,81.1300,79410
2009-03-25 08:33:00,81.0300,81.1500,81.0200,81.1200,316183
2009-03-25 08:32:00,81.1500,81.2000,81.0100,81.0300,357673
2009-03-25 08:31:00,81.1000,81.2300,81.0800,81.1600,627019
2009-03-25 08:30:00,80.9500,81.2800,80.9300,81.0900,1189575
2009-03-25 08:29:00,80.9000,80.9300,80.8800,80.9300,81682
2009-03-25 08:28:00,80.9000,80.9300,80.8800,80.9000,71582
2009-03-25 08:27:00,80.8700,80.9100,80.8600,80.9100,36376
2009-03-25 08:26:00,80.9200,80.9200,80.8600,80.8600,11025
2009-03-25 08:25:00,80.8900,80.9300,80.8900,80.9000,29675
2009-03-25 08:24:00,80.8100,80.9000,80.7900,80.9000,45160
2009-03-25 08:23:00,80.8600,80.9000,80.8200,80.8200,19268
2009-03-25 08:22:00,80.8800,80.9000,80.8600,80.8600,26100
2009-03-25 08:21:00,80.9200,80.9600,80.5959,80.8600,1991099
2009-03-25 08:20:00,80.8700,80.9500,80.8700,80.9200,4115
2009-03-25 08:19:00,80.8500,80.9300,80.8500,80.8700,41121
2009-03-25 08:18:00,80.8100,80.8600,80.7900,80.8500,39665
2009-03-25 08:17:00,80.8800,80.8800,80.8100,80.8300,7700
2009-03-25 08:16:00,80.8900,80.9100,80.8800,80.8900,7400
2009-03-25 08:15:00,80.9100,80.9100,80.8700,80.8700,2105
2009-03-25 08:14:00,80.9400,80.9400,80.9200,80.9300,6200
2009-03-25 08:13:00,80.8600,80.9300,80.8500,80.9300,19305
2009-03-25 08:12:00,80.9000,80.9100,80.8100,80.8500,31100
2009-03-25 08:11:00,80.9000,80.9300,80.8400,80.8900,12500
2009-03-25 08:10:00,80.8200,80.9600,80.8200,80.9100,121297
2009-03-25 08:09:00,80.9800,81.0000,80.9600,80.9600,12010
2009-03-25 08:08:00,80.9600,81.0000,80.9400,80.9800,15700
2009-03-25 08:07:00,80.9600,81.0100,80.9400,80.9600,43700
2009-03-25 08:06:00,80.9800,80.9800,80.9400,80.9400,68895
2009-03-25 08:05:00,80.9800,81.0000,80.9600,80.9800,129095
2009-03-25 08:04:00,80.9200,80.9800,80.9000,80.9800,33355
2009-03-25 08:03:00,80.9500,80.9500,80.9100,80.9300,36300
2009-03-25 08:02:00,80.9600,80.9700,80.9000,80.9500,167025
2009-03-25 08:01:00,80.9600,80.9700,80.9400,80.9700,16200
2009-03-25 08:00:00,80.9200,80.9600,80.9200,80.9600,125300
2009-03-25 07:59:00,80.9200,80.9300,80.9200,80.9300,28150
2009-03-25 07:58:00,80.9100,80.9100,80.9100,80.9100,100
2009-03-25 07:57:00,80.9000,80.9100,80.9000,80.9000,1400
2009-03-25 07:56:00,80.8900,80.9100,80.8900,80.9100,34400
2009-03-25 07:55:00,80.8500,80.8800,80.8500,80.8800,1700
2009-03-25 07:54:00,80.8300,80.8400,80.8300,80.8400,400
2009-03-25 07:53:00,80.7900,80.8200,80.7900,80.8200,600
2009-03-25 07:52:00,80.8800,80.8800,80.8000,80.8000,7069
2009-03-25 07:51:00,80.8700,80.8800,80.8600,80.8800,1538
2009-03-25 07:50:00,80.8100,80.8600,80.8000,80.8600,1594
2009-03-25 07:49:00,80.8200,80.8300,80.8200,80.8300,918
2009-03-25 07:48:00,80.8300,80.8300,80.8200,80.8200,600
2009-03-25 07:47:00,80.8300,80.8300,80.8300,80.8300,1500
2009-03-25 07:46:00,80.8400,80.8500,80.8400,80.8500,2669
2009-03-25 07:45:00,80.8500,80.8500,80.8400,80.8400,469
2009-03-25 07:44:00,80.8400,80.8400,80.8400,80.8400,1504
2009-03-25 07:43:00,80.8300,80.8400,80.8100,80.8400,10129
2009-03-25 07:42:00,80.8200,80.8400,80.8200,80.8400,25700
2009-03-25 07:41:00,80.7900,80.8000,80.7900,80.7900,12300
2009-03-25 07:40:00,80.8100,80.8300,80.8100,80.8200,1105
2009-03-25 07:39:00,80.8100,80.8100,80.7800,80.7800,1400
2009-03-25 07:38:00,80.8100,80.8100,80.8100,80.8100,904
2009-03-25 07:37:00,80.7900,80.8200,80.7900,80.8200,5804
2009-03-25 07:35:00,80.8400,80.8400,80.8400,80.8400,100
2009-03-25 07:34:00,80.8900,80.8900,80.8700,80.8700,1100
2009-03-25 07:33:00,80.9100,80.9200,80.8900,80.9200,1700
2009-03-25 07:32:00,80.8900,80.8900,80.8900,80.8900,1000
2009-03-25 07:31:00,80.8900,80.8900,80.8900,80.8900,2500
2009-03-25 07:30:00,80.8700,80.8900,80.8600,80.8600,9200
2009-03-25 07:29:00,80.8300,80.8300,80.8300,80.8300,400
2009-03-25 07:28:00,80.8300,80.8500,80.8300,80.8500,200
2009-03-25 07:27:00,80.8200,80.8200,80.8200,80.8200,1000
2009-03-25 07:26:00,80.8100,80.8100,80.8100,80.8100,500
2009-03-25 07:25:00,80.8300,80.8300,80.8300,80.8300,150
2009-03-25 07:24:00,80.8200,80.8200,80.8200,80.8200,500
2009-03-25 07:23:00,80.8000,80.8200,80.8000,80.8200,5100
2009-03-25 07:21:00,80.7000,80.7000,80.7000,80.7000,4600
2009-03-25 07:20:00,80.6900,80.7000,80.6900,80.7000,9400
2009-03-25 07:18:00,80.7000,80.7000,80.6600,80.6600,24300
2009-03-25 07:16:00,80.7700,80.7700,80.7700,80.7700,3500
2009-03-25 07:15:00,80.7400,80.7400,80.7400,80.7400,1098
2009-03-25 07:14:00,80.7200,80.7200,80.7000,80.7000,1200
2009-03-25 07:13:00,80.7500,80.7500,80.7200,80.7200,300
2009-03-25 07:12:00,80.7600,80.8000,80.7500,80.7500,43250
2009-03-25 07:11:00,80.8200,80.8200,80.8000,80.8000,35500
2009-03-25 07:10:00,80.8500,80.8500,80.8200,80.8200,1200
2009-03-25 07:09:00,80.8900,80.8900,80.8500,80.8500,5300
2009-03-25 07:08:00,80.8900,80.8900,80.8900,80.8900,500
2009-03-25 07:07:00,80.8600,80.8600,80.8600,80.8600,200
2009-03-25 07:06:00,80.8900,80.9100,80.8900,80.9100,65000
2009-03-25 07:05:00,80.8300,80.8300,80.8300,80.8300,200
2009-03-25 07:04:00,80.8500,80.8500,80.8100,80.8100,4100
2009-03-25 07:03:00,80.8500,80.8500,80.8500,80.8500,1130
2009-03-25 07:02:00,80.9000,80.9000,80.9000,80.9000,12000
2009-03-25 07:01:00,80.9700,80.9700,80.9400,80.9400,5200
2009-03-25 07:00:00,80.9300,80.9300,80.9300,80.9300,600
2009-03-25 06:58:00,80.9600,80.9600,80.9600,80.9600,200
2009-03-25 06:56:00,80.9200,80.9200,80.9200,80.9200,500
2009-03-25 06:51:00,81.0000,81.0000,81.0000,81.0000,100
2009-03-25 06:50:00,81.0900,81.0900,81.0900,81.0900,500
2009-03-25 06:47:00,81.0500,81.0600,81.0500,81.0500,27500
2009-03-25 06:39:00,81.0700,81.0700,81.0700,81.0700,100
2009-03-25 06:32:00,81.0400,81.0400,81.0400,81.0400,500
2009-03-25 06:30:00,81.0400,81.0400,81.0400,81.0400,150
2009-03-25 06:24:00,81.0600,81.0600,81.0600,81.0600,100
2009-03-25 06:19:00,81.0400,81.0400,81.0300,81.0300,300
2009-03-25 06:17:00,81.1100,81.1100,81.1100,81.1100,900
2009-03-25 06:16:00,81.1100,81.1100,81.1100,81.1100,100
2009-03-25 05:59:00,81.0800,81.0800,81.0800,81.0800,2000
2009-03-25 05:52:00,81.1200,81.1200,81.1200,81.1200,100
2009-03-25 05:44:00,81.2900,81.2900,81.2900,81.2900,2000
2009-03-25 05:31:00,81.2900,81.2900,81.2900,81.2900,100
2009-03-25 05:25:00,81.2800,81.2800,81.2800,81.2800,100
2009-03-25 05:13:00,81.3000,81.3300,81.3000,81.3300,300
2009-03-25 05:05:00,81.2900,81.2900,81.2900,81.2900,150
2009-03-25 04:57:00,81.2000,81.2000,81.2000,81.2000,200
2009-03-25 04:50:00,81.2400,81.2400,81.2400,81.2400,400
2009-03-25 04:43:00,81.2200,81.2200,81.2200,81.2200,100
2009-03-25 04:42:00,81.2000,81.2000,81.2000,81.2000,100
2009-03-25 04:27:00,81.0900,81.0900,81.0900,81.0900,200
2009-03-25 04:15:00,81.0000,81.0000,81.0000,81.0000,200
2009-03-24 19:59:00,80.9000,80.9000,80.9000,80.9000,100
2009-03-24 19:57:00,80.8700,80.8700,80.8700,80.8700,331
2009-03-24 19:56:00,80.8600,80.8600,80.8600,80.8600,500
2009-03-24 19:55:00,80.8500,80.8500,80.8500,80.8500,500
2009-03-24 19:54:00,80.8300,80.8300,80.8300,80.8300,100
2009-03-24 19:50:00,80.8000,80.8400,80.8000,80.8400,1397
2009-03-24 19:49:00,80.7900,80.7900,80.7800,80.7900,4380
2009-03-24 19:47:00,80.7800,80.7900,80.7800,80.7900,400
2009-03-24 19:46:00,80.7500,80.7700,80.7500,80.7500,700
2009-03-24 19:45:00,80.7500,80.7900,80.7500,80.7900,2000
2009-03-24 19:44:00,80.7800,80.7800,80.7700,80.7800,400
2009-03-24 19:42:00,80.7600,80.7600,80.7600,80.7600,900
2009-03-24 19:41:00,80.7900,80.7900,80.7900,80.7900,885
2009-03-24 19:40:00,80.7900,80.7900,80.7900,80.7900,619
2009-03-24 19:35:00,80.7800,80.7800,80.7800,80.7800,898
2009-03-24 19:34:00,80.7700,80.7800,80.7700,80.7800,377
2009-03-24 19:33:00,80.7700,80.7700,80.7700,80.7700,100
2009-03-24 19:32:00,80.7500,80.7500,80.7500,80.7500,1000
2009-03-24 19:31:00,80.7800,80.7800,80.7800,80.7800,100
2009-03-24 19:29:00,80.7300,80.7400,80.7300,80.7400,8558
2009-03-24 19:27:00,80.7500,80.7500,80.7500,80.7500,125
2009-03-24 19:26:00,80.7300,80.7300,80.7300,80.7300,100
2009-03-24 19:24:00,80.7600,80.7600,80.7600,80.7600,1250
2009-03-24 19:23:00,80.7400,80.7400,80.7400,80.7400,300
2009-03-24 19:22:00,80.7600,80.7600,80.7400,80.7400,569
2009-03-24 19:20:00,80.7800,80.7800,80.7800,80.7800,500
2009-03-24 19:18:00,80.7800,80.7800,80.7800,80.7800,500
2009-03-24 19:17:00,80.7600,80.7700,80.7600,80.7700,3046
2009-03-24 19:16:00,80.7600,80.7600,80.7600,80.7600,369
2009-03-24 19:15:00,80.7700,80.7700,80.7700,80.7700,458
2009-03-24 19:14:00,80.7700,80.7700,80.7400,80.7400,3162
2009-03-24 19:13:00,80.7700,80.7700,80.7700,80.7700,178
2009-03-24 19:10:00,80.7700,80.7700,80.7600,80.7600,2169
2009-03-24 19:09:00,80.7700,80.7700,80.7700,80.7700,2800
2009-03-24 19:08:00,80.7600,80.7600,80.7600,80.7600,1000
2009-03-24 19:05:00,80.7700,80.7700,80.7500,80.7700,1800
2009-03-24 19:04:00,80.7500,80.7500,80.7500,80.7500,500
2009-03-24 19:03:00,80.7600,80.7600,80.7600,80.7600,500
2009-03-24 19:02:00,80.7800,80.8100,80.7800,80.8000,1100
2009-03-24 19:01:00,80.7600,80.7700,80.7600,80.7700,4948
2009-03-24 19:00:00,80.7400,80.7700,80.7400,80.7700,300
2009-03-24 18:59:00,80.7500,80.7500,80.7500,80.7500,200
2009-03-24 18:56:00,80.7600,80.7600,80.7600,80.7600,428
2009-03-24 18:52:00,80.7900,80.8000,80.7900,80.7900,6050
2009-03-24 18:51:00,80.7500,80.7900,80.7500,80.7900,7000
2009-03-24 18:47:00,80.7300,80.7300,80.7300,80.7300,1000
2009-03-24 18:46:00,80.7400,80.7400,80.7300,80.7300,950
2009-03-24 18:45:00,80.7500,80.7500,80.7500,80.7500,1000
2009-03-24 18:44:00,80.7600,80.7600,80.7600,80.7600,661
2009-03-24 18:42:00,80.7700,80.7700,80.7700,80.7700,500
2009-03-24 18:40:00,80.7400,80.7700,80.7400,80.7700,5450
2009-03-24 18:39:00,80.7400,80.7400,80.7400,80.7400,300
2009-03-24 18:38:00,80.7400,80.7400,80.7400,80.7400,500
2009-03-24 18:37:00,80.8500,80.8500,80.8500,80.8500,334100
2009-03-24 18:36:00,80.7900,80.7900,80.7400,80.7900,39701
2009-03-24 18:35:00,80.7700,80.7900,80.7300,80.7900,42144
2009-03-24 18:34:00,80.6900,80.7400,80.6900,80.7400,30300
2009-03-24 18:33:00,80.6800,80.6800,80.6800,80.6800,200
2009-03-24 18:31:00,80.6600,80.6600,80.6500,80.6500,5499
2009-03-24 18:30:00,80.6300,80.6300,80.6000,80.6300,10470
2009-03-24 18:27:00,80.6200,80.6600,80.6200,80.6600,3618
2009-03-24 18:26:00,80.6200,80.6200,80.6200,80.6200,4852
2009-03-24 18:25:00,80.5900,80.6100,80.5900,80.6100,7927
2009-03-24 18:23:00,80.5600,80.5700,80.5500,80.5700,7330
2009-03-24 18:22:00,80.5500,80.5500,80.5500,80.5500,100
2009-03-24 18:21:00,80.5500,80.5600,80.5500,80.5600,2720
2009-03-24 18:20:00,80.5500,80.5500,80.5500,80.5500,5100
2009-03-24 18:19:00,80.5500,80.5500,80.5500,80.5500,4121
2009-03-24 18:18:00,80.5500,80.5500,80.5500,80.5500,879
2009-03-24 18:17:00,80.5600,80.5600,80.5500,80.5600,7100
2009-03-24 18:16:00,80.5700,80.5700,80.5500,80.5500,4721
2009-03-24 18:15:00,80.5600,80.5700,80.5600,80.5700,500
2009-03-24 18:14:00,80.5700,80.5800,80.5500,80.5500,5550
2009-03-24 18:13:00,80.5500,80.5500,80.5500,80.5500,450
2009-03-24 18:12:00,80.5500,80.5800,80.5500,80.5800,950
2009-03-24 18:11:00,80.5500,80.5500,80.5500,80.5500,5800
2009-03-24 18:09:00,80.5000,80.5500,80.5000,80.5500,3300
2009-03-24 18:08:00,80.5100,80.5200,80.5100,80.5200,7000
2009-03-24 18:07:00,80.5100,80.5100,80.5000,80.5000,1580
2009-03-24 18:06:00,80.5300,80.5300,80.5000,80.5000,2700
2009-03-24 18:05:00,80.5400,80.5400,80.5400,80.5400,800
2009-03-24 18:04:00,80.5700,80.5700,80.5700,80.5700,100
2009-03-24 18:03:00,80.5500,80.5900,80.5500,80.5900,2400
2009-03-24 18:02:00,80.5900,80.5900,80.5600,80.5600,2000
2009-03-24 18:01:00,80.5600,80.5700,80.5600,80.5700,440
2009-03-24 18:00:00,80.5700,80.5900,80.5500,80.5500,12962
2009-03-24 17:58:00,80.5700,80.5700,80.5700,80.5700,991
2009-03-24 17:55:00,80.5700,80.5700,80.5700,80.5700,306
2009-03-24 17:54:00,80.5200,80.5200,80.5200,80.5200,1100
2009-03-24 17:53:00,80.5200,80.5200,80.5200,80.5200,10048
2009-03-24 17:52:00,80.5100,80.5200,80.5100,80.5200,16190
2009-03-24 17:51:00,80.5200,80.5200,80.5200,80.5200,203
2009-03-24 17:50:00,80.5400,80.5400,80.5100,80.5200,25776
2009-03-24 17:49:00,80.5500,80.5500,80.5500,80.5500,700
2009-03-24 17:48:00,80.5500,80.5500,80.5500,80.5500,15000
2009-03-24 17:47:00,80.5400,80.5400,80.5400,80.5400,1000
2009-03-24 17:46:00,80.5400,80.5500,80.5400,80.5400,7800
2009-03-24 17:45:00,80.5300,80.5400,80.5200,80.5400,2453
2009-03-24 17:44:00,80.5500,80.5500,80.5500,80.5500,1170
2009-03-24 17:43:00,80.5500,80.5500,80.5500,80.5500,15750
2009-03-24 17:42:00,80.5500,80.5500,80.5400,80.5500,2330
2009-03-24 17:41:00,80.5500,80.5500,80.5500,80.5500,500
2009-03-24 17:39:00,80.5500,80.5500,80.5500,80.5500,1300
2009-03-24 17:38:00,80.5500,80.5500,80.5500,80.5500,1200
2009-03-24 17:37:00,80.5400,80.5500,80.5400,80.5500,7225
2009-03-24 17:36:00,80.5400,80.5500,80.5400,80.5500,9185
2009-03-24 17:35:00,80.5500,80.5500,80.5400,80.5500,2042869
2009-03-24 17:34:00,80.5600,80.5600,80.5400,80.5400,1003524
2009-03-24 17:33:00,80.5500,80.5500,80.5500,80.5500,3000
2009-03-24 17:32:00,80.5500,80.5500,80.5500,80.5500,720
2009-03-24 17:31:00,80.5500,80.5500,80.5500,80.5500,680
2009-03-24 17:30:00,80.5800,80.5800,80.5500,80.5500,1000
2009-03-24 17:29:00,80.5500,80.6340,80.5500,80.6340,130399
2009-03-24 17:28:00,80.6340,80.6340,80.5700,80.5700,336200
2009-03-24 17:27:00,80.5700,80.5700,80.5700,80.5700,501
2009-03-24 17:26:00,80.5900,80.5900,80.5700,80.5700,953
2009-03-24 17:25:00,80.5800,80.5800,80.5800,80.5800,400
2009-03-24 17:24:00,80.6000,80.6000,80.6000,80.6000,1100
2009-03-24 17:23:00,80.5800,80.5800,80.5500,80.5800,9700
2009-03-24 17:22:00,80.5500,80.5800,80.5500,80.5800,12799
2009-03-24 17:17:00,80.6000,80.6000,80.5200,80.5200,181595
2009-03-24 17:16:00,80.6000,80.6000,80.6000,80.6000,12775
2009-03-24 17:15:00,80.6000,80.6000,80.5800,80.5800,5782
2009-03-24 17:14:00,80.6500,80.6600,80.6000,80.6000,69388
2009-03-24 17:13:00,80.6600,80.6700,80.6600,80.6700,300
2009-03-24 17:12:00,80.6600,80.6600,80.6600,80.6600,2823
2009-03-24 17:11:00,80.5600,80.6500,80.5600,80.6500,5389
2009-03-24 17:10:00,80.5500,80.5600,80.5500,80.5600,2100
2009-03-24 17:08:00,80.5973,80.5973,80.5973,80.5973,3686
2009-03-24 17:07:00,80.5800,80.5800,80.5600,80.5700,2802
2009-03-24 17:06:00,80.6000,80.6000,80.5700,80.5900,3200
2009-03-24 17:05:00,80.6000,80.6000,80.6000,80.6000,100
2009-03-24 17:04:00,80.5900,80.6000,80.5900,80.6000,2600
2009-03-24 17:03:00,80.6300,80.6300,80.6000,80.6000,3411
2009-03-24 17:02:00,80.6300,80.6300,80.6200,80.6200,450
2009-03-24 17:01:00,80.6000,80.6300,80.6000,80.6000,2390
2009-03-24 17:00:00,80.5800,80.6000,80.5800,80.6000,1399
2009-03-24 16:59:00,80.5900,80.6100,80.5900,80.6100,1475
2009-03-24 16:58:00,80.5900,80.6100,80.5500,80.5800,51898
2009-03-24 16:57:00,80.6000,80.6000,80.5900,80.5900,8600
2009-03-24 16:56:00,80.6100,80.6200,80.6000,80.6100,10959
2009-03-24 16:55:00,80.6000,80.6200,80.6000,80.6200,126200
2009-03-24 16:54:00,80.6000,80.6000,80.6000,80.6000,350000
2009-03-24 16:52:00,80.6100,80.6100,80.6100,80.6100,6405
2009-03-24 16:51:00,80.6300,80.6300,80.6100,80.6100,5400
2009-03-24 16:50:00,80.6100,80.6300,80.6100,80.6300,9516
2009-03-24 16:49:00,80.6200,80.6200,80.6000,80.6200,10560
2009-03-24 16:48:00,80.6300,80.6300,80.6200,80.6200,1900
2009-03-24 16:47:00,80.6100,80.6100,80.6100,80.6100,5447
2009-03-24 16:46:00,80.6300,80.6300,80.6300,80.6300,100
2009-03-24 16:44:00,80.6400,80.6400,80.6100,80.6100,12635
2009-03-24 16:43:00,80.6400,80.6600,80.6400,80.6400,4700
2009-03-24 16:42:00,80.6500,80.6700,80.6300,80.6500,11442
2009-03-24 16:41:00,80.6800,80.6800,80.6500,80.6500,14905
2009-03-24 16:40:00,80.7000,80.7000,80.7000,80.7000,905
2009-03-24 16:39:00,80.6800,80.7000,80.6800,80.6800,5500
2009-03-24 16:38:00,80.7000,80.7200,80.6800,80.6800,21341
2009-03-24 16:37:00,80.6900,80.7100,80.6800,80.7100,70678
2009-03-24 16:36:00,80.7300,80.7500,80.6900,80.6900,238600
2009-03-24 16:35:00,80.6900,80.7500,80.6800,80.7500,41800
2009-03-24 16:34:00,80.7200,80.7200,80.7000,80.7100,25789
2009-03-24 16:33:00,80.7100,80.7200,80.7000,80.7000,17700
2009-03-24 16:32:00,80.7000,80.7000,80.7000,80.7000,6300
2009-03-24 16:31:00,80.7100,80.7200,80.7000,80.7100,11300
2009-03-24 16:30:00,80.7200,80.7200,80.7100,80.7100,3505
2009-03-24 16:29:00,80.7200,80.7200,80.7000,80.7100,4400
2009-03-24 16:28:00,80.7000,80.7300,80.6900,80.7300,10400
2009-03-24 16:27:00,80.7100,80.7100,80.6800,80.7100,2003300
2009-03-24 16:26:00,80.7200,80.7200,80.7100,80.7100,2162
2009-03-24 16:25:00,80.7000,80.7400,80.6800,80.7400,4100
2009-03-24 16:24:00,80.7000,80.7700,80.7000,80.7700,10065
2009-03-24 16:23:00,80.7100,80.7300,80.6800,80.6800,12800
2009-03-24 16:22:00,80.6900,80.6900,80.6800,80.6800,913
2009-03-24 16:21:00,80.7000,80.7000,80.7000,80.7000,3200
2009-03-24 16:20:00,80.7100,80.7100,80.7000,80.7000,4200
2009-03-24 16:19:00,80.7100,80.7100,80.7100,80.7100,2169
2009-03-24 16:18:00,80.7200,80.9600,80.7000,80.7100,25000
2009-03-24 16:17:00,80.7300,80.7300,80.7200,80.7200,8829
2009-03-24 16:16:00,80.7200,80.7200,80.7100,80.7200,3909
2009-03-24 16:15:00,80.7100,80.7200,80.7000,80.7100,15927
2009-03-24 16:14:00,80.7200,80.7300,80.7100,80.7100,103892
2009-03-24 16:13:00,80.7300,80.7500,80.7200,80.7200,111356
2009-03-24 16:12:00,80.7100,80.7500,80.7000,80.7500,199618
2009-03-24 16:11:00,80.7500,80.7600,80.7000,80.7100,130868
2009-03-24 16:10:00,80.7600,80.7600,80.7100,80.7500,272001
2009-03-24 16:09:00,80.7300,80.7600,80.6900,80.7600,219232
2009-03-24 16:08:00,80.7500,80.7700,80.6900,80.7300,427686
2009-03-24 16:07:00,80.7200,80.7500,80.7100,80.7500,334355
2009-03-24 16:06:00,80.6400,80.7600,80.6400,80.7100,339518
2009-03-24 16:05:00,80.6000,80.6800,80.5800,80.6400,187225
2009-03-24 16:04:00,80.6000,80.6900,80.5800,80.5900,319621
2009-03-24 16:03:00,80.6100,80.6700,80.6100,80.6200,297565
2009-03-24 16:02:00,80.5800,80.9000,80.5500,80.9000,556244
2009-03-24 16:01:00,80.5700,80.6100,80.5600,80.6000,348494
2009-03-24 16:00:00,80.6100,80.6300,80.5400,80.5800,1824486
2009-03-24 15:59:00,80.5200,80.6500,80.5100,80.6100,3191624
2009-03-24 15:58:00,80.6000,80.6000,80.5100,80.5100,2705209
2009-03-24 15:57:00,80.6500,80.6500,80.5800,80.6000,1732398
2009-03-24 15:56:00,80.7600,80.7600,80.6100,80.6500,1865918
2009-03-24 15:55:00,80.7600,80.8400,80.7500,80.7600,1191533
2009-03-24 15:54:00,80.8100,80.8300,80.7100,80.7600,1922686
2009-03-24 15:53:00,80.9000,80.9500,80.7900,80.8006,1842908
2009-03-24 15:52:00,81.0100,81.0200,80.8900,80.9000,1975593
2009-03-24 15:51:00,81.0700,81.0800,81.0000,81.0100,963826
2009-03-24 15:50:00,81.0900,81.1500,81.0400,81.0700,1580033
2009-03-24 15:49:00,81.2100,81.2200,81.0800,81.0900,1089369
2009-03-24 15:48:00,81.2700,81.2800,81.1900,81.2100,1342672
2009-03-24 15:47:00,81.1600,81.3500,81.1500,81.2700,938021
2009-03-24 15:46:00,81.1900,81.2200,81.1500,81.1700,693772
2009-03-24 15:45:00,81.1900,81.2700,81.1500,81.1900,961372
2009-03-24 15:44:00,81.2500,81.2600,81.1000,81.2000,1989194
2009-03-24 15:43:00,81.3250,81.3300,81.2400,81.2500,953014
2009-03-24 15:42:00,81.4100,81.4725,81.3100,81.3225,954837
2009-03-24 15:41:00,81.3700,81.5100,81.3600,81.4200,989100
2009-03-24 15:40:00,81.4600,81.4900,81.3100,81.3600,1059530
2009-03-24 15:39:00,81.4406,81.4600,81.3900,81.4600,1498311
2009-03-24 15:38:00,81.4900,81.4900,81.4000,81.4500,630626
2009-03-24 15:37:00,81.5500,81.5900,81.4300,81.4900,950573
2009-03-24 15:36:00,81.4100,81.5900,81.4000,81.5500,1312455
2009-03-24 15:35:00,81.3200,81.4400,81.3000,81.4000,1067574
2009-03-24 15:34:00,81.2850,81.3200,81.2000,81.3100,1156571
2009-03-24 15:33:00,81.2500,81.3100,81.1900,81.2900,871657
2009-03-24 15:32:00,81.2800,81.3300,81.2100,81.2500,552750
2009-03-24 15:31:00,81.4000,81.4200,81.2700,81.2800,694447
2009-03-24 15:30:00,81.3400,81.4600,81.3200,81.4100,798477
2009-03-24 15:29:00,81.2900,81.3600,81.2300,81.3400,966702
2009-03-24 15:28:00,81.2300,81.3000,81.1900,81.2900,991203
2009-03-24 15:27:00,81.2200,81.3000,81.2000,81.2300,759098
2009-03-24 15:26:00,81.2500,81.2525,81.1100,81.2100,1020730
2009-03-24 15:25:00,81.2800,81.3400,81.2200,81.2400,709796
2009-03-24 15:24:00,81.4000,81.4100,81.2400,81.2700,1257012
2009-03-24 15:23:00,81.4200,81.4300,81.3300,81.4000,716533
2009-03-24 15:22:00,81.4988,81.5000,81.4200,81.4200,398784
2009-03-24 15:21:00,81.4800,81.5700,81.4400,81.4900,929695
2009-03-24 15:20:00,81.3800,81.4800,81.3500,81.4800,416127
2009-03-24 15:19:00,81.4900,81.5000,81.3600,81.3800,459090
2009-03-24 15:18:00,81.5000,81.5500,81.4600,81.4894,426316
2009-03-24 15:17:00,81.4100,81.5200,81.3900,81.4917,690269
2009-03-24 15:16:00,81.4200,81.4500,81.3700,81.4100,628005
2009-03-24 15:15:00,81.2900,81.4500,81.2800,81.4201,778227
2009-03-24 15:14:00,81.3600,81.3800,81.2800,81.2900,494508
2009-03-24 15:13:00,81.3400,81.3800,81.3300,81.3600,264372
2009-03-24 15:12:00,81.3499,81.4000,81.3300,81.3400,303994
2009-03-24 15:11:00,81.3600,81.3800,81.3300,81.3500,301565
2009-03-24 15:10:00,81.3200,81.4000,81.2500,81.3600,686068
2009-03-24 15:09:00,81.2800,81.3300,81.2200,81.3200,803395
2009-03-24 15:08:00,81.3600,81.4000,81.2800,81.3100,766979
2009-03-24 15:07:00,81.4300,81.4400,81.3000,81.3700,1181771
2009-03-24 15:06:00,81.4100,81.4800,81.4000,81.4300,541245
2009-03-24 15:05:00,81.5400,81.5400,81.3700,81.4100,1189975
2009-03-24 15:04:00,81.6500,81.6600,81.5300,81.5400,594808
2009-03-24 15:03:00,81.6300,81.6900,81.6300,81.6500,373021
2009-03-24 15:02:00,81.7100,81.7200,81.6300,81.6300,329255
2009-03-24 15:01:00,81.6900,81.7500,81.6600,81.7100,587203
2009-03-24 15:00:00,81.6200,81.7300,81.6100,81.6900,679039
2009-03-24 14:59:00,81.5800,81.6500,81.5700,81.6300,282347
2009-03-24 14:58:00,81.5600,81.5900,81.5500,81.5700,421447
2009-03-24 14:57:00,81.5500,81.5900,81.5300,81.5600,485433
2009-03-24 14:56:00,81.5100,81.5600,81.4500,81.5500,1212395
2009-03-24 14:55:00,81.5400,81.5800,81.4800,81.5100,1109552
2009-03-24 14:54:00,81.5000,81.5800,81.5000,81.5700,1047980
2009-03-24 14:53:00,81.7100,81.7200,81.5000,81.5100,1578470
2009-03-24 14:52:00,81.7804,81.8000,81.6800,81.7200,1198793
2009-03-24 14:51:00,81.9100,81.9100,81.7800,81.7806,324540
2009-03-24 14:50:00,81.7900,81.9100,81.7600,81.9100,729288
2009-03-24 14:49:00,81.9400,81.9400,81.7800,81.7900,432330
2009-03-24 14:48:00,81.8700,81.9800,81.8500,81.9400,525388
2009-03-24 14:47:00,81.8200,81.8700,81.8000,81.8700,376265
2009-03-24 14:46:00,81.8500,81.8500,81.7600,81.8200,797691
2009-03-24 14:45:00,81.8700,81.8800,81.8300,81.8500,157221
2009-03-24 14:44:00,81.8300,81.9000,81.8100,81.8600,294189
2009-03-24 14:43:00,81.8300,81.9000,81.8200,81.8300,423181
2009-03-24 14:42:00,81.9600,81.9700,81.8200,81.8300,516125
2009-03-24 14:41:00,81.8800,81.9800,81.8700,81.9600,761358
2009-03-24 14:40:00,81.8300,81.9000,81.8200,81.9000,338594
2009-03-24 14:39:00,81.8300,81.8400,81.7700,81.8299,280814
2009-03-24 14:38:00,81.8200,81.8600,81.7600,81.8300,398300
2009-03-24 14:37:00,81.8900,81.9200,81.7900,81.8200,559514
2009-03-24 14:36:00,81.8050,81.9200,81.7800,81.8800,1124763
2009-03-24 14:35:00,81.7500,81.8200,81.7000,81.8090,1362115
2009-03-24 14:34:00,81.7500,81.8200,81.6800,81.7600,1388046
2009-03-24 14:33:00,81.7405,81.8200,81.7400,81.7500,596862
2009-03-24 14:32:00,81.8800,81.9200,81.7400,81.7500,1101781
2009-03-24 14:31:00,81.9100,81.9800,81.8700,81.8800,460032
2009-03-24 14:30:00,81.8300,81.9600,81.8100,81.9100,1778342
2009-03-24 14:29:00,81.9100,81.9400,81.7800,81.8400,485812
2009-03-24 14:28:00,81.9400,81.9600,81.9000,81.9100,180627
2009-03-24 14:27:00,81.9300,82.0000,81.9200,81.9300,373430
2009-03-24 14:26:00,81.8700,81.9900,81.8700,81.9399,965065
2009-03-24 14:25:00,82.1100,82.1200,81.8700,81.8800,746450
2009-03-24 14:24:00,82.0500,82.1400,82.0400,82.1100,391388
2009-03-24 14:23:00,82.0400,82.0700,82.0300,82.0500,298996
2009-03-24 14:22:00,82.0500,82.1100,82.0200,82.0400,566696
2009-03-24 14:21:00,82.1800,82.1900,82.0200,82.0600,879587
2009-03-24 14:20:00,82.1100,82.2600,82.0900,82.1799,1072174
2009-03-24 14:19:00,82.1300,82.1300,82.0400,82.1100,332857
2009-03-24 14:18:00,82.1000,82.1500,82.0200,82.1300,654081
2009-03-24 14:17:00,81.9600,82.1800,81.9200,82.0900,2073534
2009-03-24 14:16:00,81.9800,82.0200,81.9200,81.9505,524587
2009-03-24 14:15:00,82.0000,82.0200,81.9600,81.9800,329640
2009-03-24 14:14:00,81.9900,82.0500,81.9400,82.0000,454303
2009-03-24 14:13:00,82.0300,82.0400,81.9600,81.9800,398803
2009-03-24 14:12:00,82.1200,82.1200,81.9000,82.0300,1267189
2009-03-24 14:11:00,82.1000,82.1700,82.0700,82.1200,889844
2009-03-24 14:10:00,82.0700,82.1400,82.0700,82.1000,627406
2009-03-24 14:09:00,82.0200,82.1400,82.0100,82.0700,853718
2009-03-24 14:08:00,81.9400,82.0700,81.9400,82.0200,1014922
2009-03-24 14:07:00,81.9400,81.9500,81.9100,81.9305,346939
2009-03-24 14:06:00,81.8800,81.9900,81.8700,81.9500,1004935
2009-03-24 14:05:00,81.7901,81.9200,81.7901,81.8706,565006
2009-03-24 14:04:00,81.7300,81.8100,81.7100,81.8000,355183
2009-03-24 14:03:00,81.8500,81.8600,81.7100,81.7200,507757
2009-03-24 14:02:00,81.8500,81.8600,81.7900,81.8500,267235
2009-03-24 14:01:00,81.8400,81.8900,81.8300,81.8500,279775
2009-03-24 14:00:00,81.8275,81.8800,81.7900,81.8400,401254
2009-03-24 13:59:00,81.7900,81.8800,81.7800,81.8300,608044
2009-03-24 13:58:00,81.7000,81.8000,81.6600,81.7900,920960
2009-03-24 13:57:00,81.7900,81.8000,81.7000,81.7100,450839
2009-03-24 13:56:00,81.8200,81.8200,81.7000,81.8000,660391
2009-03-24 13:55:00,81.7300,81.8300,81.7200,81.8200,679384
2009-03-24 13:54:00,81.7200,81.7600,81.6800,81.7300,822528
2009-03-24 13:53:00,81.7700,81.7800,81.6600,81.7200,824386
2009-03-24 13:52:00,81.8200,81.8400,81.7600,81.7700,753947
2009-03-24 13:51:00,81.7400,81.9700,81.7300,81.8200,933228
2009-03-24 13:50:00,81.8400,81.9100,81.7400,81.7400,1368048
2009-03-24 13:49:00,81.8717,81.8900,81.8400,81.8500,338813
2009-03-24 13:48:00,81.9100,81.9200,81.8600,81.8778,282392
2009-03-24 13:47:00,81.9100,81.9200,81.8700,81.9100,396144
2009-03-24 13:46:00,82.0000,82.0000,81.8200,81.9000,615199
2009-03-24 13:45:00,81.9600,82.0700,81.9500,81.9900,604394
2009-03-24 13:44:00,81.9695,81.9700,81.9500,81.9500,167366
2009-03-24 13:43:00,82.0200,82.0200,81.9100,81.9694,432288
2009-03-24 13:42:00,81.9600,82.0200,81.9400,82.0200,580727
2009-03-24 13:41:00,81.9000,81.9700,81.9000,81.9600,279100
2009-03-24 13:40:00,81.9000,81.9400,81.8700,81.9000,587137
2009-03-24 13:39:00,81.9400,81.9600,81.9000,81.9000,408977
2009-03-24 13:38:00,81.9206,81.9600,81.8400,81.9300,658588
2009-03-24 13:37:00,81.9400,82.0100,81.9200,81.9200,757452
2009-03-24 13:36:00,81.9000,81.9500,81.9000,81.9400,323635
2009-03-24 13:35:00,81.9200,81.9500,81.8400,81.9000,1119249
2009-03-24 13:34:00,82.0300,82.0300,81.8900,81.9200,1199272
2009-03-24 13:33:00,82.1000,82.1300,82.0100,82.0200,802382
2009-03-24 13:32:00,82.1500,82.1600,82.0800,82.1000,890109
2009-03-24 13:31:00,82.2500,82.2500,82.1500,82.1500,381274
2009-03-24 13:30:00,82.2700,82.2700,82.2200,82.2500,419282
2009-03-24 13:29:00,82.2300,82.2700,82.2000,82.2600,433357
2009-03-24 13:28:00,82.3000,82.3100,82.2200,82.2300,910711
2009-03-24 13:27:00,82.3500,82.3500,82.3000,82.3100,587109
2009-03-24 13:26:00,82.3200,82.3600,82.2700,82.3500,866982
2009-03-24 13:25:00,82.2400,82.3300,82.2200,82.3197,1097001
2009-03-24 13:24:00,82.2212,82.2500,82.2200,82.2400,169782
2009-03-24 13:23:00,82.2300,82.2700,82.2000,82.2300,523169
2009-03-24 13:22:00,82.2100,82.2500,82.2100,82.2300,373253
2009-03-24 13:21:00,82.2300,82.2800,82.1700,82.2100,974940
2009-03-24 13:20:00,82.1300,82.2700,82.1300,82.2300,1546794
2009-03-24 13:19:00,82.0899,82.2200,82.0600,82.1200,1806796
2009-03-24 13:18:00,81.9874,82.0900,81.9800,82.0900,906606
2009-03-24 13:17:00,81.9900,82.0000,81.9500,81.9800,315142
2009-03-24 13:16:00,81.9500,82.0100,81.9400,81.9800,486045
2009-03-24 13:15:00,82.0300,82.0500,81.9400,81.9500,596200
2009-03-24 13:14:00,82.0700,82.0700,82.0000,82.0300,468805
2009-03-24 13:13:00,81.9800,82.0900,81.9500,82.0700,668954
2009-03-24 13:12:00,81.8300,81.9800,81.8200,81.9700,657304
2009-03-24 13:11:00,81.9078,81.9400,81.8200,81.8300,712071
2009-03-24 13:10:00,82.0400,82.0800,81.9000,81.9100,1050880
2009-03-24 13:09:00,81.9600,82.0700,81.9500,82.0400,581130
2009-03-24 13:08:00,81.9200,81.9694,81.9100,81.9500,461032
2009-03-24 13:07:00,81.8700,81.9400,81.8700,81.9100,302362
2009-03-24 13:06:00,81.9500,81.9500,81.8600,81.8700,375014
2009-03-24 13:05:00,81.9100,81.9500,81.8600,81.9500,443617
2009-03-24 13:04:00,81.9374,81.9600,81.8900,81.9001,348713
2009-03-24 13:03:00,81.8900,81.9600,81.8900,81.9400,410106
2009-03-24 13:02:00,81.9900,81.9900,81.8900,81.9000,299642
2009-03-24 13:01:00,81.9799,82.0000,81.9400,81.9900,333644
2009-03-24 13:00:00,81.9800,82.0100,81.9100,81.9700,1064611
2009-03-24 12:59:00,82.0300,82.0400,81.9800,81.9800,679794
2009-03-24 12:58:00,81.9900,82.0800,81.9700,82.0400,984781
2009-03-24 12:57:00,81.9600,82.0000,81.9500,81.9900,718310
2009-03-24 12:56:00,81.9300,81.9700,81.9000,81.9600,326837
2009-03-24 12:55:00,81.9900,82.0000,81.9100,81.9300,693487
2009-03-24 12:54:00,81.8500,82.0100,81.8400,81.9900,1422030
2009-03-24 12:53:00,81.8000,81.8700,81.7900,81.8500,500209
2009-03-24 12:52:00,81.8300,81.8300,81.7800,81.7999,318776
2009-03-24 12:51:00,81.8200,81.8600,81.8000,81.8300,488021
2009-03-24 12:50:00,81.8100,81.8700,81.7800,81.8100,1177643
2009-03-24 12:49:00,81.6800,81.8200,81.6400,81.8000,1267912
2009-03-24 12:48:00,81.5800,81.7100,81.5500,81.6800,772423
2009-03-24 12:47:00,81.5900,81.6200,81.5700,81.5700,467639
2009-03-24 12:46:00,81.5200,81.6100,81.5100,81.6000,276599
2009-03-24 12:45:00,81.5100,81.5300,81.4900,81.5200,223138
2009-03-24 12:44:00,81.5500,81.5600,81.4900,81.5100,362785
2009-03-24 12:43:00,81.5201,81.5700,81.4900,81.5600,708262
2009-03-24 12:42:00,81.5100,81.5400,81.4900,81.5300,513512
2009-03-24 12:41:00,81.5800,81.5800,81.5100,81.5100,332491
2009-03-24 12:40:00,81.5400,81.5900,81.5100,81.5800,268411
2009-03-24 12:39:00,81.5500,81.5900,81.5400,81.5500,185389
2009-03-24 12:38:00,81.5900,81.6500,81.5500,81.5500,713849
2009-03-24 12:37:00,81.6500,81.6500,81.5600,81.5900,825701
2009-03-24 12:36:00,81.7200,81.7300,81.6400,81.6499,524818
2009-03-24 12:35:00,81.6501,81.7300,81.6500,81.7200,529363
2009-03-24 12:34:00,81.6500,81.6700,81.6200,81.6501,183967
2009-03-24 12:33:00,81.6600,81.6900,81.6400,81.6600,324792
2009-03-24 12:32:00,81.6300,81.6800,81.6225,81.6599,390875
2009-03-24 12:31:00,81.6800,81.6900,81.6200,81.6250,413859
2009-03-24 12:30:00,81.6000,81.7500,81.6000,81.6800,835917
2009-03-24 12:29:00,81.5300,81.6400,81.5100,81.6099,545367
2009-03-24 12:28:00,81.5206,81.5600,81.5206,81.5300,160453
2009-03-24 12:27:00,81.5500,81.5600,81.5200,81.5300,235267
2009-03-24 12:26:00,81.5100,81.5600,81.4800,81.5500,291568
2009-03-24 12:25:00,81.5100,81.5600,81.5100,81.5100,353492
2009-03-24 12:24:00,81.5100,81.5300,81.5000,81.5000,194201
2009-03-24 12:23:00,81.4500,81.5400,81.4300,81.5094,346188
2009-03-24 12:22:00,81.5300,81.5300,81.4500,81.4500,437334
2009-03-24 12:21:00,81.5100,81.5300,81.4900,81.5300,556651
2009-03-24 12:20:00,81.5500,81.5500,81.5100,81.5100,153643
2009-03-24 12:19:00,81.5200,81.5600,81.5100,81.5400,272777
2009-03-24 12:18:00,81.4995,81.5250,81.4900,81.5200,125680
2009-03-24 12:17:00,81.5200,81.5700,81.4900,81.5000,539520
2009-03-24 12:16:00,81.4200,81.5500,81.4100,81.5200,1346578
2009-03-24 12:15:00,81.3800,81.4300,81.3700,81.4300,210457
2009-03-24 12:14:00,81.3500,81.4100,81.3500,81.3800,742678
2009-03-24 12:13:00,81.2800,81.3500,81.2100,81.3500,541057
2009-03-24 12:12:00,81.2100,81.2900,81.2100,81.2800,275728
2009-03-24 12:11:00,81.2200,81.2300,81.1700,81.2100,411660
2009-03-24 12:10:00,81.2100,81.2401,81.1600,81.2300,692555
2009-03-24 12:09:00,81.3399,81.3400,81.2100,81.2100,608275
2009-03-24 12:08:00,81.3000,81.6000,81.2974,81.3200,720242
2009-03-24 12:07:00,81.2900,81.4000,81.2900,81.3000,775738
2009-03-24 12:06:00,81.2600,81.3100,81.2300,81.2900,454871
2009-03-24 12:05:00,81.2200,81.2800,81.2100,81.2500,405553
2009-03-24 12:04:00,81.3100,81.3500,81.2200,81.2300,636870
2009-03-24 12:03:00,81.3000,81.3600,81.2700,81.3000,686737
2009-03-24 12:02:00,81.2901,81.3000,81.2700,81.2900,292017
2009-03-24 12:01:00,81.2800,81.3000,81.2700,81.3000,236401
2009-03-24 12:00:00,81.3700,81.3700,81.2500,81.2801,668826
2009-03-24 11:59:00,81.4000,81.4000,81.3300,81.3700,501996
2009-03-24 11:58:00,81.3800,81.4100,81.3700,81.3900,362318
2009-03-24 11:57:00,81.3800,81.4300,81.3600,81.3900,641682
2009-03-24 11:56:00,81.3500,81.4200,81.3500,81.3800,643756
2009-03-24 11:55:00,81.4700,81.4800,81.3500,81.3500,665000
2009-03-24 11:54:00,81.4200,81.4800,81.4100,81.4780,285566
2009-03-24 11:53:00,81.4100,81.4500,81.4000,81.4100,364044
2009-03-24 11:52:00,81.5200,81.5300,81.4000,81.4100,1235194
2009-03-24 11:51:00,81.6200,81.6200,81.5100,81.5200,570160
2009-03-24 11:50:00,81.6000,81.6700,81.5900,81.6100,559913
2009-03-24 11:49:00,81.5500,81.6000,81.5400,81.5900,504396
2009-03-24 11:48:00,81.5400,81.5900,81.5100,81.5500,928769
2009-03-24 11:47:00,81.5400,81.5900,81.5200,81.5400,653668
2009-03-24 11:46:00,81.5400,81.5600,81.5200,81.5497,262725
2009-03-24 11:45:00,81.6000,81.6400,81.5300,81.5500,811529
2009-03-24 11:44:00,81.6500,81.6600,81.6100,81.6100,457451
2009-03-24 11:43:00,81.6600,81.7000,81.6300,81.6500,579254
2009-03-24 11:42:00,81.6700,81.6800,81.6100,81.6600,632192
2009-03-24 11:41:00,81.7300,81.7500,81.6700,81.6706,1263829
2009-03-24 11:40:00,81.7600,81.7700,81.6900,81.7200,1012435
2009-03-24 11:39:00,81.6700,81.7700,81.6600,81.7700,898650
2009-03-24 11:38:00,81.6200,81.6800,81.6200,81.6700,341408
2009-03-24 11:37:00,81.6300,81.6500,81.5700,81.6200,621851
2009-03-24 11:36:00,81.6100,81.6900,81.6100,81.6300,463920
2009-03-24 11:35:00,81.5000,81.6500,81.5000,81.6100,680783
2009-03-24 11:34:00,81.5800,81.6200,81.5000,81.5100,407249
2009-03-24 11:33:00,81.6400,81.6500,81.5600,81.5800,535135
2009-03-24 11:32:00,81.5900,81.6600,81.5300,81.6400,624447
2009-03-24 11:31:00,81.5800,81.6100,81.5500,81.5800,405658
2009-03-24 11:30:00,81.6000,81.6300,81.5700,81.5800,424059
2009-03-24 11:29:00,81.6300,81.6700,81.5700,81.6000,661397
2009-03-24 11:28:00,81.6700,81.6700,81.6000,81.6300,670169
2009-03-24 11:27:00,81.5500,81.7100,81.4800,81.6700,1311523
2009-03-24 11:26:00,81.5200,81.5800,81.5100,81.5500,451973
2009-03-24 11:25:00,81.5500,81.5600,81.5100,81.5200,496919
2009-03-24 11:24:00,81.5000,81.6000,81.4900,81.5500,769660
2009-03-24 11:23:00,81.5000,81.5200,81.4400,81.5000,528514
2009-03-24 11:22:00,81.4406,81.5100,81.4100,81.5000,737558
2009-03-24 11:21:00,81.3200,81.4500,81.3100,81.4500,400122
2009-03-24 11:20:00,81.3100,81.3200,81.2800,81.3200,191325
2009-03-24 11:19:00,81.3300,81.3300,81.2700,81.3200,698444
2009-03-24 11:18:00,81.3800,81.4000,81.3100,81.3200,385156
2009-03-24 11:17:00,81.4000,81.4500,81.3400,81.3800,339601
2009-03-24 11:16:00,81.3700,81.4100,81.3500,81.3900,374540
2009-03-24 11:15:00,81.4100,81.4200,81.3500,81.3600,461104
2009-03-24 11:14:00,81.4000,81.4900,81.4000,81.4100,1169289
2009-03-24 11:13:00,81.3700,81.4500,81.3300,81.4000,585380
2009-03-24 11:12:00,81.2906,81.3900,81.2900,81.3700,486829
2009-03-24 11:11:00,81.3000,81.3300,81.2900,81.2900,418969
2009-03-24 11:10:00,81.3000,81.3500,81.2900,81.3000,671571
2009-03-24 11:09:00,81.3000,81.3200,81.3000,81.3001,132432
2009-03-24 11:08:00,81.3100,81.3400,81.2700,81.3000,969636
2009-03-24 11:07:00,81.2100,81.3300,81.2000,81.2900,445143
2009-03-24 11:06:00,81.2400,81.2600,81.2000,81.2000,486054
2009-03-24 11:05:00,81.1800,81.2400,81.1400,81.2400,599207
2009-03-24 11:04:00,81.1200,81.2900,81.1200,81.1800,697020
2009-03-24 11:03:00,81.0700,81.1100,81.0200,81.1100,441281
2009-03-24 11:02:00,81.1300,81.1300,81.0400,81.0600,482343
2009-03-24 11:01:00,81.0800,81.1400,81.0400,81.1300,554785
2009-03-24 11:00:00,81.1400,81.1600,81.0200,81.0800,1111527
2009-03-24 10:59:00,81.1500,81.2600,81.1400,81.1400,898554
2009-03-24 10:58:00,81.1100,81.1900,81.1100,81.1500,588315
2009-03-24 10:57:00,81.1800,81.1900,81.1000,81.1101,370126
2009-03-24 10:56:00,81.2200,81.2400,81.1700,81.1900,454950
2009-03-24 10:55:00,81.1250,81.2400,81.1100,81.2200,552098
2009-03-24 10:54:00,81.1300,81.1900,81.1200,81.1200,395093
2009-03-24 10:53:00,81.2200,81.2200,81.1100,81.1200,286548
2009-03-24 10:52:00,81.1600,81.2300,81.0900,81.2200,564801
2009-03-24 10:51:00,81.1805,81.1900,81.1200,81.1600,526329
2009-03-24 10:50:00,81.0200,81.1900,81.0200,81.1900,1084759
2009-03-24 10:49:00,80.9700,81.0600,80.9600,81.0200,892853
2009-03-24 10:48:00,80.9200,81.0300,80.8900,80.9800,736346
2009-03-24 10:47:00,80.9497,80.9794,80.8700,80.9200,934166
2009-03-24 10:46:00,80.9200,81.0300,80.9100,80.9400,677905
2009-03-24 10:45:00,81.0500,81.0500,80.9000,80.9200,1255219
2009-03-24 10:44:00,81.1500,81.1500,81.0400,81.0500,445444
2009-03-24 10:43:00,81.1800,81.2000,81.0950,81.1492,420925
2009-03-24 10:42:00,81.1400,81.2400,81.1200,81.1800,1137079
2009-03-24 10:41:00,81.1800,81.2500,81.1400,81.1400,638424
2009-03-24 10:40:00,81.1200,81.2000,81.0800,81.1700,1108019
2009-03-24 10:39:00,81.0400,81.3400,80.9900,81.1200,613130
2009-03-24 10:38:00,81.0500,81.0600,80.9800,81.0400,556868
2009-03-24 10:37:00,81.0400,81.0800,80.9500,81.0500,1900755
2009-03-24 10:36:00,81.0003,81.0500,80.9500,81.0400,580143
2009-03-24 10:35:00,81.1500,81.1800,80.9900,81.0100,1260273
2009-03-24 10:34:00,81.0700,81.1600,81.0400,81.1500,937005
2009-03-24 10:33:00,81.1000,81.1700,81.0500,81.0700,1026572
2009-03-24 10:32:00,81.1200,81.1700,81.0600,81.0900,785308
2009-03-24 10:31:00,81.1100,81.1400,81.0600,81.1300,1003637
2009-03-24 10:30:00,81.1706,81.1800,81.0500,81.1100,975897
2009-03-24 10:29:00,81.2800,81.3000,81.1200,81.1799,1090032
2009-03-24 10:28:00,81.4200,81.4500,81.2500,81.2800,884446
2009-03-24 10:27:00,81.4300,81.4400,81.3500,81.4100,585844
2009-03-24 10:26:00,81.3700,81.4400,81.3500,81.4300,739877
2009-03-24 10:25:00,81.2606,81.3800,81.2600,81.3800,1134667
2009-03-24 10:24:00,81.2700,81.3000,81.2400,81.2699,474251
2009-03-24 10:23:00,81.3100,81.3500,81.2600,81.2799,884796
2009-03-24 10:22:00,81.2500,81.3900,81.2400,81.3100,947592
2009-03-24 10:21:00,81.2400,81.3000,81.2100,81.2500,1442283
2009-03-24 10:20:00,81.3200,81.4100,81.2400,81.2400,865398
2009-03-24 10:19:00,81.4600,81.4800,81.3200,81.3200,788372
2009-03-24 10:18:00,81.4500,81.5400,81.4300,81.4500,633406
2009-03-24 10:17:00,81.5700,81.6200,81.4400,81.4500,1246536
2009-03-24 10:16:00,81.6200,81.6200,81.5300,81.5700,733199
2009-03-24 10:15:00,81.5100,81.6300,81.4800,81.6300,1307375
2009-03-24 10:14:00,81.5600,81.5900,81.4700,81.5100,976939
2009-03-24 10:13:00,81.7000,81.7000,81.5300,81.5600,1479901
2009-03-24 10:12:00,81.6500,81.7700,81.5800,81.7000,795383
2009-03-24 10:11:00,81.6600,81.7600,81.6500,81.6600,1245797
2009-03-24 10:10:00,81.5900,81.6900,81.5200,81.6600,950835
2009-03-24 10:09:00,81.6100,81.6600,81.5500,81.6100,716499
2009-03-24 10:08:00,81.6900,81.7100,81.5400,81.6000,876022
2009-03-24 10:07:00,81.6200,81.6900,81.5700,81.6900,946872
2009-03-24 10:06:00,81.6900,81.7400,81.5500,81.6201,1412515
2009-03-24 10:05:00,81.7500,81.8100,81.6900,81.6900,1133447
2009-03-24 10:04:00,81.7400,81.7700,81.6700,81.7600,946189
2009-03-24 10:03:00,81.7200,81.7600,81.6800,81.7400,992918
2009-03-24 10:02:00,81.7900,81.8500,81.6700,81.7300,1853024
2009-03-24 10:01:00,81.6600,81.8300,81.6300,81.8000,3303806
2009-03-24 10:00:00,81.4500,81.6700,81.4494,81.6700,1593396
2009-03-24 09:59:00,81.3700,81.4700,81.2900,81.4400,1173378
2009-03-24 09:58:00,81.3300,81.4500,81.2900,81.3799,1003970
2009-03-24 09:57:00,81.3200,81.3400,81.2400,81.3200,1034606
2009-03-24 09:56:00,81.3500,81.3800,81.2700,81.3200,736547
2009-03-24 09:55:00,81.2399,81.3800,81.2200,81.3600,1171019
2009-03-24 09:54:00,81.2000,81.2400,81.1700,81.2400,507552
2009-03-24 09:53:00,81.1000,81.2400,81.1000,81.1900,1031721
2009-03-24 09:52:00,81.0400,81.1200,81.0400,81.0999,501554
2009-03-24 09:51:00,81.1200,81.1200,81.0000,81.0499,701136
2009-03-24 09:50:00,81.0600,81.1600,81.0600,81.1000,1051161
2009-03-24 09:49:00,81.0000,81.1300,80.9700,81.0700,773491
2009-03-24 09:48:00,80.9400,81.0300,80.9200,80.9900,742258
2009-03-24 09:47:00,80.9400,81.0400,80.9100,80.9500,872987
2009-03-24 09:46:00,80.9200,80.9800,80.9000,80.9400,1109414
2009-03-24 09:45:00,81.2400,81.2900,80.9200,80.9300,2227596
2009-03-24 09:44:00,81.2300,81.3600,81.2300,81.2500,1102515
2009-03-24 09:43:00,81.2000,81.3100,81.1900,81.2300,1023466
2009-03-24 09:42:00,81.1200,81.2000,81.0900,81.2000,1371888
2009-03-24 09:41:00,81.1300,81.1800,81.0200,81.1200,1582118
2009-03-24 09:40:00,81.2400,81.2883,81.1300,81.1300,1145471
2009-03-24 09:39:00,81.2700,81.3100,81.1900,81.2500,1658109
2009-03-24 09:38:00,81.2300,81.3700,81.1500,81.2700,2268502
2009-03-24 09:37:00,81.0900,81.2800,81.0800,81.2300,1358841
2009-03-24 09:36:00,81.1000,81.1500,81.0600,81.0800,1208235
2009-03-24 09:35:00,81.2900,81.3000,81.0700,81.1000,1337420
2009-03-24 09:34:00,81.2900,81.4000,81.2500,81.2900,1335734
2009-03-24 09:33:00,81.2000,81.2900,81.1100,81.2900,1002127
2009-03-24 09:32:00,81.0600,81.2000,81.0300,81.2000,945688
2009-03-24 09:31:00,81.1400,81.2500,81.0500,81.0600,1152122
2009-03-24 09:30:00,81.2500,81.2800,81.1200,81.1300,1340364
2009-03-24 09:29:00,81.1900,81.2500,81.1700,81.2400,197998
2009-03-24 09:28:00,81.1400,81.1900,81.1400,81.1700,39346
2009-03-24 09:27:00,81.1300,81.1600,81.1100,81.1500,20214
2009-03-24 09:26:00,81.1400,81.1500,81.1100,81.1300,37166
2009-03-24 09:25:00,81.1600,81.1700,81.1400,81.1400,76386
2009-03-24 09:24:00,81.1800,81.1800,81.1500,81.1700,44535
2009-03-24 09:23:00,81.1900,81.2000,81.1800,81.1800,8350
2009-03-24 09:22:00,81.1900,81.2300,81.1800,81.2000,31856
2009-03-24 09:21:00,81.2100,81.2200,81.1800,81.1800,25361
2009-03-24 09:20:00,81.2600,81.2600,81.2100,81.2100,32741
2009-03-24 09:19:00,81.2800,81.2800,81.2600,81.2600,12816
2009-03-24 09:18:00,81.2800,81.2800,81.2600,81.2800,6590
2009-03-24 09:17:00,81.2700,81.2800,81.2600,81.2800,3136
2009-03-24 09:16:00,81.2700,81.2700,81.2700,81.2700,800
2009-03-24 09:15:00,81.2900,81.3100,81.2600,81.2600,23188
2009-03-24 09:14:00,81.2400,81.2900,81.2200,81.2900,44501
2009-03-24 09:13:00,81.2200,81.2500,81.2200,81.2400,73731
2009-03-24 09:12:00,81.1900,81.2300,81.1900,81.2200,32405
2009-03-24 09:11:00,81.1900,81.2100,81.1800,81.1800,16914
2009-03-24 09:10:00,81.1800,81.2200,81.1700,81.1900,84902
2009-03-24 09:09:00,81.1400,81.1800,81.1200,81.1800,18602
2009-03-24 09:08:00,81.1500,81.1800,81.1200,81.1500,27400
2009-03-24 09:07:00,81.2000,81.2000,81.1500,81.1500,20733
2009-03-24 09:06:00,81.2000,81.2100,81.1800,81.1800,11203
2009-03-24 09:05:00,81.2600,81.2700,81.2000,81.2000,67929
2009-03-24 09:04:00,81.2400,81.2600,81.2100,81.2600,14000
2009-03-24 09:03:00,81.2800,81.2800,81.2400,81.2500,14079
2009-03-24 09:02:00,81.2500,81.2800,81.2500,81.2800,22635
2009-03-24 09:01:00,81.2200,81.2600,81.2000,81.2500,78047
2009-03-24 09:00:00,81.3200,81.3200,81.2300,81.2300,31015
2009-03-24 08:59:00,81.3400,81.3400,81.3100,81.3300,5100
2009-03-24 08:58:00,81.3500,81.3800,81.3300,81.3500,24828
2009-03-24 08:57:00,81.3600,81.3800,81.3600,81.3600,5690
2009-03-24 08:56:00,81.3400,81.3600,81.3400,81.3600,12221
2009-03-24 08:55:00,81.3600,81.3600,81.3200,81.3500,4664
2009-03-24 08:54:00,81.3500,81.3700,81.3200,81.3500,16395
2009-03-24 08:53:00,81.3500,81.4100,81.3500,81.3500,13113
2009-03-24 08:52:00,81.3200,81.3400,81.3100,81.3400,2005
2009-03-24 08:51:00,81.3000,81.3400,81.2900,81.3200,5600
2009-03-24 08:50:00,81.3400,81.3500,81.2800,81.3000,58705
2009-03-24 08:49:00,81.3900,81.3900,81.3500,81.3500,58544
2009-03-24 08:48:00,81.3900,81.4200,81.3700,81.3800,27557
2009-03-24 08:47:00,81.3800,81.4200,81.3700,81.4000,22347
2009-03-24 08:46:00,81.4100,81.4100,81.3700,81.3700,7773
2009-03-24 08:45:00,81.4200,81.4500,81.4100,81.4200,13519
2009-03-24 08:44:00,81.4100,81.4400,81.3900,81.4200,31154
2009-03-24 08:43:00,81.4100,81.4100,81.3900,81.4100,12419
2009-03-24 08:42:00,81.4000,81.4100,81.3900,81.4100,5612
2009-03-24 08:41:00,81.4700,81.4800,81.3900,81.3900,13107
2009-03-24 08:40:00,81.4800,81.4800,81.4600,81.4600,5577
2009-03-24 08:39:00,81.4900,81.5000,81.4300,81.4800,26488
2009-03-24 08:38:00,81.4400,81.5000,81.4400,81.5000,29133
2009-03-24 08:37:00,81.4300,81.4400,81.4200,81.4300,10000
2009-03-24 08:36:00,81.8500,81.8500,81.4300,81.4300,208650
2009-03-24 08:35:00,81.4400,81.4600,81.4200,81.4500,20495
2009-03-24 08:34:00,81.4000,81.4700,81.4000,81.4500,39293
2009-03-24 08:33:00,81.3300,81.4000,81.3300,81.4000,10907
2009-03-24 08:32:00,81.3100,81.3300,81.3000,81.3300,9031
2009-03-24 08:31:00,81.2800,81.3300,81.2600,81.3300,12681
2009-03-24 08:30:00,81.3000,81.3000,81.2400,81.2800,53797
2009-03-24 08:29:00,81.3100,81.3200,81.3000,81.3200,31450
2009-03-24 08:28:00,81.3100,81.3100,81.2900,81.2900,9100
2009-03-24 08:27:00,81.3100,81.3500,81.3000,81.3000,15200
2009-03-24 08:26:00,81.3100,81.3100,81.3000,81.3100,5131
2009-03-24 08:25:00,81.3200,81.3600,81.3100,81.3100,51638
2009-03-24 08:24:00,81.3100,81.3700,81.3100,81.3200,8938
2009-03-24 08:23:00,81.3500,81.3900,81.2800,81.3000,52910
2009-03-24 08:22:00,81.2100,81.3500,81.2100,81.3500,39836
2009-03-24 08:21:00,81.2100,81.2200,81.2100,81.2100,15669
2009-03-24 08:20:00,81.1900,81.2100,81.1800,81.2000,30072
2009-03-24 08:19:00,81.1900,81.2100,81.1900,81.2100,7078
2009-03-24 08:18:00,81.1800,81.2000,81.1800,81.1900,60538
2009-03-24 08:17:00,81.2100,81.2600,81.1800,81.1800,38100
2009-03-24 08:16:00,81.2300,81.2300,81.1800,81.2000,137200
2009-03-24 08:15:00,81.2500,81.2500,81.2400,81.2500,8313
2009-03-24 08:14:00,81.2300,81.2500,81.2000,81.2500,117700
2009-03-24 08:13:00,81.2900,81.2900,81.2200,81.2300,12038
2009-03-24 08:12:00,81.2900,81.2900,81.2700,81.2800,1900
2009-03-24 08:11:00,81.3200,81.3200,81.2800,81.2900,6169
2009-03-24 08:10:00,81.3100,81.3200,81.2900,81.3100,61619
2009-03-24 08:09:00,81.2500,81.4600,81.2300,81.3100,73269
2009-03-24 08:08:00,81.2900,81.2900,81.2600,81.2600,31890
2009-03-24 08:07:00,81.2800,81.3200,81.2500,81.3000,14416
2009-03-24 08:06:00,81.3000,81.3000,81.2800,81.3000,26490
2009-03-24 08:05:00,81.3100,81.3300,81.2900,81.3000,46266
2009-03-24 08:04:00,81.3700,81.3700,81.2900,81.2900,19069
2009-03-24 08:03:00,81.3900,81.4100,81.3600,81.3700,17188
2009-03-24 08:02:00,81.4100,81.4300,81.3900,81.3900,37657
2009-03-24 08:01:00,81.4100,81.4500,81.4000,81.4200,28850
2009-03-24 08:00:00,81.4000,81.5100,81.4000,81.4100,549223
2009-03-24 07:59:00,81.3900,81.3900,81.3700,81.3800,30714
2009-03-24 07:58:00,81.4200,81.4200,81.4100,81.4100,4400
2009-03-24 07:57:00,81.3900,81.4100,81.3900,81.4100,7900
2009-03-24 07:56:00,81.4000,81.4100,81.4000,81.4100,41500
2009-03-24 07:55:00,81.4100,81.4100,81.3800,81.3900,11500
2009-03-24 07:54:00,81.4600,81.4600,81.3800,81.4100,11507
2009-03-24 07:53:00,81.4600,81.4900,81.4600,81.4600,3638
2009-03-24 07:52:00,81.4400,81.4600,81.4400,81.4400,14569
2009-03-24 07:51:00,81.4500,81.4500,81.4500,81.4500,810
2009-03-24 07:50:00,81.4400,81.4400,81.4400,81.4400,7000
2009-03-24 07:49:00,81.4400,81.4600,81.4400,81.4600,33000
2009-03-24 07:48:00,81.4900,81.4900,81.4600,81.4600,15938
2009-03-24 07:47:00,81.5000,81.5200,81.5000,81.5200,3819
2009-03-24 07:46:00,81.4900,81.5400,81.4900,81.5300,40338
2009-03-24 07:45:00,81.4700,81.4800,81.4600,81.4800,9008
2009-03-24 07:44:00,81.4400,81.4600,81.4400,81.4600,15321
2009-03-24 07:43:00,81.4400,81.4500,81.4400,81.4500,1843
2009-03-24 07:41:00,81.4400,81.4700,81.4400,81.4700,4888
2009-03-24 07:40:00,81.4500,81.4500,81.4500,81.4500,1969
2009-03-24 07:39:00,81.4700,81.4700,81.4700,81.4700,10000
2009-03-24 07:38:00,81.4600,81.4700,81.4400,81.4400,10600
2009-03-24 07:37:00,81.4200,81.4200,81.4200,81.4200,3770
2009-03-24 07:36:00,81.4600,81.4600,81.4200,81.4200,5338
2009-03-24 07:35:00,81.4800,81.4800,81.4600,81.4700,3300
2009-03-24 07:34:00,81.4800,81.4800,81.4800,81.4800,4000
2009-03-24 07:33:00,81.4500,81.4600,81.4500,81.4600,1740
2009-03-24 07:32:00,81.4300,81.4400,81.4200,81.4200,11000
2009-03-24 07:31:00,81.4900,81.4900,81.4400,81.4400,20100
2009-03-24 07:30:00,81.4900,81.5100,81.4900,81.4900,5300
2009-03-24 07:29:00,81.4700,81.4700,81.4700,81.4700,1000
2009-03-24 07:28:00,81.4500,81.4500,81.4500,81.4500,25000
2009-03-24 07:27:00,81.4500,81.4500,81.4500,81.4500,6000
2009-03-24 07:26:00,81.4700,81.4700,81.4500,81.4500,10800
2009-03-24 07:25:00,81.4900,81.4900,81.4900,81.4900,520
2009-03-24 07:24:00,81.4900,81.4900,81.4500,81.4500,12073
2009-03-24 07:23:00,81.4900,81.4900,81.4900,81.4900,2500
2009-03-24 07:22:00,81.4900,81.5100,81.4900,81.5000,31300
2009-03-24 07:21:00,81.5000,81.5000,81.4700,81.4900,1900
2009-03-24 07:20:00,81.4900,81.4900,81.4700,81.4900,1000
2009-03-24 07:19:00,81.4900,81.4900,81.4900,81.4900,11189
2009-03-24 07:18:00,81.4300,81.4300,81.4000,81.4000,1700
2009-03-24 07:17:00,81.4300,81.4300,81.4300,81.4300,1100
2009-03-24 07:15:00,81.4600,81.4700,81.4200,81.4200,6500
2009-03-24 07:14:00,81.4800,81.4800,81.4800,81.4800,5400
2009-03-24 07:13:00,81.5200,81.5200,81.4400,81.4400,102600
2009-03-24 07:12:00,81.4900,81.5100,81.4900,81.5100,32052
2009-03-24 07:11:00,81.5500,81.5500,81.5100,81.5100,5100
2009-03-24 07:10:00,81.4900,81.5600,81.4900,81.5500,7500
2009-03-24 07:08:00,81.4200,81.4200,81.4200,81.4200,200
2009-03-24 07:07:00,81.4400,81.4400,81.4400,81.4400,230
2009-03-24 07:06:00,81.4400,81.4400,81.4200,81.4200,1200
2009-03-24 07:05:00,81.4000,81.4000,81.4000,81.4000,2000
2009-03-24 07:03:00,81.4100,81.4100,81.4100,81.4100,1000
2009-03-24 07:02:00,81.4300,81.4300,81.4200,81.4200,1200
2009-03-24 07:01:00,81.4400,81.4400,81.4300,81.4300,1000
2009-03-24 07:00:00,81.4800,81.4800,81.4500,81.4500,25000
2009-03-24 06:56:00,81.3900,81.3900,81.3900,81.3900,500
2009-03-24 06:51:00,81.3400,81.3400,81.3400,81.3400,5000
2009-03-24 06:47:00,81.2300,81.2300,81.2300,81.2300,500
2009-03-24 06:46:00,81.2500,81.2500,81.2500,81.2500,500
2009-03-24 06:44:00,81.3000,81.3000,81.3000,81.3000,5000
2009-03-24 06:42:00,81.2100,81.2100,81.2100,81.2100,1000
2009-03-24 06:41:00,81.1100,81.1100,81.1100,81.1100,5000
2009-03-24 06:39:00,81.1800,81.1800,81.1800,81.1800,100
2009-03-24 06:37:00,81.1700,81.1700,81.1700,81.1700,100
2009-03-24 06:36:00,81.2200,81.2200,81.2200,81.2200,6500
2009-03-24 06:35:00,81.2000,81.2200,81.1600,81.2200,4200
2009-03-24 06:34:00,81.2200,81.2200,81.2200,81.2200,3000
2009-03-24 06:33:00,81.2000,81.2000,81.2000,81.2000,100
2009-03-24 06:32:00,81.2200,81.2200,81.2200,81.2200,100
2009-03-24 06:31:00,81.2800,81.2800,81.2600,81.2600,400
2009-03-24 06:30:00,81.3300,81.3300,81.3300,81.3300,200
2009-03-24 06:29:00,81.3700,81.3700,81.3700,81.3700,300
2009-03-24 06:28:00,81.3700,81.3700,81.3700,81.3700,5000
2009-03-24 06:26:00,81.3700,81.3700,81.3700,81.3700,2400
2009-03-24 06:24:00,81.3800,81.3800,81.3800,81.3800,100
2009-03-24 06:20:00,81.4200,81.4200,81.4200,81.4200,1000
2009-03-24 06:19:00,81.3500,81.3500,81.3500,81.3500,200
2009-03-24 06:18:00,81.2800,81.2800,81.2800,81.2800,500
2009-03-24 06:17:00,81.2400,81.2400,81.2400,81.2400,400
2009-03-24 06:13:00,81.2700,81.2700,81.2500,81.2500,75000
2009-03-24 06:12:00,81.3200,81.3200,81.3200,81.3200,34000
2009-03-24 06:11:00,81.2400,81.2700,81.2400,81.2700,40950
2009-03-24 06:09:00,81.2300,81.2300,81.2100,81.2100,500
2009-03-24 06:08:00,81.2000,81.2400,81.2000,81.2400,4000
2009-03-24 06:07:00,81.1500,81.2000,81.1500,81.2000,6600
2009-03-24 06:00:00,81.2400,81.2500,81.2400,81.2400,10500
2009-03-24 05:59:00,81.2100,81.2100,81.2100,81.2100,2000
2009-03-24 05:57:00,81.2000,81.2000,81.2000,81.2000,2300
2009-03-24 05:56:00,81.2000,81.2000,81.2000,81.2000,200
2009-03-24 05:55:00,81.2600,81.2600,81.2600,81.2600,400
2009-03-24 05:52:00,81.3900,81.3900,81.3900,81.3900,5000
2009-03-24 05:51:00,81.3100,81.3100,81.3100,81.3100,5000
2009-03-24 05:49:00,81.3700,81.3700,81.3700,81.3700,5000
2009-03-24 05:48:00,81.3500,81.3500,81.3500,81.3500,200
2009-03-24 05:37:00,81.4000,81.4300,81.4000,81.4300,3100
2009-03-24 05:31:00,81.3600,81.3700,81.3600,81.3700,25000
2009-03-24 05:30:00,81.3300,81.3300,81.3300,81.3300,100
2009-03-24 05:28:00,81.3100,81.3200,81.3100,81.3200,3700
2009-03-24 05:27:00,81.3000,81.3000,81.3000,81.3000,300
2009-03-24 05:25:00,81.3300,81.3300,81.3300,81.3300,100
2009-03-24 05:22:00,81.3000,81.3000,81.2800,81.2800,1512
2009-03-24 05:20:00,81.3300,81.3300,81.3000,81.3000,3100
2009-03-24 05:19:00,81.3400,81.3400,81.3400,81.3400,512
2009-03-24 05:18:00,81.3600,81.3600,81.3600,81.3600,100
2009-03-24 05:17:00,81.3500,81.3500,81.3500,81.3500,100
2009-03-24 05:13:00,81.4000,81.4300,81.4000,81.4000,3500
2009-03-24 05:00:00,81.4600,81.4800,81.4600,81.4800,1100
2009-03-24 04:40:00,81.6100,81.6100,81.6100,81.6100,100
2009-03-24 04:20:00,81.5800,81.5800,81.5800,81.5800,100
2009-03-24 04:15:00,81.5800,81.5800,81.5800,81.5800,800
2009-03-23 19:59:00,81.9900,81.9900,81.9800,81.9900,6100
2009-03-23 19:58:00,81.9800,81.9800,81.9800,81.9800,500
2009-03-23 19:57:00,81.9900,81.9900,81.9800,81.9800,889
2009-03-23 19:55:00,81.9700,81.9700,81.9700,81.9700,300
2009-03-23 19:53:00,82.0000,82.0000,82.0000,82.0000,4950
2009-03-23 19:52:00,82.0000,82.0000,82.0000,82.0000,14200
2009-03-23 19:51:00,81.9800,81.9800,81.9800,81.9800,10600
2009-03-23 19:50:00,81.9600,81.9600,81.9600,81.9600,500
2009-03-23 19:49:00,81.9500,81.9500,81.9500,81.9500,1000
2009-03-23 19:48:00,81.9500,81.9500,81.9200,81.9500,1847
2009-03-23 19:47:00,81.9400,81.9400,81.9100,81.9100,1215
2009-03-23 19:45:00,81.9300,81.9300,81.9300,81.9300,2475
2009-03-23 19:44:00,81.9500,81.9500,81.9400,81.9400,2000
2009-03-23 19:43:00,81.9700,81.9700,81.9500,81.9500,4200
2009-03-23 19:42:00,81.9700,81.9800,81.9700,81.9700,2903
2009-03-23 19:41:00,81.9600,81.9600,81.9600,81.9600,500
2009-03-23 19:40:00,81.9700,81.9800,81.9700,81.9800,9998
2009-03-23 19:39:00,81.9600,81.9700,81.9600,81.9700,6826
2009-03-23 19:38:00,81.9500,81.9600,81.9300,81.9300,1888
2009-03-23 19:37:00,81.9500,81.9700,81.9500,81.9700,15448
2009-03-23 19:36:00,81.9700,81.9700,81.9700,81.9700,5876
2009-03-23 19:35:00,81.9700,81.9700,81.9700,81.9700,2837
2009-03-23 19:33:00,81.9500,81.9500,81.9500,81.9500,100
2009-03-23 19:32:00,81.9600,81.9600,81.9600,81.9600,278
2009-03-23 19:31:00,81.9600,81.9600,81.9600,81.9600,778
2009-03-23 19:30:00,81.9500,81.9500,81.9500,81.9500,100
2009-03-23 19:29:00,81.9600,81.9600,81.9600,81.9600,100
2009-03-23 19:26:00,81.9700,81.9800,81.9700,81.9800,3777
2009-03-23 19:25:00,81.9800,81.9800,81.9800,81.9800,1950
2009-03-23 19:24:00,81.9700,81.9800,81.9700,81.9800,1500
2009-03-23 19:23:00,81.9600,81.9700,81.9600,81.9700,878
2009-03-23 19:22:00,81.9700,81.9700,81.9700,81.9700,1200
2009-03-23 19:21:00,81.9700,81.9800,81.9700,81.9800,4700
2009-03-23 19:20:00,81.9700,81.9700,81.9600,81.9600,1338
2009-03-23 19:19:00,82.0000,82.0000,81.9800,81.9800,1619
2009-03-23 19:17:00,81.9900,81.9900,81.9900,81.9900,200
2009-03-23 19:16:00,82.0000,82.0000,82.0000,82.0000,1000
2009-03-23 19:15:00,82.0000,82.0000,81.9800,82.0000,31500
2009-03-23 19:14:00,81.9800,81.9900,81.9800,81.9900,700
2009-03-23 19:13:00,81.9700,81.9700,81.9700,81.9700,500
2009-03-23 19:11:00,81.9500,81.9700,81.9500,81.9700,200
2009-03-23 19:10:00,81.9500,81.9500,81.9500,81.9500,2000
2009-03-23 19:09:00,81.9500,81.9700,81.9500,81.9700,550
2009-03-23 19:08:00,81.9600,81.9600,81.9600,81.9600,1000
2009-03-23 19:07:00,81.9500,81.9600,81.9500,81.9600,1000
2009-03-23 19:06:00,81.9500,81.9500,81.9500,81.9500,10514
2009-03-23 19:05:00,81.9800,81.9800,81.9600,81.9600,2686
2009-03-23 19:04:00,81.9800,81.9800,81.9800,81.9800,500
2009-03-23 19:03:00,82.0000,82.0000,81.9800,81.9900,1766
2009-03-23 19:02:00,82.0000,82.0000,81.9800,82.0000,5507
2009-03-23 19:00:00,82.0200,82.0200,82.0200,82.0200,460
2009-03-23 18:59:00,82.0200,82.0200,82.0200,82.0200,240
2009-03-23 18:58:00,82.0200,82.0200,82.0200,82.0200,378
2009-03-23 18:57:00,82.0200,82.0200,82.0200,82.0200,2139
2009-03-23 18:56:00,82.0100,82.0200,81.9900,81.9900,7800
2009-03-23 18:55:00,82.0300,82.0300,82.0200,82.0200,4200
2009-03-23 18:54:00,82.0400,82.0400,82.0400,82.0400,278
2009-03-23 18:53:00,82.0400,82.0500,82.0400,82.0500,4237
2009-03-23 18:52:00,82.0800,82.0800,82.0500,82.0500,10740
2009-03-23 18:51:00,82.0800,82.0800,82.0700,82.0700,1655
2009-03-23 18:50:00,82.0800,82.0800,82.0800,82.0800,1962
2009-03-23 18:49:00,82.1000,82.1000,82.0800,82.0800,6908
2009-03-23 18:48:00,82.0900,82.1000,82.0900,82.1000,1951
2009-03-23 18:47:00,82.1000,82.1000,82.1000,82.1000,2000
2009-03-23 18:46:00,82.1000,82.1000,82.0900,82.1000,700
2009-03-23 18:45:00,82.1000,82.1000,82.1000,82.1000,1140
2009-03-23 18:43:00,82.1000,82.1000,82.1000,82.1000,1069
2009-03-23 18:41:00,82.1000,82.1000,82.1000,82.1000,100
2009-03-23 18:40:00,82.1000,82.1000,82.1000,82.1000,1000
2009-03-23 18:39:00,82.0900,82.1000,82.0800,82.0900,9341
2009-03-23 18:37:00,82.1000,82.1000,82.1000,82.1000,2300
2009-03-23 18:36:00,82.1100,82.1100,82.1100,82.1100,21952
2009-03-23 18:35:00,82.1200,82.1200,82.1100,82.1100,32390
2009-03-23 18:34:00,82.1200,82.1300,82.1200,82.1200,4010
2009-03-23 18:33:00,82.1100,82.1200,82.1000,82.1200,4990
2009-03-23 18:32:00,82.1200,82.1200,82.1100,82.1100,2000
2009-03-23 18:31:00,82.1200,82.1200,82.1200,82.1200,1500
2009-03-23 18:28:00,82.1300,82.1300,82.1300,82.1300,1000
2009-03-23 18:25:00,82.1300,82.1300,82.1200,82.1200,1000
2009-03-23 18:23:00,82.1300,82.1300,82.1300,82.1300,100
2009-03-23 18:22:00,82.1300,82.1300,82.1300,82.1300,100
2009-03-23 18:21:00,82.1300,82.1300,82.1200,82.1300,1600
2009-03-23 18:20:00,82.1200,82.1200,82.1200,82.1200,300
2009-03-23 18:19:00,82.1200,82.1300,82.1100,82.1300,2100
2009-03-23 18:18:00,82.1400,82.1400,82.1100,82.1100,4500
2009-03-23 18:17:00,82.1400,82.1400,82.1400,82.1400,600
2009-03-23 18:16:00,82.1300,82.1300,82.1100,82.1100,5000
2009-03-23 18:14:00,82.1400,82.1400,82.1400,82.1400,500
2009-03-23 18:13:00,82.1500,82.1500,82.1400,82.1400,1910
2009-03-23 18:12:00,82.2000,82.2000,82.1200,82.1200,7692
2009-03-23 18:07:00,82.2100,82.2200,82.2100,82.2200,1394
2009-03-23 18:06:00,82.2200,82.2200,82.2200,82.2200,100
2009-03-23 18:05:00,82.2200,82.2200,82.2100,82.2100,769
2009-03-23 18:04:00,82.1900,82.2100,82.1900,82.2100,8626
2009-03-23 18:02:00,82.1900,82.1900,82.1600,82.1600,810
2009-03-23 18:00:00,82.1700,82.1800,82.1600,82.1600,2665
2009-03-23 17:59:00,82.1500,82.1600,82.1500,82.1600,1556
2009-03-23 17:58:00,82.1500,82.1600,82.1500,82.1600,300
2009-03-23 17:57:00,82.1500,82.1500,82.1500,82.1500,743
2009-03-23 17:56:00,82.1500,82.1500,82.1500,82.1500,100
2009-03-23 17:55:00,82.1600,82.1600,82.1600,82.1600,1438
2009-03-23 17:54:00,82.1500,82.1600,82.1500,82.1600,2831
2009-03-23 17:53:00,82.1500,82.1500,82.1500,82.1500,600
2009-03-23 17:52:00,82.1500,82.1500,82.1500,82.1500,2100
2009-03-23 17:51:00,82.1600,82.1600,82.1500,82.1500,5938
2009-03-23 17:50:00,82.1700,82.1700,82.1700,82.1700,500
2009-03-23 17:49:00,82.1700,82.1700,82.1700,82.1700,891
2009-03-23 17:48:00,82.1900,82.1900,82.1900,82.1900,400
2009-03-23 17:45:00,82.2000,82.2000,82.2000,82.2000,2000
2009-03-23 17:44:00,82.1900,82.2000,82.1900,82.2000,13000
2009-03-23 17:40:00,82.1500,82.2000,82.1500,82.2000,7046
2009-03-23 17:39:00,82.1300,82.1500,82.1300,82.1500,4005450
2009-03-23 17:38:00,82.1300,82.1300,82.1200,82.1300,1674
2009-03-23 17:37:00,82.1600,82.1600,82.1500,82.1500,612
2009-03-23 17:34:00,82.1200,82.1200,82.1200,82.1200,2886
2009-03-23 17:33:00,82.1300,82.1500,82.1100,82.1500,6835
2009-03-23 17:32:00,82.1600,82.1600,82.1500,82.1500,800
2009-03-23 17:31:00,82.1600,82.1600,82.1600,82.1600,600
2009-03-23 17:29:00,82.2000,82.2000,82.2000,82.2000,2500
2009-03-23 17:28:00,82.1700,82.2300,82.1700,82.2200,6473
2009-03-23 17:27:00,82.1900,82.1900,82.1700,82.1700,640
2009-03-23 17:26:00,82.2000,82.2200,82.1900,82.1900,15851
2009-03-23 17:25:00,82.1500,82.2200,82.1500,82.2000,11454
2009-03-23 17:24:00,82.1400,82.1400,82.1400,82.1400,1503
2009-03-23 17:23:00,82.1200,82.1300,82.1000,82.1300,10169
2009-03-23 17:22:00,82.1100,82.1500,82.1100,82.1500,16000
2009-03-23 17:21:00,82.1200,82.1200,82.1200,82.1200,700
2009-03-23 17:20:00,82.1200,82.1200,82.1000,82.1100,13469
2009-03-23 17:19:00,82.1500,82.1700,82.1200,82.1200,19538
2009-03-23 17:18:00,82.2100,82.2200,82.1800,82.1800,22202
2009-03-23 17:17:00,82.2100,82.2300,82.2000,82.2200,34311
2009-03-23 17:16:00,82.2300,82.2500,82.2100,82.2100,61512
2009-03-23 17:15:00,82.2300,82.2400,82.2300,82.2300,1529020
2009-03-23 17:14:00,82.1700,82.1900,82.1700,82.1900,200
2009-03-23 17:13:00,82.1700,82.1800,82.1700,82.1800,16266
2009-03-23 17:12:00,82.1700,82.1700,82.1500,82.1500,1526
2009-03-23 17:11:00,82.1400,82.1600,82.1300,82.1600,1000
2009-03-23 17:10:00,82.1200,82.1200,82.1200,82.1200,1100
2009-03-23 17:09:00,82.1200,82.1300,82.1200,82.1300,5400
2009-03-23 17:08:00,82.1400,82.1400,82.1400,82.1400,2006220
2009-03-23 17:07:00,82.1300,82.1300,82.1200,82.1300,300
2009-03-23 17:06:00,82.1400,82.1400,82.1200,82.1200,600
2009-03-23 17:05:00,82.1500,82.1500,82.1300,82.1300,2719
2009-03-23 17:04:00,82.1700,82.1700,82.1500,82.1500,3600
2009-03-23 17:03:00,82.1600,82.1700,82.1600,82.1700,800
2009-03-23 17:02:00,82.1800,82.1800,82.1600,82.1600,1100
2009-03-23 17:01:00,82.1500,82.1800,82.1500,82.1800,8500
2009-03-23 17:00:00,82.1600,82.1600,82.1400,82.1400,900
2009-03-23 16:59:00,82.1300,82.1800,82.1300,82.1800,45365
2009-03-23 16:58:00,82.1300,82.1300,82.1300,82.1300,600
2009-03-23 16:57:00,82.1400,82.1400,82.1400,82.1400,944
2009-03-23 16:55:00,82.1500,82.1500,82.1400,82.1400,25500
2009-03-23 16:54:00,82.1300,82.1500,82.1300,82.1500,180000
2009-03-23 16:53:00,82.1500,82.1700,82.1300,82.1700,2039
2009-03-23 16:52:00,82.1300,82.1400,82.1300,82.1400,1740
2009-03-23 16:51:00,82.1200,82.1300,82.1200,82.1300,2000
2009-03-23 16:50:00,82.0900,82.1400,82.0900,82.1400,45500
2009-03-23 16:49:00,82.0800,82.0800,82.0800,82.0800,2360
2009-03-23 16:48:00,82.0900,82.0900,82.0800,82.0800,1378
2009-03-23 16:47:00,82.0900,82.0900,82.0900,82.0900,2600
2009-03-23 16:46:00,82.1000,82.1200,82.0800,82.0900,2004200
2009-03-23 16:45:00,82.1100,82.1100,82.0900,82.0900,1900
2009-03-23 16:44:00,82.1000,82.1000,82.0800,82.0900,21140
2009-03-23 16:43:00,82.1000,82.1000,82.1000,82.1000,200
2009-03-23 16:42:00,82.0700,82.0900,82.0600,82.0900,6320
2009-03-23 16:41:00,82.0600,82.0600,82.0600,82.0600,1004020
2009-03-23 16:40:00,82.0500,82.0500,82.0500,82.0500,1200
2009-03-23 16:39:00,82.0400,82.0600,82.0400,82.0500,10263
2009-03-23 16:38:00,82.0500,82.0600,82.0500,82.0600,769
2009-03-23 16:37:00,82.0800,82.0800,82.0500,82.0500,1800
2009-03-23 16:36:00,82.0700,82.1000,82.0700,82.0900,10200
2009-03-23 16:35:00,82.0500,82.0600,82.0400,82.0600,20509
2009-03-23 16:34:00,82.0300,82.0500,82.0200,82.0500,6410
2009-03-23 16:33:00,82.0500,82.0700,82.0500,82.0600,8931
2009-03-23 16:32:00,82.0800,82.0800,82.0500,82.0500,2503911
2009-03-23 16:31:00,82.0600,82.0900,82.0500,82.0900,2169
2009-03-23 16:30:00,82.1100,82.1300,82.0600,82.0700,9059
2009-03-23 16:29:00,82.1100,82.1600,82.1000,82.1400,9320
2009-03-23 16:28:00,82.1200,82.1200,82.1000,82.1100,9180
2009-03-23 16:27:00,82.1300,82.1500,82.0900,82.1200,14000
2009-03-23 16:26:00,82.1600,82.1900,82.1100,82.1400,15165
2009-03-23 16:25:00,82.1400,82.1600,82.1400,82.1600,1002419
2009-03-23 16:24:00,82.1700,82.1800,82.1700,82.1700,1163369
2009-03-23 16:23:00,82.1500,82.1800,82.1500,82.1800,164648
2009-03-23 16:22:00,82.1200,82.2200,82.0500,82.1100,95074
2009-03-23 16:21:00,82.1400,82.1500,82.1100,82.1200,66544
2009-03-23 16:20:00,82.1000,82.2500,82.0800,82.1100,51586
2009-03-23 16:19:00,82.1100,82.1100,82.1000,82.1000,18666
2009-03-23 16:18:00,82.1200,82.1300,82.1000,82.1100,20905
2009-03-23 16:17:00,82.1300,82.1300,82.1100,82.1100,38800
2009-03-23 16:16:00,82.1100,82.2090,82.1100,82.1300,19175
2009-03-23 16:15:00,82.1000,82.1200,82.0700,82.1100,13800
2009-03-23 16:14:00,82.1100,82.1200,82.0500,82.1100,551961
2009-03-23 16:13:00,82.1200,82.1500,82.1200,82.1200,227743
2009-03-23 16:12:00,82.1700,82.1900,82.0311,82.1200,267739
2009-03-23 16:11:00,82.1700,82.2461,82.1500,82.1900,755747
2009-03-23 16:10:00,82.1900,82.2300,82.1400,82.1700,498353
2009-03-23 16:09:00,82.2100,82.2200,82.0911,82.2000,601507
2009-03-23 16:08:00,82.1300,82.2200,82.1300,82.2000,402738
2009-03-23 16:07:00,82.2000,82.2100,82.1300,82.1400,291814
2009-03-23 16:06:00,82.2000,82.2100,82.1700,82.1900,561392
2009-03-23 16:05:00,82.2500,82.2500,82.2000,82.2000,3798885
2009-03-23 16:04:00,82.3100,82.3300,82.1900,82.2500,1458798
2009-03-23 16:03:00,82.4000,82.4200,82.3000,82.3000,1899617
2009-03-23 16:02:00,82.2700,82.4200,82.2700,82.4100,2472044
2009-03-23 16:01:00,82.1500,82.2800,82.1500,82.2700,1671336
2009-03-23 16:00:00,82.2200,82.3900,82.1600,82.1600,9044637
2009-03-23 15:59:00,82.1200,82.2700,82.1200,82.2700,6264086
2009-03-23 15:58:00,82.0300,82.1300,81.9800,82.1200,3506559
2009-03-23 15:57:00,82.0000,82.0400,81.9600,82.0300,2628574
2009-03-23 15:56:00,81.9500,82.0600,81.9200,82.0100,3076110
2009-03-23 15:55:00,81.9600,81.9700,81.8700,81.9500,2248752
2009-03-23 15:54:00,81.8600,82.0000,81.8300,81.9700,2426526
2009-03-23 15:53:00,81.8300,81.8500,81.7700,81.8450,1287646
2009-03-23 15:52:00,81.7600,81.9500,81.7500,81.8400,2640289
2009-03-23 15:51:00,81.8600,81.8900,81.7500,81.7600,2541779
2009-03-23 15:50:00,81.7600,81.8700,81.7300,81.8700,2541251
2009-03-23 15:49:00,81.5800,81.7700,81.5300,81.7600,2791993
2009-03-23 15:48:00,81.6300,81.6400,81.5200,81.5800,1255853
2009-03-23 15:47:00,81.6600,81.6950,81.6200,81.6300,1023020
2009-03-23 15:46:00,81.6500,81.7000,81.6000,81.6600,1836801
2009-03-23 15:45:00,81.5010,81.6800,81.5000,81.6600,1698155
2009-03-23 15:44:00,81.5800,81.6000,81.5000,81.5100,1925787
2009-03-23 15:43:00,81.5300,81.5900,81.5100,81.5800,1434727
2009-03-23 15:42:00,81.5750,81.6400,81.4600,81.5300,2664784
2009-03-23 15:41:00,81.4300,81.5700,81.4300,81.5700,1657063
2009-03-23 15:40:00,81.4000,81.5800,81.4000,81.4400,4081158
2009-03-23 15:39:00,81.2906,81.4200,81.2900,81.4100,3342873
2009-03-23 15:38:00,81.1700,81.3300,81.1700,81.3000,1594551
2009-03-23 15:37:00,81.1299,81.2300,81.1200,81.1700,968104
2009-03-23 15:36:00,81.1000,81.1400,81.0400,81.1200,928578
2009-03-23 15:35:00,81.1000,81.1300,81.0800,81.1100,971470
2009-03-23 15:34:00,81.1900,81.2100,81.0800,81.1000,1368288
2009-03-23 15:33:00,81.1600,81.2100,81.0900,81.1900,1077287
2009-03-23 15:32:00,81.2500,81.2550,81.1500,81.1500,787364
2009-03-23 15:31:00,81.2400,81.2900,81.2100,81.2600,1233136
2009-03-23 15:30:00,81.1500,81.2500,81.1500,81.2400,1936884
2009-03-23 15:29:00,81.0700,81.1800,81.0500,81.1600,1303813
2009-03-23 15:28:00,81.0800,81.1000,81.0100,81.0600,830464
2009-03-23 15:27:00,81.0200,81.1101,81.0100,81.0800,728697
2009-03-23 15:26:00,81.0600,81.0800,80.9500,81.0100,1547370
2009-03-23 15:25:00,81.0400,81.1200,81.0310,81.0600,1439613
2009-03-23 15:24:00,81.0100,81.0500,80.9200,81.0400,1057174
2009-03-23 15:23:00,81.0600,81.0600,80.9700,81.0200,1315182
2009-03-23 15:22:00,81.1000,81.1050,81.0200,81.0600,742477
2009-03-23 15:21:00,81.0800,81.1800,81.0700,81.1000,1449378
2009-03-23 15:20:00,81.1000,81.1300,81.0500,81.0900,792516
2009-03-23 15:19:00,81.0900,81.1800,81.0800,81.0900,1034883
2009-03-23 15:18:00,81.1101,81.1300,81.0800,81.0900,587285
2009-03-23 15:17:00,81.0900,81.1700,81.0800,81.1106,970855
2009-03-23 15:16:00,81.1000,81.1500,81.0600,81.0900,1600535
2009-03-23 15:15:00,81.0600,81.1300,81.0000,81.1000,1332284
2009-03-23 15:14:00,80.9000,81.0600,80.8800,81.0600,1764867
2009-03-23 15:13:00,80.9200,80.9600,80.8600,80.9000,1069972
2009-03-23 15:12:00,80.9000,80.9600,80.8900,80.9100,1123570
2009-03-23 15:11:00,80.7800,80.9600,80.7675,80.9000,923272
2009-03-23 15:10:00,80.7500,80.7900,80.7300,80.7800,172348
2009-03-23 15:09:00,80.7900,80.8300,80.7400,80.7499,562331
2009-03-23 15:08:00,80.7700,80.8200,80.7100,80.7900,990880
2009-03-23 15:07:00,80.8100,80.8500,80.7500,80.7600,923118
2009-03-23 15:06:00,80.8000,80.8600,80.7700,80.8100,858443
2009-03-23 15:05:00,80.9000,80.9800,80.7500,80.8000,1850446
2009-03-23 15:04:00,80.8000,80.9300,80.7900,80.9000,1635231
2009-03-23 15:03:00,80.8100,80.8500,80.7600,80.8000,1368071
2009-03-23 15:02:00,80.7300,80.8000,80.7000,80.8000,848048
2009-03-23 15:01:00,80.7900,80.8200,80.6900,80.7300,1718246
2009-03-23 15:00:00,80.9100,80.9200,80.7500,80.7900,1499079
2009-03-23 14:59:00,80.8700,80.9600,80.8600,80.9000,1479853
2009-03-23 14:58:00,80.7700,80.8900,80.7700,80.8700,1219735
2009-03-23 14:57:00,80.7800,80.8100,80.7300,80.7800,1226210
2009-03-23 14:56:00,80.8600,80.8900,80.7700,80.7701,862051
2009-03-23 14:55:00,80.8600,80.8890,80.7900,80.8600,1374492
2009-03-23 14:54:00,80.9100,80.9300,80.8500,80.8600,1656453
2009-03-23 14:53:00,80.9100,80.9200,80.7700,80.9100,1514816
2009-03-23 14:52:00,80.7900,80.9400,80.7600,80.9100,2732474
2009-03-23 14:51:00,80.6700,80.8000,80.6500,80.7900,2103595
2009-03-23 14:50:00,80.5500,80.7000,80.4800,80.6700,2674817
2009-03-23 14:49:00,80.3700,80.5600,80.3600,80.5500,1115730
2009-03-23 14:48:00,80.3900,80.4100,80.3600,80.3600,666781
2009-03-23 14:47:00,80.3900,80.4300,80.3800,80.3900,1215271
2009-03-23 14:46:00,80.2600,80.3900,80.2400,80.3900,1023833
2009-03-23 14:45:00,80.2300,80.2800,80.2000,80.2501,445010
2009-03-23 14:44:00,80.1900,80.2600,80.1700,80.2200,545375
2009-03-23 14:43:00,80.1300,80.1900,80.1200,80.1900,266542
2009-03-23 14:42:00,80.1100,80.1400,80.1000,80.1200,263101
2009-03-23 14:41:00,80.2200,80.2300,80.1000,80.1100,598064
2009-03-23 14:40:00,80.1700,80.2600,80.1700,80.2283,589419
2009-03-23 14:39:00,80.2600,80.2700,80.1700,80.1700,665437
2009-03-23 14:38:00,80.2900,80.3100,80.2500,80.2600,570570
2009-03-23 14:37:00,80.2700,80.3000,80.2500,80.2900,561012
2009-03-23 14:36:00,80.2000,80.3000,80.1900,80.2600,782489
2009-03-23 14:35:00,80.1700,80.2100,80.1700,80.2000,364442
2009-03-23 14:34:00,80.1500,80.1800,80.1400,80.1800,217599
2009-03-23 14:33:00,80.1599,80.1600,80.1200,80.1500,238238
2009-03-23 14:32:00,80.1700,80.2300,80.1400,80.1600,794864
2009-03-23 14:31:00,80.1800,80.2200,80.1500,80.1700,663549
2009-03-23 14:30:00,80.0800,80.1900,80.0600,80.1800,606825
2009-03-23 14:29:00,80.0300,80.1200,80.0300,80.0801,402662
2009-03-23 14:28:00,80.0500,80.0600,80.0200,80.0400,393104
2009-03-23 14:27:00,80.0505,80.1000,80.0300,80.0500,450721
2009-03-23 14:26:00,79.9400,80.0900,79.9400,80.0500,1332069
2009-03-23 14:25:00,79.8300,79.9500,79.8200,79.9400,854186
2009-03-23 14:24:00,79.8300,79.8500,79.8200,79.8206,112036
2009-03-23 14:23:00,79.8500,79.8500,79.8000,79.8300,595856
2009-03-23 14:22:00,79.8500,79.8700,79.8000,79.8494,505311
2009-03-23 14:21:00,79.8200,79.8700,79.7800,79.8500,400424
2009-03-23 14:20:00,79.7800,79.8400,79.7600,79.8300,656639
2009-03-23 14:19:00,79.7600,79.7700,79.7300,79.7638,143747
2009-03-23 14:18:00,79.7100,79.7800,79.6700,79.7690,491151
2009-03-23 14:17:00,79.7300,79.7700,79.7100,79.7100,323889
2009-03-23 14:16:00,79.6520,79.7600,79.6500,79.7200,314129
2009-03-23 14:15:00,79.7100,79.7600,79.6500,79.6600,683382
2009-03-23 14:14:00,79.7200,79.7300,79.6900,79.7099,330752
2009-03-23 14:13:00,79.7100,79.7700,79.6700,79.7200,482690
2009-03-23 14:12:00,79.7300,79.7500,79.6300,79.7000,855068
2009-03-23 14:11:00,79.9000,79.9100,79.7200,79.7400,756546
2009-03-23 14:10:00,79.9100,79.9300,79.8700,79.9100,648273
2009-03-23 14:09:00,79.9200,79.9500,79.8702,79.9200,312741
2009-03-23 14:08:00,79.8800,79.9400,79.8800,79.9200,369020
2009-03-23 14:07:00,79.8800,79.9200,79.8500,79.8900,563793
2009-03-23 14:06:00,79.8800,79.9400,79.8700,79.8722,357902
2009-03-23 14:05:00,79.9300,79.9400,79.8700,79.8800,210525
2009-03-23 14:04:00,79.9500,79.9600,79.9200,79.9400,423438
2009-03-23 14:03:00,79.9200,79.9500,79.9100,79.9500,316612
2009-03-23 14:02:00,79.9000,79.9400,79.8700,79.9300,389911
2009-03-23 14:01:00,79.8350,79.9500,79.8000,79.9100,836122
2009-03-23 14:00:00,79.7690,79.8400,79.7400,79.8301,506499
2009-03-23 13:59:00,79.6500,79.7800,79.6500,79.7700,435472
2009-03-23 13:58:00,79.7700,79.7794,79.6500,79.6500,694851
2009-03-23 13:57:00,79.8100,79.8400,79.7400,79.7700,311948
2009-03-23 13:56:00,79.7900,79.8300,79.7700,79.8100,421726
2009-03-23 13:55:00,79.8300,79.8700,79.7702,79.8000,289031
2009-03-23 13:54:00,79.8300,79.9100,79.8200,79.8410,461743
2009-03-23 13:53:00,79.7700,79.8900,79.7500,79.8210,344447
2009-03-23 13:52:00,79.7800,79.7900,79.7500,79.7700,193582
2009-03-23 13:51:00,79.8500,79.8700,79.7800,79.7806,349679
2009-03-23 13:50:00,79.8700,79.9300,79.8300,79.8500,635262
2009-03-23 13:49:00,79.8500,79.8700,79.8300,79.8600,781702
2009-03-23 13:48:00,79.7800,79.8600,79.7500,79.8410,581701
2009-03-23 13:47:00,79.7900,79.8100,79.7300,79.7900,802368
2009-03-23 13:46:00,79.7500,79.8100,79.7400,79.7900,613084
2009-03-23 13:45:00,79.7200,79.7800,79.7100,79.7500,463552
2009-03-23 13:44:00,79.7700,79.7700,79.6700,79.7118,490883
2009-03-23 13:43:00,79.7400,79.7900,79.7300,79.7600,524937
2009-03-23 13:42:00,79.7300,79.7400,79.6900,79.7400,226684
2009-03-23 13:41:00,79.6900,79.7500,79.6800,79.7300,290645
2009-03-23 13:40:00,79.7195,79.7300,79.6600,79.6900,866263
2009-03-23 13:39:00,79.6800,79.7900,79.6700,79.7200,912186
2009-03-23 13:38:00,79.6500,79.7200,79.6400,79.6800,819818
2009-03-23 13:37:00,79.7500,79.7500,79.6000,79.6400,1038187
2009-03-23 13:36:00,79.7900,79.8200,79.7300,79.7500,558090
2009-03-23 13:35:00,79.7600,79.8100,79.7300,79.7900,299387
2009-03-23 13:34:00,79.7300,79.8100,79.7200,79.7600,446324
2009-03-23 13:33:00,79.7900,79.8000,79.6700,79.7300,1111830
2009-03-23 13:32:00,79.7900,79.8700,79.7700,79.8000,734855
2009-03-23 13:31:00,79.8800,79.8900,79.7900,79.7900,929875
2009-03-23 13:30:00,79.8200,79.9000,79.7700,79.8800,1021588
2009-03-23 13:29:00,79.8400,79.8600,79.7700,79.8100,961154
2009-03-23 13:28:00,79.8000,79.8600,79.7900,79.8300,628137
2009-03-23 13:27:00,79.8800,79.9100,79.7700,79.8000,1857273
2009-03-23 13:26:00,80.0800,80.1000,79.8700,79.8800,1589170
2009-03-23 13:25:00,80.1400,80.1400,80.0500,80.0800,551943
2009-03-23 13:24:00,80.2600,80.2700,80.1400,80.1500,741492
2009-03-23 13:23:00,80.2178,80.2700,80.2100,80.2700,626849
2009-03-23 13:22:00,80.2500,80.2600,80.1875,80.2200,641488
2009-03-23 13:21:00,80.3200,80.3290,80.2500,80.2500,527394
2009-03-23 13:20:00,80.2900,80.3300,80.2800,80.3300,160679
2009-03-23 13:19:00,80.3600,80.3700,80.2700,80.2900,805213
2009-03-23 13:18:00,80.3875,80.4300,80.3500,80.3600,422102
2009-03-23 13:17:00,80.4100,80.4100,80.3700,80.4000,197568
2009-03-23 13:16:00,80.3600,80.4200,80.3600,80.4100,490370
2009-03-23 13:15:00,80.4100,80.5300,80.3600,80.3600,1625057
2009-03-23 13:14:00,80.3600,80.4800,80.3400,80.4200,1395402
2009-03-23 13:13:00,80.2300,80.4000,80.2100,80.3600,863394
2009-03-23 13:12:00,80.1800,80.2400,80.1500,80.2300,597862
2009-03-23 13:11:00,80.1600,80.2000,80.1500,80.1800,425930
2009-03-23 13:10:00,80.0600,80.2200,80.0600,80.1600,1046448
2009-03-23 13:09:00,80.0300,80.0700,80.0300,80.0700,207929
2009-03-23 13:08:00,80.0200,80.0500,79.9900,80.0300,244176
2009-03-23 13:07:00,80.0100,80.0400,80.0000,80.0186,216067
2009-03-23 13:06:00,80.0000,80.0900,79.9906,80.0000,841664
2009-03-23 13:05:00,79.9600,80.0100,79.9500,80.0000,411211
2009-03-23 13:04:00,80.0300,80.0300,79.9500,79.9600,485819
2009-03-23 13:03:00,79.9700,80.0300,79.9600,80.0200,940880
2009-03-23 13:02:00,80.0800,80.0800,79.9600,79.9700,1068483
2009-03-23 13:01:00,80.1000,80.1300,80.0600,80.0800,282805
2009-03-23 13:00:00,80.0700,80.1000,80.0700,80.0900,211686
2009-03-23 12:59:00,80.1200,80.1300,80.0600,80.0700,293279
2009-03-23 12:58:00,80.0800,80.1400,80.0800,80.1300,233543
2009-03-23 12:57:00,80.1000,80.1500,80.0600,80.0800,728120
2009-03-23 12:56:00,80.2194,80.2200,80.1000,80.1000,506704
2009-03-23 12:55:00,80.2175,80.2500,80.2100,80.2175,165292
2009-03-23 12:54:00,80.2901,80.3200,80.2100,80.2200,416555
2009-03-23 12:53:00,80.2300,80.3100,80.2300,80.2990,441016
2009-03-23 12:52:00,80.1774,80.2400,80.1700,80.2300,475633
2009-03-23 12:51:00,80.1300,80.1900,80.1100,80.1800,190638
2009-03-23 12:50:00,80.1700,80.1800,80.1200,80.1300,174634
2009-03-23 12:49:00,80.1500,80.1700,80.1200,80.1694,164419
2009-03-23 12:48:00,80.1600,80.1700,80.1100,80.1500,578725
2009-03-23 12:47:00,80.1500,80.2000,80.1500,80.1500,432570
2009-03-23 12:46:00,80.1300,80.1700,80.1100,80.1500,285032
2009-03-23 12:45:00,80.1100,80.1300,80.1000,80.1300,278874
2009-03-23 12:44:00,80.1875,80.1901,80.1000,80.1000,691242
2009-03-23 12:43:00,80.2000,80.2200,80.1600,80.1900,218900
2009-03-23 12:42:00,80.2000,80.3100,80.1800,80.2000,1035365
2009-03-23 12:41:00,80.2200,80.2300,80.1900,80.2000,161219
2009-03-23 12:40:00,80.2300,80.2400,80.2200,80.2201,208602
2009-03-23 12:39:00,80.2200,80.2500,80.1975,80.2300,195605
2009-03-23 12:38:00,80.2200,80.2500,80.1900,80.2200,275822
2009-03-23 12:37:00,80.2200,80.2600,80.1975,80.2200,499790
2009-03-23 12:36:00,80.2299,80.2900,80.2100,80.2200,245915
2009-03-23 12:35:00,80.2600,80.2600,80.2000,80.2300,353656
2009-03-23 12:34:00,80.3400,80.3600,80.2300,80.2599,607889
2009-03-23 12:33:00,80.3200,80.3600,80.3200,80.3400,892595
2009-03-23 12:32:00,80.3000,80.3400,80.2600,80.3200,437191
2009-03-23 12:31:00,80.3200,80.3400,80.2700,80.3100,458114
2009-03-23 12:30:00,80.3100,80.3400,80.2900,80.3200,350520
2009-03-23 12:29:00,80.1800,80.3300,80.1600,80.3000,871080
2009-03-23 12:28:00,80.2000,80.2100,80.1400,80.1800,463030
2009-03-23 12:27:00,80.1400,80.2100,80.1300,80.2100,332538
2009-03-23 12:26:00,80.1600,80.1700,80.1300,80.1400,375749
2009-03-23 12:25:00,80.2700,80.2700,80.1500,80.1600,303673
2009-03-23 12:24:00,80.2300,80.2900,80.2300,80.2694,272858
2009-03-23 12:23:00,80.2000,80.2300,80.1700,80.2300,145618
2009-03-23 12:22:00,80.1600,80.2100,80.1600,80.2000,389451
2009-03-23 12:21:00,80.2300,80.2300,80.1500,80.1700,361597
2009-03-23 12:20:00,80.2200,80.2500,80.2000,80.2300,602619
2009-03-23 12:19:00,80.2578,80.2710,80.2000,80.2100,579516
2009-03-23 12:18:00,80.2700,80.2800,80.2300,80.2600,425620
2009-03-23 12:17:00,80.2900,80.3000,80.2600,80.2667,230431
2009-03-23 12:16:00,80.2600,80.3400,80.2600,80.2999,332452
2009-03-23 12:15:00,80.3000,80.3200,80.2600,80.2600,385163
2009-03-23 12:14:00,80.3590,80.3700,80.2800,80.2901,598648
2009-03-23 12:13:00,80.3200,80.3600,80.3200,80.3500,437321
2009-03-23 12:12:00,80.3400,80.3700,80.3200,80.3200,450652
2009-03-23 12:11:00,80.3200,80.3700,80.2900,80.3400,662861
2009-03-23 12:10:00,80.3100,80.4000,80.3000,80.3110,1046583
2009-03-23 12:09:00,80.2483,80.3200,80.2275,80.2910,407521
2009-03-23 12:08:00,80.2300,80.2500,80.1800,80.2500,419410
2009-03-23 12:07:00,80.2000,80.2300,80.1600,80.2203,257865
2009-03-23 12:06:00,80.2000,80.2100,80.1775,80.2000,178260
2009-03-23 12:05:00,80.1600,80.2100,80.1600,80.1900,243187
2009-03-23 12:04:00,80.1900,80.2200,80.1600,80.1600,530281
2009-03-23 12:03:00,80.2190,80.2500,80.1900,80.1900,1000655
2009-03-23 12:02:00,80.2400,80.2700,80.2100,80.2100,420640
2009-03-23 12:01:00,80.2500,80.2900,80.2200,80.2300,1046356
2009-03-23 12:00:00,80.3100,80.3300,80.2500,80.2500,1032858
2009-03-23 11:59:00,80.4000,80.4200,80.2900,80.3100,1517983
2009-03-23 11:58:00,80.2600,80.4200,80.2500,80.4100,2015598
2009-03-23 11:57:00,80.2390,80.3300,80.1900,80.2600,1632112
2009-03-23 11:56:00,80.2200,80.2700,80.2000,80.2400,696268
2009-03-23 11:55:00,80.2100,80.2300,80.1600,80.2010,1212534
2009-03-23 11:54:00,80.1300,80.2700,80.1200,80.2100,1856324
2009-03-23 11:53:00,80.0500,80.1500,80.0000,80.1274,1710294
2009-03-23 11:52:00,79.9800,80.0700,79.9400,80.0595,1146347
2009-03-23 11:51:00,79.9100,79.9900,79.9100,79.9800,586728
2009-03-23 11:50:00,79.9200,79.9300,79.9000,79.9200,138760
2009-03-23 11:49:00,79.8800,79.9700,79.8800,79.9200,438811
2009-03-23 11:48:00,79.9100,79.9200,79.8700,79.8900,525938
2009-03-23 11:47:00,79.8900,79.9200,79.8400,79.9100,819501
2009-03-23 11:46:00,79.9500,79.9500,79.8600,79.8800,724928
2009-03-23 11:45:00,79.8200,79.9600,79.8075,79.9500,501977
2009-03-23 11:44:00,79.8106,79.8800,79.7990,79.8200,297171
2009-03-23 11:43:00,79.8300,79.8300,79.7700,79.8190,256472
2009-03-23 11:42:00,79.8310,79.8700,79.8100,79.8300,356748
2009-03-23 11:41:00,79.8400,79.8500,79.7900,79.8300,730167
2009-03-23 11:40:00,79.7100,79.8400,79.6900,79.8400,1154337
2009-03-23 11:39:00,79.7406,79.7800,79.7100,79.7150,710722
2009-03-23 11:38:00,79.7300,79.7700,79.7100,79.7400,209379
2009-03-23 11:37:00,79.7400,79.8100,79.7100,79.7200,807431
2009-03-23 11:36:00,79.8000,79.8100,79.7100,79.7400,706748
2009-03-23 11:35:00,79.7900,79.8100,79.7700,79.8000,224277
2009-03-23 11:34:00,79.8200,79.8300,79.7700,79.7800,298741
2009-03-23 11:33:00,79.8200,79.8600,79.8100,79.8100,250630
2009-03-23 11:32:00,79.8400,79.8800,79.8200,79.8200,572404
2009-03-23 11:31:00,79.8000,79.8500,79.7399,79.8400,1107916
2009-03-23 11:30:00,79.7200,79.8100,79.7100,79.7980,554845
2009-03-23 11:29:00,79.7300,79.7600,79.7000,79.7200,420596
2009-03-23 11:28:00,79.7300,79.7700,79.7100,79.7200,239631
2009-03-23 11:27:00,79.6600,79.7900,79.6400,79.7300,1315277
2009-03-23 11:26:00,79.7000,79.7100,79.6600,79.6600,486887
2009-03-23 11:25:00,79.7400,79.7600,79.6500,79.6995,811904
2009-03-23 11:24:00,79.7499,79.7500,79.6800,79.7300,702502
2009-03-23 11:23:00,79.8200,79.8300,79.7200,79.7500,997896
2009-03-23 11:22:00,79.8400,79.8550,79.8000,79.8200,360036
2009-03-23 11:21:00,79.8400,79.9200,79.8100,79.8400,1195316
2009-03-23 11:20:00,79.8200,79.8700,79.7500,79.8400,1581304
2009-03-23 11:19:00,79.8594,79.8600,79.8100,79.8200,227310
2009-03-23 11:18:00,79.8500,79.8900,79.8400,79.8500,182715
2009-03-23 11:17:00,79.8600,79.9200,79.8400,79.8500,316135
2009-03-23 11:16:00,79.8000,79.8600,79.8000,79.8600,161307
2009-03-23 11:15:00,79.8000,79.8800,79.7800,79.8000,554974
2009-03-23 11:14:00,79.8200,79.8800,79.7800,79.7900,730078
2009-03-23 11:13:00,79.7900,79.8600,79.7775,79.8200,438293
2009-03-23 11:12:00,79.8100,79.8100,79.7700,79.7900,417212
2009-03-23 11:11:00,79.8500,79.9033,79.8000,79.8200,674216
2009-03-23 11:10:00,79.8700,79.9100,79.8200,79.8500,603420
2009-03-23 11:09:00,79.8800,79.9100,79.8600,79.8794,239351
2009-03-23 11:08:00,79.9800,79.9900,79.8800,79.8900,660727
2009-03-23 11:07:00,79.9400,80.0300,79.9300,79.9800,1026282
2009-03-23 11:06:00,79.9195,79.9500,79.8900,79.9300,341302
2009-03-23 11:05:00,79.8700,79.9500,79.8700,79.9200,463474
2009-03-23 11:04:00,79.9300,79.9500,79.8600,79.8800,934529
2009-03-23 11:03:00,79.9094,80.0000,79.9000,79.9300,796962
2009-03-23 11:02:00,79.9900,80.0000,79.9000,79.9100,615215
2009-03-23 11:01:00,79.9175,80.0700,79.9175,80.0000,1130885
2009-03-23 11:00:00,79.9500,79.9800,79.9000,79.9700,945901
2009-03-23 10:59:00,79.9800,80.0000,79.9100,79.9500,1039366
2009-03-23 10:58:00,79.8300,80.0000,79.8200,79.9800,1976734
2009-03-23 10:57:00,79.8300,79.8800,79.7900,79.8300,1246198
2009-03-23 10:56:00,79.7100,79.8600,79.6900,79.8300,1158220
2009-03-23 10:55:00,79.6700,79.7400,79.6700,79.7100,561018
2009-03-23 10:54:00,79.6800,79.7000,79.6200,79.6700,746473
2009-03-23 10:53:00,79.7200,79.7600,79.6600,79.6800,596241
2009-03-23 10:52:00,79.6400,79.7200,79.5900,79.7100,586159
2009-03-23 10:51:00,79.6500,79.7600,79.5700,79.6400,1135568
2009-03-23 10:50:00,79.5800,79.6800,79.5700,79.6600,651110
2009-03-23 10:49:00,79.4901,79.5900,79.4900,79.5800,553160
2009-03-23 10:48:00,79.5700,79.5900,79.4700,79.5000,704351
2009-03-23 10:47:00,79.6100,79.6100,79.5600,79.5700,904161
2009-03-23 10:46:00,79.6300,79.6500,79.5900,79.6000,368248
2009-03-23 10:45:00,79.7000,79.7100,79.6200,79.6300,512162
2009-03-23 10:44:00,79.6701,79.7200,79.6300,79.7000,466393
2009-03-23 10:43:00,79.6900,79.7000,79.6100,79.6700,463211
2009-03-23 10:42:00,79.6900,79.7500,79.6500,79.7000,779507
2009-03-23 10:41:00,79.6200,79.7000,79.5800,79.6900,489942
2009-03-23 10:40:00,79.6508,79.6600,79.5800,79.6200,735246
2009-03-23 10:39:00,79.7100,79.7600,79.6300,79.6500,891752
2009-03-23 10:38:00,79.7200,79.7601,79.6900,79.7000,357486
2009-03-23 10:37:00,79.7400,79.8000,79.6800,79.7600,1170503
2009-03-23 10:36:00,79.7300,79.9300,79.7200,79.7300,3636186
2009-03-23 10:35:00,79.6800,79.7400,79.6610,79.7200,697600
2009-03-23 10:34:00,79.7300,79.7400,79.6200,79.6900,1128994
2009-03-23 10:33:00,79.6700,79.7500,79.6100,79.7300,1417187
2009-03-23 10:32:00,79.6180,79.6700,79.5800,79.6700,407645
2009-03-23 10:31:00,79.5300,79.6300,79.5300,79.6100,524335
2009-03-23 10:30:00,79.5500,79.5800,79.5200,79.5301,1002727
2009-03-23 10:29:00,79.5200,79.5700,79.5100,79.5500,492510
2009-03-23 10:28:00,79.5300,79.5900,79.5100,79.5200,967972
2009-03-23 10:27:00,79.5300,79.5900,79.5200,79.5500,550960
2009-03-23 10:26:00,79.6200,79.6600,79.5300,79.5300,741920
2009-03-23 10:25:00,79.6100,79.6900,79.5775,79.6200,927838
2009-03-23 10:24:00,79.6600,79.6800,79.5700,79.6090,1244570
2009-03-23 10:23:00,79.7100,79.7800,79.6500,79.6600,1432979
2009-03-23 10:22:00,79.6400,79.7200,79.6200,79.7100,610207
2009-03-23 10:21:00,79.5900,79.6900,79.5800,79.6500,779045
2009-03-23 10:20:00,79.5900,79.6900,79.5700,79.6000,1233778
2009-03-23 10:19:00,79.6600,79.7000,79.5900,79.5900,1157947
2009-03-23 10:18:00,79.6500,79.7400,79.6200,79.6600,1686413
2009-03-23 10:17:00,79.6200,79.7000,79.6100,79.6500,1407744
2009-03-23 10:16:00,79.4500,79.6600,79.4500,79.6200,3022304
2009-03-23 10:15:00,79.2900,79.4800,79.2800,79.4500,1675729
2009-03-23 10:14:00,79.3100,79.3900,79.2800,79.2900,1037952
2009-03-23 10:13:00,79.3900,79.3990,79.2300,79.3200,1663277
2009-03-23 10:12:00,79.3200,79.4300,79.3100,79.3900,2394914
2009-03-23 10:11:00,79.1900,79.3200,79.1900,79.3195,928764
2009-03-23 10:10:00,79.2300,79.2400,79.0800,79.1575,1002128
2009-03-23 10:09:00,79.1200,79.2500,79.1100,79.2200,924867
2009-03-23 10:08:00,79.2100,79.2900,79.1100,79.1200,645142
2009-03-23 10:07:00,79.3500,79.3800,79.2100,79.2100,899999
2009-03-23 10:06:00,79.1900,79.3900,79.1480,79.3400,1486272
2009-03-23 10:05:00,79.1500,79.1900,79.0800,79.1800,789329
2009-03-23 10:04:00,79.2300,79.3200,79.1500,79.1500,1526124
2009-03-23 10:03:00,79.1100,79.2400,79.0600,79.2400,1212102
2009-03-23 10:02:00,79.1900,79.2400,79.1100,79.1100,1241052
2009-03-23 10:01:00,79.0500,79.2900,79.0400,79.1900,2664288
2009-03-23 10:00:00,78.8100,79.1000,78.8001,79.0600,5211748
2009-03-23 09:59:00,78.7200,78.8700,78.7200,78.8100,1028295
2009-03-23 09:58:00,78.6600,78.7500,78.6400,78.7200,839478
2009-03-23 09:57:00,78.5400,78.6910,78.5300,78.6500,933437
2009-03-23 09:56:00,78.6800,78.7000,78.5300,78.5400,773622
2009-03-23 09:55:00,78.6700,78.7400,78.6400,78.6710,611956
2009-03-23 09:54:00,78.5800,78.6900,78.5300,78.6800,748669
2009-03-23 09:53:00,78.5900,78.6300,78.5200,78.5794,741791
2009-03-23 09:52:00,78.5000,78.6300,78.3100,78.5900,1061262
2009-03-23 09:51:00,78.6375,78.7000,78.4500,78.5000,894792
2009-03-23 09:50:00,78.5900,78.7000,78.5100,78.6500,711474
2009-03-23 09:49:00,78.6900,78.7500,78.5600,78.5800,833874
2009-03-23 09:48:00,78.6900,78.7100,78.5300,78.6900,898885
2009-03-23 09:47:00,78.7312,78.7400,78.6300,78.6900,666468
2009-03-23 09:46:00,78.7600,78.8100,78.6600,78.7400,1017469
2009-03-23 09:45:00,78.6900,78.8700,78.6900,78.7600,934764
2009-03-23 09:44:00,78.6300,78.7800,78.5600,78.6900,840290
2009-03-23 09:43:00,78.6500,78.6600,78.5800,78.6300,714195
2009-03-23 09:42:00,78.8500,78.8500,78.6400,78.6405,1089791
2009-03-23 09:41:00,78.7700,78.9300,78.7100,78.8400,930578
2009-03-23 09:40:00,78.8700,78.9400,78.7300,78.7700,1370465
2009-03-23 09:39:00,78.9800,79.0000,78.8400,78.8700,1652107
2009-03-23 09:38:00,78.8600,78.9900,78.7800,78.9900,1267821
2009-03-23 09:37:00,78.5500,78.8600,78.5400,78.8500,1337754
2009-03-23 09:36:00,78.5300,78.5600,78.4800,78.5500,982575
2009-03-23 09:35:00,78.6850,78.6900,78.4900,78.5400,1074184
2009-03-23 09:34:00,78.7400,78.7500,78.5900,78.6900,1445518
2009-03-23 09:33:00,78.7000,78.7900,78.6200,78.7395,1151411
2009-03-23 09:32:00,78.8100,78.8200,78.6600,78.7000,962890
2009-03-23 09:31:00,78.6900,78.8801,78.6800,78.6901,1395975
2009-03-23 09:30:00,78.7300,79.1100,78.6800,78.6900,4579593
2009-03-23 09:29:00,78.6300,78.7300,78.6000,78.7300,225824
2009-03-23 09:28:00,78.6100,78.6400,78.6000,78.6400,169402
2009-03-23 09:27:00,78.5600,78.6200,78.5500,78.6100,57038
2009-03-23 09:26:00,78.5200,78.5700,78.5200,78.5600,20750
2009-03-23 09:25:00,78.5500,78.5600,78.5000,78.5100,55886
2009-03-23 09:24:00,78.5600,78.6200,78.5500,78.5800,72840
2009-03-23 09:23:00,78.5800,78.6200,78.5600,78.5600,25717
2009-03-23 09:22:00,78.5700,78.5800,78.5200,78.5800,55092
2009-03-23 09:21:00,78.4900,78.5900,78.4900,78.5800,46524
2009-03-23 09:20:00,78.5200,78.5300,78.4700,78.4900,95872
2009-03-23 09:19:00,78.4400,78.5400,78.4400,78.5200,111540
2009-03-23 09:18:00,78.4100,78.4600,78.3500,78.4400,84432
2009-03-23 09:17:00,78.3200,78.4100,78.3200,78.4100,38028
2009-03-23 09:16:00,78.3400,78.3600,78.3100,78.3200,48168
2009-03-23 09:15:00,78.3400,78.3500,78.3300,78.3300,18427
2009-03-23 09:14:00,78.3400,78.3600,78.3200,78.3400,33898
2009-03-23 09:13:00,78.3000,78.3400,78.3000,78.3300,33780
2009-03-23 09:12:00,78.2500,78.3300,78.2500,78.3000,42998
2009-03-23 09:11:00,78.2800,78.3100,78.2500,78.2500,75952
2009-03-23 09:10:00,78.3300,78.3300,78.2800,78.2900,71652
2009-03-23 09:09:00,78.3500,78.3900,78.3300,78.3300,68038
2009-03-23 09:08:00,78.5500,78.5500,78.3300,78.3500,143485
2009-03-23 09:07:00,78.6400,78.6400,78.5500,78.5600,54872
2009-03-23 09:06:00,78.6200,78.6400,78.6100,78.6400,9707
2009-03-23 09:05:00,78.7000,78.7500,78.6200,78.6300,56732
2009-03-23 09:04:00,78.6500,78.7300,78.6500,78.7000,36377
2009-03-23 09:03:00,78.6600,78.6800,78.6400,78.6600,26035
2009-03-23 09:02:00,78.6400,78.6900,78.6300,78.6800,24231
2009-03-23 09:01:00,78.6500,78.6600,78.6200,78.6400,31101
2009-03-23 09:00:00,78.5000,78.6800,78.5000,78.6700,237671
2009-03-23 08:59:00,78.4700,78.5000,78.4600,78.4900,21524
2009-03-23 08:58:00,78.4400,78.4800,78.4200,78.4600,29625
2009-03-23 08:57:00,78.4700,78.5100,78.4000,78.4100,34613
2009-03-23 08:56:00,78.5000,78.5100,78.4300,78.4700,40733
2009-03-23 08:55:00,78.4400,78.5000,78.4400,78.4800,32870
2009-03-23 08:54:00,78.4400,78.4400,78.4400,78.4400,8619
2009-03-23 08:53:00,78.4600,78.4600,78.4400,78.4400,1900
2009-03-23 08:52:00,78.4500,78.5000,78.4400,78.4600,75661
2009-03-23 08:51:00,78.4000,78.4600,78.3900,78.4500,69561
2009-03-23 08:50:00,78.4400,78.4600,78.4200,78.4200,33760
2009-03-23 08:49:00,78.4400,78.4700,78.3900,78.4400,13346
2009-03-23 08:48:00,78.4800,78.4800,78.4600,78.4600,20825
2009-03-23 08:47:00,78.3700,78.4800,78.3700,78.4800,41068
2009-03-23 08:46:00,78.4600,78.4800,78.3800,78.3800,143173
2009-03-23 08:45:00,78.4600,78.4900,78.4450,78.4700,94191
2009-03-23 08:44:00,78.4700,78.5000,78.2054,78.4600,82209
2009-03-23 08:43:00,78.4100,78.4700,78.3600,78.4700,237760
2009-03-23 08:42:00,78.4100,78.4500,78.4000,78.4100,162484
2009-03-23 08:41:00,78.4200,78.4400,78.4100,78.4100,606461
2009-03-23 08:40:00,78.5400,78.5600,78.3900,78.4000,238033
2009-03-23 08:39:00,78.5400,78.5500,78.5300,78.5300,96336
2009-03-23 08:38:00,78.6000,78.6100,78.5300,78.5400,228217
2009-03-23 08:37:00,78.5600,78.6100,78.5600,78.6100,12430
2009-03-23 08:36:00,78.5100,78.6000,78.5000,78.5500,280856
2009-03-23 08:35:00,78.5400,78.5700,78.4700,78.5100,147550
2009-03-23 08:34:00,78.6700,78.6700,78.4900,78.5300,261892
2009-03-23 08:33:00,78.6600,78.7300,78.6300,78.6500,233517
2009-03-23 08:32:00,78.6300,78.6800,78.6300,78.6700,60857
2009-03-23 08:31:00,78.6300,78.6400,78.5500,78.6300,151194
2009-03-23 08:30:00,78.6900,78.6900,78.6300,78.6300,90269
2009-03-23 08:29:00,78.6300,78.6800,78.6300,78.6800,50400
2009-03-23 08:28:00,78.6500,78.6800,78.6300,78.6300,43819
2009-03-23 08:27:00,78.6700,78.7000,78.6500,78.6500,40686
2009-03-23 08:26:00,78.6900,78.7000,78.6400,78.6500,66796
2009-03-23 08:25:00,78.6900,78.7100,78.6900,78.7000,55266
2009-03-23 08:24:00,78.6900,78.7500,78.6400,78.6900,166400
2009-03-23 08:23:00,78.7100,78.7100,78.6900,78.6900,276824
2009-03-23 08:22:00,78.8100,78.9400,78.7100,78.7100,577685
2009-03-23 08:21:00,78.8100,78.8400,78.8100,78.8200,32300
2009-03-23 08:20:00,78.7800,78.8200,78.7700,78.8000,73950
2009-03-23 08:19:00,78.9200,78.9200,78.7700,78.7900,401038
2009-03-23 08:18:00,79.0000,79.0100,78.9200,78.9200,137465
2009-03-23 08:17:00,78.9300,79.0400,78.9300,79.0100,230750
2009-03-23 08:16:00,78.9900,78.9900,78.9100,78.9100,47486
2009-03-23 08:15:00,78.9200,79.0100,78.9200,78.9900,164020
2009-03-23 08:14:00,78.8700,78.9400,78.8500,78.9400,43489
2009-03-23 08:13:00,78.8600,78.9000,78.8500,78.8600,155726
2009-03-23 08:12:00,78.8600,78.9700,78.8000,78.8500,100135
2009-03-23 08:11:00,78.9600,78.9600,78.8500,78.8600,124884
2009-03-23 08:10:00,79.0000,79.0000,78.9600,78.9600,16634
2009-03-23 08:09:00,79.0800,79.0800,78.9900,78.9900,23387
2009-03-23 08:08:00,79.0600,79.1100,79.0300,79.0800,91135
2009-03-23 08:07:00,79.0800,79.1100,79.0600,79.0800,94800
2009-03-23 08:06:00,79.1500,79.1600,79.0400,79.0800,41328
2009-03-23 08:05:00,79.2400,79.2400,79.1500,79.1500,44949
2009-03-23 08:04:00,79.2600,79.2700,79.2000,79.2600,31354
2009-03-23 08:03:00,79.2200,79.2600,79.2100,79.2400,26098
2009-03-23 08:02:00,79.2300,79.3000,79.2200,79.2300,67822
2009-03-23 08:01:00,79.2000,79.2300,79.1500,79.2000,83439
2009-03-23 08:00:00,79.3500,79.3500,77.6500,79.2000,1327541
2009-03-23 07:59:00,79.3200,79.3700,79.3200,79.3500,340159
2009-03-23 07:58:00,79.3200,79.3400,79.3100,79.3100,7950
2009-03-23 07:57:00,79.3100,79.3200,79.2800,79.3200,17139
2009-03-23 07:56:00,79.2600,79.3400,79.2600,79.3100,120226
2009-03-23 07:55:00,79.1800,79.2600,79.1500,79.2600,21610
2009-03-23 07:54:00,79.1500,79.1800,79.1500,79.1800,3100
2009-03-23 07:53:00,79.1400,79.1500,79.1200,79.1200,1850
2009-03-23 07:52:00,79.1300,79.1300,79.1300,79.1300,300
2009-03-23 07:51:00,79.0800,79.1300,79.0800,79.1300,76600
2009-03-23 07:50:00,79.0500,79.1000,79.0500,79.0800,11600
2009-03-23 07:49:00,79.0800,79.1000,79.0700,79.0700,100175
2009-03-23 07:48:00,79.1100,79.1200,79.1100,79.1200,7800
2009-03-23 07:47:00,79.1200,79.1200,79.1100,79.1100,12600
2009-03-23 07:46:00,79.1200,79.1200,79.1100,79.1200,35251
2009-03-23 07:45:00,79.1000,79.1200,79.1000,79.1200,2206
2009-03-23 07:44:00,79.1500,79.1500,79.1000,79.1000,6300
2009-03-23 07:43:00,79.1500,79.1600,79.1000,79.1200,15700
2009-03-23 07:42:00,79.1500,79.1500,79.1200,79.1500,17200
2009-03-23 07:41:00,79.1200,79.1500,79.1100,79.1500,10700
2009-03-23 07:40:00,79.1000,79.1300,79.1000,79.1000,8800
2009-03-23 07:39:00,79.2400,79.2400,79.0700,79.1000,34955
2009-03-23 07:38:00,79.2000,79.2400,79.2000,79.2400,73602
2009-03-23 07:37:00,79.1100,79.2500,79.1100,79.2400,65800
2009-03-23 07:36:00,79.0800,79.1200,79.0700,79.1100,70100
2009-03-23 07:35:00,79.1000,79.1000,79.0500,79.0800,51500
2009-03-23 07:34:00,79.0100,79.1000,79.0100,79.1000,6440
2009-03-23 07:33:00,78.9800,79.0700,78.9800,79.0500,7736
2009-03-23 07:32:00,78.9500,79.0100,78.9500,79.0100,15600
2009-03-23 07:31:00,78.9500,78.9600,78.9400,78.9400,4000
2009-03-23 07:30:00,78.9800,78.9800,78.9700,78.9700,11682
2009-03-23 07:29:00,78.9900,79.0000,78.9600,78.9800,40300
2009-03-23 07:28:00,78.9300,78.9900,78.9300,78.9900,15646
2009-03-23 07:27:00,78.9300,78.9300,78.9300,78.9300,500
2009-03-23 07:26:00,78.9500,78.9500,78.9100,78.9100,2450
2009-03-23 07:25:00,78.9000,78.9400,78.9000,78.9400,16069
2009-03-23 07:24:00,78.9000,78.9100,78.9000,78.9000,80130
2009-03-23 07:23:00,78.8800,78.9000,78.8800,78.9000,22850
2009-03-23 07:22:00,78.8800,78.9000,78.8800,78.9000,3389
2009-03-23 07:21:00,78.9200,78.9200,78.8600,78.8800,38700
2009-03-23 07:20:00,78.9200,78.9200,78.9200,78.9200,45700
2009-03-23 07:19:00,78.9300,78.9500,78.9200,78.9200,23397
2009-03-23 07:18:00,78.8800,78.9400,78.8800,78.9400,13800
2009-03-23 07:17:00,78.9100,78.9100,78.9100,78.9100,1700
2009-03-23 07:16:00,78.9400,78.9400,78.9000,78.9000,11870
2009-03-23 07:15:00,78.9000,78.9300,78.9000,78.9300,2100
2009-03-23 07:14:00,78.9000,78.9100,78.9000,78.9000,14613
2009-03-23 07:13:00,78.8800,78.9000,78.8800,78.9000,5500
2009-03-23 07:12:00,78.8900,78.8900,78.8500,78.8800,86553
2009-03-23 07:11:00,78.9000,78.9000,78.8800,78.8900,92266
2009-03-23 07:10:00,78.9000,78.9300,78.8800,78.9000,35947
2009-03-23 07:09:00,78.9000,78.9000,78.9000,78.9000,500
2009-03-23 07:08:00,78.8800,78.9300,78.8300,78.9200,33638
2009-03-23 07:07:00,78.8700,78.8800,78.8700,78.8800,8660
2009-03-23 07:06:00,78.9000,78.9000,78.8700,78.8700,1469
2009-03-23 07:05:00,78.9700,78.9700,78.9500,78.9500,27320
2009-03-23 07:04:00,79.0000,79.0000,78.9700,79.0000,7175
2009-03-23 07:03:00,78.9700,78.9700,78.9500,78.9500,26000
2009-03-23 07:02:00,79.0000,79.0000,78.9900,78.9900,5800
2009-03-23 07:01:00,78.9800,78.9800,78.9500,78.9700,84468
2009-03-23 07:00:00,79.0000,79.0300,78.9600,78.9700,106100
2009-03-23 06:59:00,79.0300,79.0400,78.9900,79.0400,3300
2009-03-23 06:56:00,79.0700,79.0700,79.0700,79.0700,100
2009-03-23 06:55:00,79.0500,79.0500,79.0300,79.0300,63500
2009-03-23 06:54:00,79.0500,79.0500,79.0500,79.0500,24000
2009-03-23 06:53:00,79.1100,79.1100,79.1100,79.1100,102
2009-03-23 06:52:00,79.0600,79.1100,79.0600,79.1100,5100
2009-03-23 06:51:00,79.0700,79.0700,79.0700,79.0700,100
2009-03-23 06:48:00,79.1300,79.1300,79.1300,79.1300,100
2009-03-23 06:47:00,79.1600,79.1600,79.1600,79.1600,100
2009-03-23 06:46:00,79.1100,79.1100,79.1100,79.1100,10000
2009-03-23 06:45:00,79.0400,79.0400,79.0400,79.0400,100
2009-03-23 06:44:00,79.0100,79.0100,79.0000,79.0000,25000
2009-03-23 06:43:00,79.0100,79.0400,79.0100,79.0100,119400
2009-03-23 06:42:00,79.0600,79.0600,79.0600,79.0600,10000
2009-03-23 06:40:00,79.1100,79.1100,79.1100,79.1100,100
2009-03-23 06:35:00,79.0100,79.0700,79.0100,79.0700,1200
2009-03-23 06:32:00,78.9900,78.9900,78.9900,78.9900,5000
2009-03-23 06:29:00,79.0500,79.0500,79.0500,79.0500,2600
2009-03-23 06:28:00,79.0000,79.0200,79.0000,79.0200,900
2009-03-23 06:25:00,78.8600,78.8600,78.8600,78.8600,100
2009-03-23 06:23:00,78.8600,78.8600,78.8600,78.8600,184
2009-03-23 06:22:00,78.8600,78.8600,78.8600,78.8600,416
2009-03-23 06:16:00,78.8500,78.8500,78.8500,78.8500,380
2009-03-23 06:11:00,78.8800,78.8800,78.8800,78.8800,150
2009-03-23 06:08:00,78.9400,78.9500,78.9400,78.9500,600
2009-03-23 06:06:00,78.9800,78.9800,78.9800,78.9800,100
2009-03-23 06:04:00,78.9100,78.9100,78.9100,78.9100,600
2009-03-23 06:01:00,79.0000,79.0000,79.0000,79.0000,100
2009-03-23 05:58:00,78.8700,78.8700,78.8700,78.8700,200
2009-03-23 05:56:00,78.8500,78.8500,78.8500,78.8500,100
2009-03-23 05:55:00,78.8300,78.8300,78.8300,78.8300,2500
2009-03-23 05:52:00,78.8000,78.8000,78.8000,78.8000,100
2009-03-23 05:36:00,78.8700,78.8700,78.8700,78.8700,300
2009-03-23 05:30:00,78.8700,78.8700,78.8500,78.8500,1200
2009-03-23 05:22:00,79.0200,79.0200,79.0200,79.0200,100
2009-03-23 05:21:00,79.0000,79.0000,79.0000,79.0000,1300
2009-03-23 05:19:00,79.0000,79.0000,79.0000,79.0000,3700
2009-03-23 05:17:00,78.9600,78.9600,78.9500,78.9500,2500
2009-03-23 05:12:00,79.0300,79.0300,79.0300,79.0300,1000
2009-03-23 05:04:00,78.9800,78.9800,78.9800,78.9800,330
2009-03-23 04:51:00,78.8500,78.8500,78.8500,78.8500,100
2009-03-23 04:38:00,78.7500,78.7500,78.7500,78.7500,500
2009-03-23 04:24:00,78.8300,78.8300,78.8300,78.8300,100
2009-03-23 04:21:00,78.8800,78.8800,78.8800,78.8800,5000
2009-03-23 04:19:00,78.9500,78.9500,78.9500,78.9500,1100
2009-03-23 04:16:00,78.9800,78.9800,78.9500,78.9500,3640
2009-03-23 04:15:00,78.9000,78.9800,78.8800,78.9700,25430
2009-03-23 04:14:00,78.9500,78.9500,78.9400,78.9400,7500
2009-03-20 19:59:00,76.7500,76.7500,76.7500,76.7500,800
2009-03-20 19:58:00,76.7400,76.7400,76.7400,76.7400,414
2009-03-20 19:56:00,76.7500,76.7500,76.7500,76.7500,500
2009-03-20 19:52:00,76.7500,76.7500,76.7500,76.7500,250
2009-03-20 19:48:00,76.7100,76.7100,76.7100,76.7100,500
2009-03-20 19:44:00,76.7200,76.7200,76.7200,76.7200,165
2009-03-20 19:40:00,76.8100,76.8100,76.7400,76.7400,950
2009-03-20 19:39:00,76.7600,76.8000,76.7600,76.8000,1800
2009-03-20 19:38:00,76.7500,76.7500,76.7500,76.7500,1000
2009-03-20 19:33:00,76.7400,76.7400,76.7400,76.7400,600
2009-03-20 19:29:00,76.7700,76.7700,76.7700,76.7700,600
2009-03-20 19:28:00,76.8200,76.8200,76.7500,76.7500,1100
2009-03-20 19:27:00,76.7400,76.8000,76.7100,76.8000,2635
2009-03-20 19:26:00,76.7600,76.7600,76.7600,76.7600,400
2009-03-20 19:25:00,76.7700,76.7700,76.7400,76.7400,1635
2009-03-20 19:24:00,76.8400,76.8400,76.7700,76.7700,500
2009-03-20 19:23:00,76.8000,76.8000,76.8000,76.8000,200
2009-03-20 19:19:00,76.7700,76.7700,76.7700,76.7700,1565
2009-03-20 19:15:00,76.8300,76.8500,76.8300,76.8500,1399
2009-03-20 19:11:00,76.7700,76.7700,76.7700,76.7700,694
2009-03-20 19:09:00,76.8000,76.8000,76.8000,76.8000,944
2009-03-20 19:07:00,76.8100,76.8100,76.8100,76.8100,200
2009-03-20 19:04:00,76.8400,76.8500,76.8000,76.8100,1099
2009-03-20 19:01:00,76.8500,76.8500,76.8500,76.8500,100
2009-03-20 18:59:00,76.8200,76.8200,76.8200,76.8200,299
2009-03-20 18:55:00,76.8500,76.8500,76.8500,76.8500,200
2009-03-20 18:52:00,76.8000,76.8000,76.8000,76.8000,1100
2009-03-20 18:51:00,76.7700,76.7700,76.7700,76.7700,1000
2009-03-20 18:48:00,76.7600,76.7600,76.7600,76.7600,2000
2009-03-20 18:47:00,76.7800,76.7800,76.7600,76.7600,1001
2009-03-20 18:45:00,76.7700,76.7700,76.7700,76.7700,399
2009-03-20 18:44:00,76.7900,76.7900,76.7200,76.7700,5898
2009-03-20 18:43:00,76.8000,76.8000,76.8000,76.8000,200
2009-03-20 18:42:00,76.7900,76.7900,76.7800,76.7800,5360
2009-03-20 18:39:00,76.8300,76.8300,76.8000,76.8000,300
2009-03-20 18:37:00,76.8100,76.8100,76.8100,76.8100,2000
2009-03-20 18:36:00,76.8400,76.8400,76.8100,76.8100,515
2009-03-20 18:34:00,76.8200,76.8200,76.8200,76.8200,500
2009-03-20 18:33:00,76.8100,76.8200,76.8100,76.8200,500
2009-03-20 18:31:00,76.8200,76.8200,76.8200,76.8200,9838
2009-03-20 18:30:00,76.8200,76.8200,76.8200,76.8200,100
2009-03-20 18:29:00,76.8200,76.8200,76.8200,76.8200,300
2009-03-20 18:28:00,76.8300,76.8300,76.8200,76.8200,3599
2009-03-20 18:27:00,76.8500,76.8500,76.8500,76.8500,300
2009-03-20 18:25:00,76.8600,76.8800,76.8500,76.8800,1500
2009-03-20 18:24:00,76.9000,76.9000,76.9000,76.9000,100
2009-03-20 18:21:00,76.8500,76.8700,76.8500,76.8700,5900
2009-03-20 18:20:00,76.9000,76.9000,76.8700,76.8700,5120
2009-03-20 18:19:00,76.9100,76.9100,76.8900,76.8900,2500
2009-03-20 18:18:00,76.9200,76.9300,76.9000,76.9300,2800
2009-03-20 18:17:00,76.9200,76.9200,76.9200,76.9200,900
2009-03-20 18:16:00,76.9400,76.9400,76.9100,76.9100,1100
2009-03-20 18:15:00,76.9400,76.9400,76.9400,76.9400,8700
2009-03-20 18:14:00,76.9400,76.9400,76.9400,76.9400,500
2009-03-20 18:13:00,76.9400,76.9400,76.9400,76.9400,400
2009-03-20 18:12:00,76.9500,76.9500,76.9300,76.9300,2500
2009-03-20 18:09:00,76.9600,76.9600,76.9600,76.9600,2967
2009-03-20 18:08:00,76.9200,76.9600,76.9200,76.9600,5137
2009-03-20 18:07:00,76.9500,76.9600,76.9500,76.9600,550
2009-03-20 18:06:00,76.9600,76.9600,76.9400,76.9400,2300
2009-03-20 18:05:00,77.0000,77.0000,77.0000,77.0000,830
2009-03-20 18:04:00,77.0000,77.0000,77.0000,77.0000,3600
2009-03-20 18:03:00,77.0000,77.0000,77.0000,77.0000,500
2009-03-20 18:01:00,77.0000,77.0000,77.0000,77.0000,100
2009-03-20 18:00:00,77.0000,77.0000,77.0000,77.0000,222
2009-03-20 17:59:00,77.0000,77.0000,77.0000,77.0000,100
2009-03-20 17:58:00,76.9800,76.9800,76.9800,76.9800,1000
2009-03-20 17:57:00,76.9500,76.9800,76.9500,76.9800,2400
2009-03-20 17:56:00,76.9900,76.9900,76.9900,76.9900,600
2009-03-20 17:53:00,77.0000,77.0000,76.9600,76.9600,200
2009-03-20 17:51:00,77.0400,77.0600,76.9500,76.9500,8937
2009-03-20 17:50:00,77.0000,77.0300,77.0000,77.0300,10015
2009-03-20 17:49:00,77.0000,77.0100,76.9400,77.0000,2174
2009-03-20 17:48:00,77.0000,77.0100,77.0000,77.0000,11528
2009-03-20 17:47:00,76.9600,77.0000,76.9600,77.0000,1444
2009-03-20 17:46:00,76.9400,76.9800,76.9100,76.9100,700
2009-03-20 17:45:00,76.9500,76.9500,76.9400,76.9500,400
2009-03-20 17:44:00,76.9600,76.9900,76.9600,76.9900,300
2009-03-20 17:43:00,76.9900,76.9900,76.9900,76.9900,100
2009-03-20 17:39:00,77.0000,77.0000,77.0000,77.0000,2826
2009-03-20 17:38:00,77.0000,77.0000,77.0000,77.0000,880
2009-03-20 17:35:00,76.9900,76.9900,76.9600,76.9600,200
2009-03-20 17:34:00,76.9800,76.9800,76.9800,76.9800,200
2009-03-20 17:33:00,76.9900,76.9900,76.9900,76.9900,2950
2009-03-20 17:32:00,76.9900,76.9900,76.9900,76.9900,700
2009-03-20 17:30:00,76.9900,76.9900,76.9900,76.9900,200
2009-03-20 17:29:00,76.9300,76.9800,76.9300,76.9600,4100
2009-03-20 17:28:00,76.9800,76.9800,76.9700,76.9800,2700
2009-03-20 17:26:00,76.9700,76.9700,76.9700,76.9700,500
2009-03-20 17:25:00,76.9800,76.9800,76.9700,76.9700,2500
2009-03-20 17:24:00,76.9600,76.9600,76.9600,76.9600,300
2009-03-20 17:23:00,77.0000,77.0000,76.9900,76.9900,782
2009-03-20 17:22:00,77.0000,77.0000,77.0000,77.0000,100
2009-03-20 17:21:00,77.0000,77.0100,76.9900,77.0000,9872
2009-03-20 17:20:00,76.9900,77.0000,76.9400,76.9900,41366
2009-03-20 17:19:00,76.9900,76.9900,76.9900,76.9900,4036
2009-03-20 17:18:00,77.0000,77.0000,76.9900,76.9900,1167
2009-03-20 17:17:00,77.0000,77.0000,76.9900,76.9900,7185
2009-03-20 17:16:00,77.0000,77.0000,77.0000,77.0000,1086
2009-03-20 17:15:00,77.0000,77.0000,77.0000,77.0000,986
2009-03-20 17:14:00,77.0100,77.0100,77.0000,77.0000,4429
2009-03-20 17:13:00,77.0000,77.0000,77.0000,77.0000,1000
2009-03-20 17:11:00,76.9900,76.9900,76.9900,76.9900,1738
2009-03-20 17:10:00,76.9900,76.9900,76.9900,76.9900,300
2009-03-20 17:09:00,77.0000,77.0000,77.0000,77.0000,200
2009-03-20 17:08:00,76.9600,77.0100,76.9600,77.0000,9405
2009-03-20 17:07:00,77.0000,77.0200,76.9900,76.9900,11850
2009-03-20 17:06:00,77.0000,77.0300,77.0000,77.0200,32594
2009-03-20 17:05:00,77.0000,77.0300,77.0000,77.0000,28240
2009-03-20 17:04:00,77.0000,77.0300,77.0000,77.0100,6600
2009-03-20 17:03:00,77.0000,77.0400,77.0000,77.0400,13200
2009-03-20 17:02:00,77.0000,77.0200,77.0000,77.0200,8460
2009-03-20 17:01:00,76.9900,77.0300,76.9900,77.0000,25420
2009-03-20 17:00:00,76.9900,76.9900,76.9900,76.9900,9902
2009-03-20 16:59:00,76.9900,76.9900,76.9500,76.9900,11400
2009-03-20 16:58:00,76.9700,76.9900,76.9500,76.9500,4090
2009-03-20 16:57:00,76.9000,76.9700,76.9000,76.9700,2431
2009-03-20 16:56:00,76.9200,76.9500,76.9100,76.9500,14886
2009-03-20 16:55:00,76.9100,76.9200,76.9100,76.9100,4286
2009-03-20 16:54:00,76.9000,76.9000,76.9000,76.9000,11772
2009-03-20 16:53:00,76.8800,76.9000,76.8800,76.8900,4577
2009-03-20 16:52:00,76.8800,76.8800,76.8800,76.8800,1000
2009-03-20 16:51:00,76.8900,76.9000,76.8900,76.9000,600
2009-03-20 16:50:00,76.8800,76.8800,76.8800,76.8800,628
2009-03-20 16:49:00,76.8800,76.8800,76.8800,76.8800,13272
2009-03-20 16:48:00,76.6500,76.9000,76.6500,76.8800,42843
2009-03-20 16:47:00,76.8800,76.8800,76.8800,76.8800,8450
2009-03-20 16:46:00,76.9000,76.9000,76.9000,76.9000,2693
2009-03-20 16:45:00,76.9000,76.9000,76.9000,76.9000,1100
2009-03-20 16:44:00,76.9000,76.9000,76.9000,76.9000,5843
2009-03-20 16:43:00,76.8800,76.9000,76.7100,76.9000,121257
2009-03-20 16:42:00,76.8800,76.8800,76.8800,76.8800,18182
2009-03-20 16:41:00,76.8800,76.9000,76.8800,76.8800,4600
2009-03-20 16:40:00,76.8800,76.8800,76.8800,76.8800,7600
2009-03-20 16:39:00,76.8800,76.9000,76.8800,76.8800,9428
2009-03-20 16:38:00,76.8800,76.8900,76.8800,76.8900,5705
2009-03-20 16:37:00,76.8800,78.3538,76.8500,76.8800,1013815
2009-03-20 16:36:00,76.8900,76.9000,76.6525,76.8800,28420
2009-03-20 16:35:00,76.8500,76.8800,76.8500,76.8800,9788
2009-03-20 16:34:00,76.8500,76.8900,76.8060,76.8400,616186
2009-03-20 16:33:00,76.8600,76.8600,76.8500,76.8500,3800
2009-03-20 16:32:00,76.8000,76.9500,76.8000,76.8500,10900
2009-03-20 16:31:00,76.8000,76.8300,76.7700,76.8300,34481
2009-03-20 16:30:00,76.7600,76.8000,76.7500,76.8000,26100
2009-03-20 16:29:00,76.7300,76.7900,76.6800,76.7400,26456
2009-03-20 16:28:00,76.7400,76.8200,76.7400,76.8000,17600
2009-03-20 16:27:00,76.7200,76.7200,76.7200,76.7200,5100
2009-03-20 16:26:00,76.7000,76.7200,76.7000,76.7200,13000
2009-03-20 16:25:00,76.7000,76.7000,76.7000,76.7000,3100
2009-03-20 16:24:00,76.7000,76.7700,76.7000,76.7700,44722
2009-03-20 16:23:00,76.7100,78.3538,76.7000,76.7000,1506054
2009-03-20 16:22:00,76.7300,76.7300,76.6550,76.7300,92900
2009-03-20 16:21:00,76.7200,76.7400,76.7000,76.7400,12300
2009-03-20 16:20:00,76.7000,76.8000,76.7000,76.7200,155600
2009-03-20 16:19:00,76.6700,76.7100,76.6500,76.7000,6300
2009-03-20 16:18:00,76.6800,76.7100,76.6800,76.6800,14304
2009-03-20 16:17:00,76.7100,77.6563,76.6200,76.6800,146963
2009-03-20 16:16:00,76.7200,77.5247,76.6450,76.7100,47739
2009-03-20 16:15:00,76.7300,76.7800,76.7100,76.7400,21893
2009-03-20 16:14:00,76.7800,76.8000,76.7200,76.7200,161191
2009-03-20 16:13:00,76.7000,76.8000,76.7000,76.7800,220112
2009-03-20 16:12:00,76.7100,76.7300,76.6800,76.7100,293269
2009-03-20 16:11:00,76.7700,76.7900,76.7100,76.7100,179505
2009-03-20 16:10:00,76.7800,77.3000,76.7600,76.7800,498421
2009-03-20 16:09:00,76.8000,76.8300,76.7800,76.7800,120980
2009-03-20 16:08:00,76.8000,76.8100,76.7800,76.8000,80911
2009-03-20 16:07:00,76.7700,78.0500,76.7600,76.8000,373907
2009-03-20 16:06:00,76.8000,76.8200,76.7600,76.7700,138870
2009-03-20 16:05:00,76.8100,76.8500,76.8000,76.8000,216284
2009-03-20 16:04:00,76.7500,76.8400,76.7500,76.8100,384473
2009-03-20 16:03:00,76.7600,76.7600,76.6900,76.7500,616113
2009-03-20 16:02:00,76.6800,76.7700,76.6700,76.7500,652489
2009-03-20 16:01:00,76.7100,77.1500,76.6600,76.6700,1063291
2009-03-20 16:00:00,76.7000,76.8958,76.6200,76.7100,14872172
2009-03-20 15:59:00,76.7500,76.8100,76.6900,76.7100,3404920
2009-03-20 15:58:00,76.8700,76.8900,76.7400,76.7500,3004881
2009-03-20 15:57:00,76.9200,76.9500,76.8700,76.8700,2088926
2009-03-20 15:56:00,76.9200,76.9750,76.9100,76.9200,952348
2009-03-20 15:55:00,76.9700,77.0200,76.9000,76.9200,3151773
2009-03-20 15:54:00,76.9700,76.9800,76.8700,76.9800,1453098
2009-03-20 15:53:00,77.0000,77.0100,76.9300,76.9600,608839
2009-03-20 15:52:00,76.9100,77.0200,76.9000,76.9900,706276
2009-03-20 15:51:00,76.9100,77.0200,76.8900,76.9100,1398822
2009-03-20 15:50:00,76.8500,76.9600,76.8500,76.9000,1774942
2009-03-20 15:49:00,76.9599,76.9900,76.8500,76.8600,1209898
2009-03-20 15:48:00,76.9800,77.0200,76.9300,76.9600,1272494
2009-03-20 15:47:00,77.0400,77.1100,76.9500,76.9800,843325
2009-03-20 15:46:00,77.1100,77.1300,77.0000,77.0300,1116377
2009-03-20 15:45:00,77.1200,77.1800,77.1100,77.1100,918203
2009-03-20 15:44:00,77.1000,77.2200,77.0900,77.1207,724611
2009-03-20 15:43:00,77.1400,77.2500,77.0800,77.1000,1165301
2009-03-20 15:42:00,77.1400,77.2100,77.0500,77.1400,1029739
2009-03-20 15:41:00,77.1300,77.1400,77.0500,77.1400,1071613
2009-03-20 15:40:00,77.2599,77.2900,77.0900,77.1300,1824857
2009-03-20 15:39:00,77.3600,77.3750,77.1500,77.2500,1247205
2009-03-20 15:38:00,77.4200,77.5000,77.3600,77.3700,1027491
2009-03-20 15:37:00,77.5100,77.5500,77.4100,77.4200,770237
2009-03-20 15:36:00,77.3600,77.5500,77.3550,77.5100,1105902
2009-03-20 15:35:00,77.5000,77.5100,77.3400,77.3600,1824167
2009-03-20 15:34:00,77.3000,77.5000,77.3000,77.5000,2148979
2009-03-20 15:33:00,77.1600,77.3000,77.1600,77.2974,915292
2009-03-20 15:32:00,77.2000,77.2650,77.1500,77.1600,513377
2009-03-20 15:31:00,77.3100,77.3200,77.1900,77.2100,608589
2009-03-20 15:30:00,77.1700,77.3400,77.1700,77.3026,803577
2009-03-20 15:29:00,77.2300,77.2500,77.1300,77.1800,539478
2009-03-20 15:28:00,77.2300,77.2500,77.1900,77.2206,890480
2009-03-20 15:27:00,77.2800,77.3200,77.1700,77.2200,768361
2009-03-20 15:26:00,77.3100,77.3250,77.2500,77.2800,553148
2009-03-20 15:25:00,77.3700,77.3800,77.3100,77.3200,842774
2009-03-20 15:24:00,77.2300,77.3700,77.2000,77.3700,896839
2009-03-20 15:23:00,77.1400,77.2400,77.1300,77.2300,859606
2009-03-20 15:22:00,77.0400,77.1800,77.0200,77.1500,1044329
2009-03-20 15:21:00,76.9900,77.0500,76.9800,77.0400,421346
2009-03-20 15:20:00,76.9600,77.0300,76.9400,76.9900,324716
2009-03-20 15:19:00,76.9800,77.0200,76.9300,76.9594,838866
2009-03-20 15:18:00,76.9701,76.9900,76.9500,76.9899,300072
2009-03-20 15:17:00,76.9100,76.9900,76.9100,76.9800,449587
2009-03-20 15:16:00,76.9500,76.9599,76.9000,76.9200,331126
2009-03-20 15:15:00,76.9500,77.0000,76.9200,76.9500,552630
2009-03-20 15:14:00,77.0100,77.0400,76.9400,76.9600,530299
2009-03-20 15:13:00,77.0600,77.0810,76.9600,77.0100,1533131
2009-03-20 15:12:00,77.2200,77.2400,77.0500,77.0500,757827
2009-03-20 15:11:00,77.2500,77.2600,77.1800,77.2200,956932
2009-03-20 15:10:00,77.0900,77.2600,77.0800,77.2500,1048967
2009-03-20 15:09:00,77.0700,77.1200,77.0500,77.0801,571032
2009-03-20 15:08:00,77.0200,77.0700,77.0100,77.0700,510684
2009-03-20 15:07:00,77.0300,77.1100,77.0100,77.0100,432343
2009-03-20 15:06:00,77.0200,77.0700,76.9975,77.0300,255267
2009-03-20 15:05:00,76.9600,77.0400,76.9200,77.0200,1142609
2009-03-20 15:04:00,77.0200,77.0700,76.9300,76.9600,811275
2009-03-20 15:03:00,77.0700,77.1000,77.0200,77.0250,658394
2009-03-20 15:02:00,77.0900,77.1500,77.0500,77.0700,1242009
2009-03-20 15:01:00,77.0500,77.1300,77.0300,77.0900,2460332
2009-03-20 15:00:00,76.9100,77.0600,76.9000,77.0550,1404479
2009-03-20 14:59:00,76.9600,76.9700,76.9100,76.9100,586508
2009-03-20 14:58:00,76.8400,77.0000,76.8300,76.9600,1373250
2009-03-20 14:57:00,76.6750,76.8700,76.6622,76.8400,1320269
2009-03-20 14:56:00,76.6400,76.7000,76.5900,76.6895,408652
2009-03-20 14:55:00,76.6900,76.7000,76.5700,76.6400,768007
2009-03-20 14:54:00,76.6800,76.7500,76.6800,76.6994,482153
2009-03-20 14:53:00,76.6300,76.7000,76.6200,76.6800,500031
2009-03-20 14:52:00,76.7400,76.7400,76.6200,76.6300,316647
2009-03-20 14:51:00,76.7100,76.7600,76.6800,76.7400,502040
2009-03-20 14:50:00,76.7100,76.7200,76.6300,76.7100,806181
2009-03-20 14:49:00,76.7200,76.7600,76.6700,76.7100,575436
2009-03-20 14:48:00,76.6500,76.7500,76.6400,76.7100,639495
2009-03-20 14:47:00,76.7000,76.7100,76.6300,76.6500,425563
2009-03-20 14:46:00,76.6200,76.7300,76.6200,76.7000,561504
2009-03-20 14:45:00,76.6400,76.6800,76.5700,76.6300,1112414
2009-03-20 14:44:00,76.5600,76.6500,76.5300,76.6400,1166543
2009-03-20 14:43:00,76.7100,76.7200,76.5300,76.5600,1858352
2009-03-20 14:42:00,76.7300,76.8300,76.7100,76.7100,812198
2009-03-20 14:41:00,76.8400,76.8700,76.7100,76.7200,828354
2009-03-20 14:40:00,76.9100,76.9100,76.8000,76.8400,688453
2009-03-20 14:39:00,76.8200,76.9200,76.8150,76.9101,625496
2009-03-20 14:38:00,76.8000,76.8300,76.7900,76.8300,221572
2009-03-20 14:37:00,76.8000,76.8400,76.7400,76.8000,472211
2009-03-20 14:36:00,76.7800,76.8200,76.7500,76.7900,603038
2009-03-20 14:35:00,76.8500,76.8600,76.7500,76.7700,859546
2009-03-20 14:34:00,76.8700,76.9300,76.8400,76.8600,726436
2009-03-20 14:33:00,76.9100,76.9200,76.8500,76.8700,430852
2009-03-20 14:32:00,76.9100,76.9700,76.8900,76.9100,864991
2009-03-20 14:31:00,76.8800,76.9400,76.8500,76.9100,755273
2009-03-20 14:30:00,76.8900,76.9500,76.8700,76.8800,1144535
2009-03-20 14:29:00,76.8200,76.9300,76.8000,76.8900,724829
2009-03-20 14:28:00,76.7500,76.8450,76.7200,76.8200,663349
2009-03-20 14:27:00,76.6500,76.7500,76.6400,76.7500,570892
2009-03-20 14:26:00,76.6800,76.7100,76.6400,76.6600,655828
2009-03-20 14:25:00,76.7900,76.7900,76.6800,76.6900,413570
2009-03-20 14:24:00,76.7875,76.8200,76.7500,76.7800,475799
2009-03-20 14:23:00,76.7900,76.8100,76.7300,76.8100,1088240
2009-03-20 14:22:00,76.8300,76.8700,76.7700,76.7900,664588
2009-03-20 14:21:00,76.8400,76.8600,76.8000,76.8300,649084
2009-03-20 14:20:00,76.7700,76.8500,76.7700,76.8400,466038
2009-03-20 14:19:00,76.7800,76.8100,76.7600,76.7800,498589
2009-03-20 14:18:00,76.8100,76.8300,76.7300,76.7700,589172
2009-03-20 14:17:00,76.7800,76.8400,76.7700,76.8100,835824
2009-03-20 14:16:00,76.7800,76.7890,76.7400,76.7800,634510
2009-03-20 14:15:00,76.7400,76.8200,76.7000,76.7700,1246332
2009-03-20 14:14:00,76.6600,76.7400,76.6500,76.7400,771596
2009-03-20 14:13:00,76.6300,76.6800,76.6000,76.6600,566549
2009-03-20 14:12:00,76.6800,76.7100,76.6000,76.6400,523603
2009-03-20 14:11:00,76.6850,76.7300,76.6400,76.6800,794729
2009-03-20 14:10:00,76.6100,76.6900,76.5600,76.6900,1251437
2009-03-20 14:09:00,76.6100,76.6800,76.5300,76.6200,1501431
2009-03-20 14:08:00,76.6900,76.6900,76.5900,76.6100,689262
2009-03-20 14:07:00,76.6300,76.7000,76.6100,76.6800,642407
2009-03-20 14:06:00,76.6500,76.6600,76.6000,76.6400,581840
2009-03-20 14:05:00,76.8300,76.8300,76.5900,76.6500,2030630
2009-03-20 14:04:00,76.7900,76.8500,76.7200,76.8300,667559
2009-03-20 14:03:00,76.7900,76.8300,76.7700,76.7900,947523
2009-03-20 14:02:00,76.7900,76.8200,76.7800,76.7975,336760
2009-03-20 14:01:00,76.7299,76.8200,76.7100,76.7800,769595
2009-03-20 14:00:00,76.8000,76.8300,76.7100,76.7100,1233810
2009-03-20 13:59:00,76.7600,76.8300,76.7600,76.8000,731377
2009-03-20 13:58:00,76.8780,76.8780,76.7700,76.7700,965182
2009-03-20 13:57:00,76.8800,76.9400,76.8200,76.8200,655380
2009-03-20 13:56:00,76.8000,76.9300,76.7900,76.8800,1096466
2009-03-20 13:55:00,76.8100,76.8300,76.7800,76.8000,1230265
2009-03-20 13:54:00,76.9000,76.9250,76.7800,76.8200,1440584
2009-03-20 13:53:00,76.9301,76.9400,76.9000,76.9100,352112
2009-03-20 13:52:00,77.0500,77.1050,76.9200,76.9300,900913
2009-03-20 13:51:00,77.0600,77.1100,77.0400,77.0500,475201
2009-03-20 13:50:00,76.9700,77.0700,76.9600,77.0600,601839
2009-03-20 13:49:00,76.9200,76.9700,76.9100,76.9700,307540
2009-03-20 13:48:00,77.0100,77.0100,76.9000,76.9200,953009
2009-03-20 13:47:00,77.0300,77.0400,76.9500,77.0000,1290428
2009-03-20 13:46:00,77.0600,77.1100,77.0300,77.0300,613300
2009-03-20 13:45:00,77.1499,77.1500,77.0200,77.0500,427005
2009-03-20 13:44:00,77.1000,77.1650,77.0800,77.1400,478981
2009-03-20 13:43:00,77.1400,77.1600,77.0900,77.0900,409342
2009-03-20 13:42:00,77.0899,77.1400,77.0899,77.1300,598354
2009-03-20 13:41:00,77.0500,77.1100,77.0100,77.0899,629810
2009-03-20 13:40:00,77.1067,77.1400,77.0400,77.0500,1214914
2009-03-20 13:39:00,77.2200,77.2300,77.0500,77.1100,1542510
2009-03-20 13:38:00,77.2000,77.2500,77.1900,77.2300,543562
2009-03-20 13:37:00,77.2200,77.2500,77.1900,77.1900,398686
2009-03-20 13:36:00,77.2800,77.3100,77.2000,77.2200,470140
2009-03-20 13:35:00,77.4100,77.4200,77.2700,77.2800,789152
2009-03-20 13:34:00,77.3700,77.4100,77.3075,77.4100,672848
2009-03-20 13:33:00,77.3700,77.4200,77.3700,77.3700,769978
2009-03-20 13:32:00,77.3200,77.3700,77.2900,77.3700,444845
2009-03-20 13:31:00,77.3000,77.3400,77.2700,77.3200,682535
2009-03-20 13:30:00,77.2500,77.3200,77.2300,77.3100,612282
2009-03-20 13:29:00,77.2300,77.2700,77.2000,77.2600,941795
2009-03-20 13:28:00,77.2700,77.2800,77.2000,77.2295,700860
2009-03-20 13:27:00,77.2100,77.2900,77.2000,77.2700,973141
2009-03-20 13:26:00,77.3100,77.3100,77.1900,77.2000,750712
2009-03-20 13:25:00,77.3000,77.3300,77.2900,77.3099,219487
2009-03-20 13:24:00,77.2500,77.3100,77.2300,77.3100,648566
2009-03-20 13:23:00,77.3700,77.3700,77.2100,77.2400,1023512
2009-03-20 13:22:00,77.4700,77.4800,77.2910,77.3700,1012434
2009-03-20 13:21:00,77.4700,77.5000,77.4400,77.4700,327006
2009-03-20 13:20:00,77.5200,77.5300,77.4100,77.4650,685051
2009-03-20 13:19:00,77.6400,77.6500,77.5200,77.5300,605361
2009-03-20 13:18:00,77.6400,77.6500,77.6200,77.6500,272909
2009-03-20 13:17:00,77.6400,77.6700,77.6300,77.6300,191748
2009-03-20 13:16:00,77.6600,77.6700,77.6200,77.6400,199448
2009-03-20 13:15:00,77.7000,77.7150,77.6300,77.6700,315093
2009-03-20 13:14:00,77.6206,77.7200,77.6175,77.7100,363731
2009-03-20 13:13:00,77.6000,77.6600,77.5750,77.6300,572457
2009-03-20 13:12:00,77.5200,77.6100,77.5100,77.6000,495979
2009-03-20 13:11:00,77.5900,77.6000,77.4800,77.5190,462597
2009-03-20 13:10:00,77.5600,77.6500,77.5200,77.5900,461176
2009-03-20 13:09:00,77.6200,77.6200,77.5500,77.5600,287807
2009-03-20 13:08:00,77.6100,77.6400,77.6000,77.6100,335959
2009-03-20 13:07:00,77.6300,77.6400,77.5900,77.6200,207846
2009-03-20 13:06:00,77.6400,77.6600,77.6300,77.6400,142508
2009-03-20 13:05:00,77.6800,77.6800,77.5800,77.6400,513394
2009-03-20 13:04:00,77.6400,77.6800,77.6400,77.6700,128538
2009-03-20 13:03:00,77.6295,78.3000,77.6000,77.6400,636846
2009-03-20 13:02:00,77.6600,77.6600,77.5800,77.6300,363572
2009-03-20 13:01:00,77.6500,77.6700,77.6300,77.6600,221066
2009-03-20 13:00:00,77.6300,77.6500,77.6000,77.6500,380021
2009-03-20 12:59:00,77.6406,77.6600,77.6200,77.6400,332431
2009-03-20 12:58:00,77.6000,77.6500,77.6000,77.6400,345307
2009-03-20 12:57:00,77.5800,77.6400,77.5500,77.6000,750811
2009-03-20 12:56:00,77.5300,77.5800,77.5100,77.5800,337479
2009-03-20 12:55:00,77.6600,77.6600,77.4700,77.5300,2420008
2009-03-20 12:54:00,77.7000,77.7800,77.6600,77.6700,693226
2009-03-20 12:53:00,77.6300,77.7300,77.5800,77.7100,1280014
2009-03-20 12:52:00,77.6800,77.7210,77.5900,77.6200,1115821
2009-03-20 12:51:00,77.8300,77.8300,77.6800,77.6800,1184639
2009-03-20 12:50:00,77.9600,77.9700,77.8300,77.8300,807787
2009-03-20 12:49:00,77.9700,77.9800,77.9500,77.9600,329212
2009-03-20 12:48:00,78.0000,78.0300,77.9600,77.9700,604771
2009-03-20 12:47:00,78.0800,78.0800,77.9500,77.9900,1096302
2009-03-20 12:46:00,78.1000,78.1300,78.0700,78.0900,236364
2009-03-20 12:45:00,78.1000,78.1100,78.0700,78.1100,114829
2009-03-20 12:44:00,78.0575,78.1500,78.0575,78.0900,366904
2009-03-20 12:43:00,78.0800,78.0800,78.0500,78.0700,153928
2009-03-20 12:42:00,78.1200,78.1850,78.0600,78.0800,410668
2009-03-20 12:41:00,78.2000,78.2200,78.0600,78.1200,570202
2009-03-20 12:40:00,78.1600,78.2300,78.1500,78.2000,340039
2009-03-20 12:39:00,78.3400,78.3700,78.1400,78.1600,748316
2009-03-20 12:38:00,78.3200,78.3800,78.3000,78.3400,435049
2009-03-20 12:37:00,78.3400,78.3700,78.3100,78.3200,381114
2009-03-20 12:36:00,78.3400,78.3700,78.3100,78.3500,133943
2009-03-20 12:35:00,78.3200,78.3600,78.3100,78.3500,115916
2009-03-20 12:34:00,78.3400,78.3700,78.3100,78.3200,408279
2009-03-20 12:33:00,78.3000,78.3800,78.1500,78.3400,1186523
2009-03-20 12:32:00,78.2800,78.3300,78.2800,78.2901,305734
2009-03-20 12:31:00,78.2400,78.3000,78.2200,78.2701,348630
2009-03-20 12:30:00,78.2000,78.2500,78.1600,78.2400,250697
2009-03-20 12:29:00,78.1800,78.2300,78.1800,78.2100,167863
2009-03-20 12:28:00,78.2101,78.2400,78.1775,78.1800,201276
2009-03-20 12:27:00,78.2000,78.2200,78.1800,78.2200,200751
2009-03-20 12:26:00,78.2200,78.2300,78.1600,78.2100,239790
2009-03-20 12:25:00,78.2409,78.2500,78.1900,78.2200,305250
2009-03-20 12:24:00,78.2100,78.2500,78.2100,78.2401,227826
2009-03-20 12:23:00,78.3099,78.3100,78.2100,78.2100,517664
2009-03-20 12:22:00,78.3100,78.3495,78.2906,78.3001,185576
2009-03-20 12:21:00,78.3200,78.3600,78.2994,78.3175,628454
2009-03-20 12:20:00,78.3400,78.3700,78.2800,78.3200,578662
2009-03-20 12:19:00,78.2000,78.3500,78.1999,78.3400,1086968
2009-03-20 12:18:00,78.1700,78.2000,78.0000,78.2000,426240
2009-03-20 12:17:00,78.1400,78.2100,78.1375,78.1700,616668
2009-03-20 12:16:00,78.1400,78.1500,78.1000,78.1400,194100
2009-03-20 12:15:00,78.2100,78.2200,78.1300,78.1300,203490
2009-03-20 12:14:00,78.1750,78.2300,78.1700,78.2100,492959
2009-03-20 12:13:00,78.1600,78.1700,78.1200,78.1700,122645
2009-03-20 12:12:00,78.1500,78.1700,78.1200,78.1600,366173
2009-03-20 12:11:00,78.0750,78.1500,78.0600,78.1400,570478
2009-03-20 12:10:00,78.0000,78.0800,77.9900,78.0800,283290
2009-03-20 12:09:00,78.0400,78.0900,77.9800,78.0000,813115
2009-03-20 12:08:00,78.0600,78.0600,78.0200,78.0499,88311
2009-03-20 12:07:00,78.0210,78.0700,78.0200,78.0600,252077
2009-03-20 12:06:00,78.0200,78.0550,78.0100,78.0299,131738
2009-03-20 12:05:00,77.9700,78.0200,77.9400,78.0100,631665
2009-03-20 12:04:00,78.0200,78.0400,77.9600,77.9700,187735
2009-03-20 12:03:00,78.0000,78.0500,77.9600,78.0299,301315
2009-03-20 12:02:00,78.1200,78.1200,77.9700,78.0000,800693
2009-03-20 12:01:00,78.1000,78.1500,78.0900,78.1100,305770
2009-03-20 12:00:00,78.1100,78.1200,78.0700,78.1000,867986
2009-03-20 11:59:00,78.0700,78.1200,78.0675,78.1099,206887
2009-03-20 11:58:00,78.0600,78.1100,78.0600,78.0800,254485
2009-03-20 11:57:00,78.0500,78.0900,78.0200,78.0605,261739
2009-03-20 11:56:00,78.0500,78.0800,78.0200,78.0401,314587
2009-03-20 11:55:00,78.1900,78.2000,78.0100,78.0500,608771
2009-03-20 11:54:00,78.1500,78.2000,78.1500,78.1900,330658
2009-03-20 11:53:00,78.1000,78.2000,78.0700,78.1500,544421
2009-03-20 11:52:00,78.0800,78.1300,78.0300,78.1000,2310146
2009-03-20 11:51:00,78.0900,78.0900,78.0300,78.0800,341945
2009-03-20 11:50:00,78.0600,78.1200,78.0300,78.0800,604219
2009-03-20 11:49:00,78.0700,78.1000,78.0600,78.0600,106441
2009-03-20 11:48:00,78.0500,78.1300,78.0300,78.0700,845738
2009-03-20 11:47:00,78.0575,78.0800,78.0200,78.0500,1002758
2009-03-20 11:46:00,78.1100,78.1110,78.0500,78.0600,403264
2009-03-20 11:45:00,78.1900,78.1900,78.0300,78.1000,1982250
2009-03-20 11:44:00,78.1800,78.2200,78.1200,78.2000,380888
2009-03-20 11:43:00,78.1800,78.2000,78.1300,78.1800,663276
2009-03-20 11:42:00,78.2600,78.2600,78.1700,78.1900,267438
2009-03-20 11:41:00,78.2500,78.2900,78.2100,78.2700,705353
2009-03-20 11:40:00,78.1500,78.2900,78.1500,78.2600,933166
2009-03-20 11:39:00,78.1500,78.1800,78.1200,78.1500,265267
2009-03-20 11:38:00,78.1500,78.1800,78.1500,78.1600,309212
2009-03-20 11:37:00,78.1700,78.1900,78.1300,78.1475,575155
2009-03-20 11:36:00,78.2000,78.2000,78.1200,78.1600,1500758
2009-03-20 11:35:00,78.1600,78.2000,78.1200,78.2000,884836
2009-03-20 11:34:00,78.1600,78.2200,78.1500,78.1601,558938
2009-03-20 11:33:00,78.1100,78.1900,78.1000,78.1600,835520
2009-03-20 11:32:00,78.0700,78.1200,78.0600,78.1100,644095
2009-03-20 11:31:00,77.9500,78.1000,77.9500,78.0600,866993
2009-03-20 11:30:00,78.0000,78.0100,77.9100,77.9500,921433
2009-03-20 11:29:00,77.9800,78.0300,77.9600,78.0000,395241
2009-03-20 11:28:00,78.0000,78.0300,77.9600,77.9800,524704
2009-03-20 11:27:00,78.0000,78.0700,77.9500,78.0000,638785
2009-03-20 11:26:00,77.9800,78.0400,77.9600,78.0000,350358
2009-03-20 11:25:00,77.9100,78.0200,77.8900,77.9701,872610
2009-03-20 11:24:00,77.9100,77.9600,77.8900,77.9100,1009601
2009-03-20 11:23:00,77.9800,78.1000,77.9100,77.9100,471703
2009-03-20 11:22:00,77.9900,78.0400,77.9600,77.9900,568455
2009-03-20 11:21:00,78.0500,78.0600,77.9500,77.9900,1150358
2009-03-20 11:20:00,78.0600,78.0700,78.0300,78.0500,498541
2009-03-20 11:19:00,78.0400,78.0800,78.0100,78.0600,837402
2009-03-20 11:18:00,78.0800,78.0800,78.0000,78.0300,492355
2009-03-20 11:17:00,78.0500,78.0900,78.0200,78.0700,904324
2009-03-20 11:16:00,77.9200,78.0600,77.9000,78.0500,953597
2009-03-20 11:15:00,78.0000,78.0100,77.9100,77.9200,835454
2009-03-20 11:14:00,78.0600,78.0700,78.0000,78.0000,502745
2009-03-20 11:13:00,78.0400,78.0800,78.0200,78.0690,800255
2009-03-20 11:12:00,78.0300,78.0500,78.0100,78.0500,778857
2009-03-20 11:11:00,78.1200,78.1300,78.0200,78.0400,727612
2009-03-20 11:10:00,78.1800,78.1900,78.0700,78.1100,595100
2009-03-20 11:09:00,78.2100,78.2700,78.1700,78.1800,889702
2009-03-20 11:08:00,78.2000,78.2200,78.1500,78.2200,557427
2009-03-20 11:07:00,78.1800,78.2200,78.1500,78.1901,377976
2009-03-20 11:06:00,78.1400,78.2100,78.1100,78.1800,506097
2009-03-20 11:05:00,78.2900,78.2990,78.1100,78.1400,655904
2009-03-20 11:04:00,78.4100,78.4194,78.2900,78.3000,263354
2009-03-20 11:03:00,78.3500,78.4400,78.2900,78.4200,766621
2009-03-20 11:02:00,78.2800,78.3900,78.2700,78.3600,468459
2009-03-20 11:01:00,78.4000,78.4300,78.2700,78.2800,562711
2009-03-20 11:00:00,78.4550,78.4550,78.3500,78.4000,664752
2009-03-20 10:59:00,78.5100,78.5450,78.4400,78.4500,499490
2009-03-20 10:58:00,78.5000,78.5500,78.4900,78.5100,552446
2009-03-20 10:57:00,78.5000,78.5400,78.4800,78.5000,298421
2009-03-20 10:56:00,78.4500,78.5200,78.4300,78.4900,283212
2009-03-20 10:55:00,78.4500,78.4800,78.4100,78.4500,352699
2009-03-20 10:54:00,78.3410,78.4600,78.3400,78.4500,261947
2009-03-20 10:53:00,78.3300,78.4000,78.2700,78.3400,359988
2009-03-20 10:52:00,78.2100,78.3500,78.2000,78.3200,911975
2009-03-20 10:51:00,78.2800,78.2950,78.2100,78.2183,152594
2009-03-20 10:50:00,78.3300,78.3300,78.2100,78.2800,672798
2009-03-20 10:49:00,78.3100,78.3300,78.2600,78.3200,304394
2009-03-20 10:48:00,78.2610,78.3600,78.2100,78.3000,654930
2009-03-20 10:47:00,78.3400,78.3799,78.2500,78.2700,219698
2009-03-20 10:46:00,78.4200,78.4299,78.1600,78.3400,798444
2009-03-20 10:45:00,78.3100,78.4500,78.2900,78.4300,913081
2009-03-20 10:44:00,78.3100,78.3500,78.2500,78.3075,497191
2009-03-20 10:43:00,78.2300,78.3200,78.2100,78.3199,422671
2009-03-20 10:42:00,78.3000,78.3000,78.2400,78.2400,575180
2009-03-20 10:41:00,78.2800,78.3100,78.2300,78.2900,870941
2009-03-20 10:40:00,78.3200,78.3400,78.2600,78.2900,335380
2009-03-20 10:39:00,78.2600,78.3400,78.2400,78.3300,998739
2009-03-20 10:38:00,78.3100,78.3300,78.2400,78.2500,536564
2009-03-20 10:37:00,78.2900,78.3900,78.2900,78.3100,451483
2009-03-20 10:36:00,78.3700,78.3700,78.2700,78.2900,356683
2009-03-20 10:35:00,78.4400,78.4500,78.3300,78.3700,614755
2009-03-20 10:34:00,78.4020,78.4500,78.3700,78.4400,507870
2009-03-20 10:33:00,78.4300,78.4600,78.3900,78.4099,601536
2009-03-20 10:32:00,78.4600,78.4600,78.3800,78.4200,1082253
2009-03-20 10:31:00,78.4700,78.5000,78.4200,78.4600,431035
2009-03-20 10:30:00,78.5110,78.5200,78.4600,78.4800,1388554
2009-03-20 10:29:00,78.3500,78.5300,78.3400,78.5100,835297
2009-03-20 10:28:00,78.3400,78.3800,78.2700,78.3600,652970
2009-03-20 10:27:00,78.2675,78.3600,78.2400,78.3400,564085
2009-03-20 10:26:00,78.3000,78.3500,78.2500,78.2700,735772
2009-03-20 10:25:00,78.2100,78.3200,78.2000,78.3000,922475
2009-03-20 10:24:00,78.0500,78.2500,78.0500,78.2100,1222084
2009-03-20 10:23:00,78.0967,78.1700,78.0400,78.0500,560878
2009-03-20 10:22:00,78.1200,78.1400,78.0600,78.0999,388425
2009-03-20 10:21:00,78.0200,78.1500,78.0200,78.1200,1319568
2009-03-20 10:20:00,78.0200,78.0600,78.0000,78.0100,852891
2009-03-20 10:19:00,78.1100,78.1250,78.0100,78.0300,820439
2009-03-20 10:18:00,78.2206,78.2300,78.0500,78.1100,1259711
2009-03-20 10:17:00,78.2201,78.2500,78.1700,78.2201,1605309
2009-03-20 10:16:00,78.2400,78.3000,78.1800,78.2300,1315271
2009-03-20 10:15:00,78.1200,78.2600,78.0900,78.2400,868894
2009-03-20 10:14:00,78.1600,78.2040,78.0800,78.1300,972198
2009-03-20 10:13:00,78.1300,78.2400,78.1100,78.1600,750539
2009-03-20 10:12:00,78.2000,78.2100,78.1200,78.1200,354915
2009-03-20 10:11:00,78.2400,78.2600,78.1200,78.2000,1176139
2009-03-20 10:10:00,78.2000,78.2500,78.1500,78.2400,1005555
2009-03-20 10:09:00,78.1600,78.2500,78.1400,78.2000,1715844
2009-03-20 10:08:00,78.0400,78.1700,78.0200,78.1500,2324551
2009-03-20 10:07:00,78.0000,78.0800,77.9800,78.0500,1692659
2009-03-20 10:06:00,78.1400,78.1500,77.9900,78.0000,1835717
2009-03-20 10:05:00,78.3000,78.3100,78.1000,78.1400,1352187
2009-03-20 10:04:00,78.2675,78.3300,78.2400,78.2900,613263
2009-03-20 10:03:00,78.3900,78.3900,78.2600,78.2800,1062542
2009-03-20 10:02:00,78.3400,78.4000,78.2800,78.3900,1102141
2009-03-20 10:01:00,78.4100,78.4200,78.3200,78.3400,1090550
2009-03-20 10:00:00,78.3300,78.4500,78.3100,78.4300,2132579
2009-03-20 09:59:00,78.2900,78.3700,78.2100,78.3300,1653413
2009-03-20 09:58:00,78.3100,78.4000,78.2775,78.2900,868363
2009-03-20 09:57:00,78.3000,78.3200,78.2100,78.3100,1468560
2009-03-20 09:56:00,78.4800,78.5200,78.2600,78.2900,1518338
2009-03-20 09:55:00,78.6200,78.6500,78.4700,78.4700,1139714
2009-03-20 09:54:00,78.7800,78.7800,78.6100,78.6200,952604
2009-03-20 09:53:00,78.7300,78.8200,78.7200,78.7800,860585
2009-03-20 09:52:00,78.7400,78.8300,78.7200,78.7200,944771
2009-03-20 09:51:00,78.7101,78.8100,78.7000,78.7300,1194839
2009-03-20 09:50:00,78.6100,78.7700,78.5800,78.7199,1159510
2009-03-20 09:49:00,78.6200,78.7400,78.5800,78.6100,1128794
2009-03-20 09:48:00,78.6099,78.6700,78.5900,78.6300,646788
2009-03-20 09:47:00,78.5300,78.6400,78.5050,78.6000,1198664
2009-03-20 09:46:00,78.4201,78.5400,78.3900,78.5400,849670
2009-03-20 09:45:00,78.4400,78.4500,78.3700,78.4200,1213079
2009-03-20 09:44:00,78.4700,78.4900,78.3950,78.4500,904142
2009-03-20 09:43:00,78.4200,78.4800,78.3700,78.4600,669085
2009-03-20 09:42:00,78.3600,78.9010,78.2900,78.4200,4349573
2009-03-20 09:41:00,78.4100,78.4300,78.3500,78.3600,706424
2009-03-20 09:40:00,78.4900,78.5000,78.3900,78.4100,2597962
2009-03-20 09:39:00,78.5100,78.5600,78.4400,78.4900,929675
2009-03-20 09:38:00,78.5700,78.5800,78.4750,78.5200,1116577
2009-03-20 09:37:00,78.6000,78.6200,78.5100,78.5700,1084938
2009-03-20 09:36:00,78.5000,78.6200,78.4797,78.6000,1309357
2009-03-20 09:35:00,78.5700,78.5700,78.4700,78.4900,1751810
2009-03-20 09:34:00,78.5400,78.6200,78.5200,78.5700,1466677
2009-03-20 09:33:00,78.7000,78.7500,78.5400,78.5400,1795626
2009-03-20 09:32:00,78.6700,78.7400,78.6100,78.7000,1395928
2009-03-20 09:31:00,78.8500,78.8600,78.6700,78.6800,1473186
2009-03-20 09:30:00,78.7600,78.8500,78.7100,78.8500,2490279
2009-03-20 09:29:00,78.7100,78.7900,78.6800,78.7700,370639
2009-03-20 09:28:00,78.6300,78.7200,78.6000,78.7000,673609
2009-03-20 09:27:00,78.5900,78.6400,78.5600,78.6300,179801
2009-03-20 09:26:00,78.6000,78.6000,78.5800,78.5900,92205
2009-03-20 09:25:00,78.6400,78.6400,78.6000,78.6100,42508
2009-03-20 09:24:00,78.6400,78.6500,78.6200,78.6300,77663
2009-03-20 09:23:00,78.6800,78.6800,78.6300,78.6400,53691
2009-03-20 09:22:00,78.6700,78.6800,78.6700,78.6800,1363
2009-03-20 09:21:00,78.6900,78.6900,78.6800,78.6800,50026
2009-03-20 09:20:00,78.6200,78.7000,78.6200,78.7000,280776
2009-03-20 09:19:00,78.6000,78.6200,78.6000,78.6200,43358
2009-03-20 09:18:00,78.6000,78.6300,78.5800,78.6000,102166
2009-03-20 09:17:00,78.6100,78.6300,78.5900,78.6000,68786
2009-03-20 09:16:00,78.6700,78.6800,78.6000,78.6300,88064
2009-03-20 09:15:00,78.7300,78.7500,78.6900,78.6900,187289
2009-03-20 09:14:00,78.7400,78.7800,78.7200,78.7300,26642
2009-03-20 09:13:00,78.7600,78.8000,78.7300,78.7400,101704
2009-03-20 09:12:00,78.8000,78.8000,78.7600,78.7600,55452
2009-03-20 09:11:00,78.8300,78.8300,78.8000,78.8100,28776
2009-03-20 09:10:00,78.8000,78.8400,78.8000,78.8200,67543
2009-03-20 09:09:00,78.8000,78.8000,78.7700,78.8000,82929
2009-03-20 09:08:00,78.8400,78.8500,78.7800,78.8000,79847
2009-03-20 09:07:00,78.8900,78.8900,78.8300,78.8400,140171
2009-03-20 09:06:00,78.8500,78.9000,78.8400,78.8900,54441
2009-03-20 09:05:00,78.8100,78.8600,78.8100,78.8500,68975
2009-03-20 09:04:00,78.7700,78.8300,78.7700,78.8200,9816
2009-03-20 09:03:00,78.7900,78.8200,78.7600,78.7600,116241
2009-03-20 09:02:00,78.7700,78.8000,78.7700,78.7900,23117
2009-03-20 09:01:00,78.7500,78.7800,78.7300,78.7700,55410
2009-03-20 09:00:00,78.7200,78.7600,78.7100,78.7500,32879
2009-03-20 08:59:00,78.7100,78.7500,78.7100,78.7300,52587
2009-03-20 08:58:00,78.6800,78.7200,78.6700,78.7200,23852
2009-03-20 08:57:00,78.7000,78.7200,78.6700,78.6900,49025
2009-03-20 08:56:00,78.6800,78.7300,78.6700,78.7000,97933
2009-03-20 08:55:00,78.6600,78.6800,78.6400,78.6700,72731
2009-03-20 08:54:00,78.6400,78.6700,78.6300,78.6600,16112
2009-03-20 08:53:00,78.6300,78.6400,78.5800,78.6400,21452
2009-03-20 08:52:00,78.6500,78.6500,78.6300,78.6400,9613
2009-03-20 08:51:00,78.6600,78.6700,78.6400,78.6500,25744
2009-03-20 08:50:00,78.7100,78.7100,78.6900,78.7000,2600
2009-03-20 08:49:00,78.7300,78.7300,78.6900,78.7100,20113
2009-03-20 08:48:00,78.7400,78.7400,78.7200,78.7200,15580
2009-03-20 08:47:00,78.7000,78.7800,78.7000,78.7300,101500
2009-03-20 08:46:00,78.6900,78.7000,78.6800,78.6900,116339
2009-03-20 08:45:00,78.7400,78.7400,78.6900,78.6900,28426
2009-03-20 08:44:00,78.7700,78.7800,78.7400,78.7500,46227
2009-03-20 08:43:00,78.7600,78.8100,78.7500,78.7800,143680
2009-03-20 08:42:00,78.8000,78.8000,78.7500,78.7700,270833
2009-03-20 08:41:00,78.7900,78.8300,78.7900,78.8000,109252
2009-03-20 08:40:00,78.7900,78.8000,78.7600,78.8000,170282
2009-03-20 08:39:00,78.7900,78.8100,78.7400,78.7900,206704
2009-03-20 08:38:00,78.7900,78.8000,78.7900,78.7900,11928
2009-03-20 08:37:00,78.7300,78.7900,78.7100,78.7800,39279
2009-03-20 08:36:00,78.7500,78.8100,78.7400,78.7400,194120
2009-03-20 08:35:00,78.7300,78.7500,78.7200,78.7500,28409
2009-03-20 08:34:00,78.6600,78.7400,78.6600,78.7400,16090
2009-03-20 08:33:00,78.6700,78.6800,78.6400,78.6400,42900
2009-03-20 08:32:00,78.7100,78.7200,78.6500,78.6700,31371
2009-03-20 08:31:00,78.7100,78.7400,78.7100,78.7200,28011
2009-03-20 08:30:00,78.6300,78.7000,78.6300,78.7000,83240
2009-03-20 08:29:00,78.6000,78.6100,78.6000,78.6000,17600
2009-03-20 08:28:00,78.5800,78.6000,78.5700,78.6000,21671
2009-03-20 08:27:00,78.6000,78.6200,78.5800,78.5800,26300
2009-03-20 08:26:00,78.6300,78.6300,78.5600,78.5900,24385
2009-03-20 08:25:00,78.6300,78.6300,78.6200,78.6200,18600
2009-03-20 08:24:00,78.6100,78.6300,78.6000,78.6300,13850
2009-03-20 08:23:00,78.5900,78.6300,77.7200,78.6200,8600
2009-03-20 08:22:00,78.5800,78.6000,78.5800,78.5800,7000
2009-03-20 08:21:00,78.5900,78.6600,78.5800,78.5800,62211
2009-03-20 08:20:00,78.4100,78.6000,78.4100,78.5900,29690
2009-03-20 08:19:00,78.3900,78.4700,78.3800,78.4000,125718
2009-03-20 08:18:00,78.3900,78.4000,78.3800,78.3800,19648
2009-03-20 08:17:00,78.4800,78.4800,78.3600,78.4000,103129
2009-03-20 08:16:00,78.5100,78.5200,78.4900,78.4900,22800
2009-03-20 08:15:00,78.4800,78.4900,78.4600,78.4900,65250
2009-03-20 08:14:00,78.5100,78.5100,78.5000,78.5000,2600
2009-03-20 08:13:00,78.5000,78.5200,78.4900,78.5100,29700
2009-03-20 08:12:00,78.4600,78.5000,78.4600,78.5000,27250
2009-03-20 08:11:00,78.4800,78.4800,78.4400,78.4400,7295
2009-03-20 08:10:00,78.5600,78.5600,78.0500,78.4700,31500
2009-03-20 08:09:00,78.5100,78.5900,78.4800,78.5800,76726
2009-03-20 08:08:00,78.5400,78.5400,78.5100,78.5100,10000
2009-03-20 08:07:00,78.5600,78.5800,78.5400,78.5400,8623
2009-03-20 08:06:00,78.5500,78.5700,78.5500,78.5500,10500
2009-03-20 08:05:00,78.6000,78.6000,78.5100,78.5100,14579
2009-03-20 08:04:00,78.5900,78.6100,78.5900,78.6100,7650
2009-03-20 08:03:00,78.6300,78.6300,78.6000,78.6000,15550
2009-03-20 08:02:00,78.6000,78.6100,78.5900,78.5900,14900
2009-03-20 08:01:00,78.6100,78.6700,78.6100,78.6200,25830
2009-03-20 08:00:00,78.5800,78.6500,77.6000,78.6500,495600
2009-03-20 07:59:00,78.5800,78.5800,78.5700,78.5700,13900
2009-03-20 07:58:00,78.5200,78.5900,78.5200,78.5900,9150
2009-03-20 07:57:00,78.4900,78.5100,78.4700,78.5100,34450
2009-03-20 07:56:00,78.5200,78.5200,78.5000,78.5100,9000
2009-03-20 07:55:00,78.5400,78.5400,78.5200,78.5200,15700
2009-03-20 07:54:00,78.5100,78.5500,78.5100,78.5400,9600
2009-03-20 07:53:00,78.5500,78.5700,78.5200,78.5500,23600
2009-03-20 07:52:00,78.5800,78.5900,78.5700,78.5700,1950
2009-03-20 07:51:00,78.5400,78.5900,78.5400,78.5800,8800
2009-03-20 07:50:00,78.4900,78.5600,78.4900,78.5300,3800
2009-03-20 07:49:00,78.6300,78.6500,78.5200,78.5500,34250
2009-03-20 07:48:00,78.5500,78.6300,78.5000,78.6000,71506
2009-03-20 07:47:00,78.3400,78.5300,78.3400,78.5300,18651
2009-03-20 07:46:00,78.3500,78.3500,78.3300,78.3400,3500
2009-03-20 07:45:00,78.3500,78.3500,78.3500,78.3500,7750
2009-03-20 07:44:00,78.3900,78.3900,78.3800,78.3800,5200
2009-03-20 07:43:00,78.3900,78.3900,78.3700,78.3900,6000
2009-03-20 07:42:00,78.3600,78.3700,78.3600,78.3700,2200
2009-03-20 07:41:00,78.3000,78.3500,78.3000,78.3200,5350
2009-03-20 07:40:00,78.3100,78.3300,78.3000,78.3300,5000
2009-03-20 07:39:00,78.3100,78.3100,78.3000,78.3000,6500
2009-03-20 07:38:00,78.2500,78.3000,78.2500,78.3000,9600
2009-03-20 07:37:00,78.2500,78.3000,78.2500,78.3000,8100
2009-03-20 07:36:00,78.2000,78.2000,78.1700,78.2000,26300
2009-03-20 07:35:00,78.2200,78.2500,78.2000,78.2000,10150
2009-03-20 07:34:00,78.3100,78.3100,78.2500,78.2500,15042
2009-03-20 07:32:00,78.3500,78.3600,78.3500,78.3600,2300
2009-03-20 07:31:00,78.3800,78.3800,78.3800,78.3800,5000
2009-03-20 07:30:00,78.4100,78.4100,78.3500,78.4000,38650
2009-03-20 07:29:00,78.3900,78.4100,78.3900,78.4000,600
2009-03-20 07:28:00,78.3900,78.4100,78.3500,78.3900,9331
2009-03-20 07:27:00,78.3100,78.3100,78.2500,78.3000,12438
2009-03-20 07:26:00,78.2400,78.3100,78.2400,78.2900,2550
2009-03-20 07:25:00,78.2400,78.2900,78.2400,78.2900,5700
2009-03-20 07:24:00,78.1700,78.2200,78.1700,78.2200,1138
2009-03-20 07:23:00,78.1500,78.1700,78.1500,78.1700,10700
2009-03-20 07:22:00,78.1800,78.2100,78.1500,78.1500,1000
2009-03-20 07:20:00,78.1800,78.1800,78.1300,78.1300,5362
2009-03-20 07:19:00,78.2100,78.2100,78.2000,78.2000,4500
2009-03-20 07:18:00,78.1700,78.2000,78.1600,78.2000,1000
2009-03-20 07:16:00,78.1900,78.2000,78.1900,78.2000,1000
2009-03-20 07:14:00,78.2000,78.2000,78.1700,78.1900,5838
2009-03-20 07:13:00,78.2300,78.2600,78.2300,78.2600,5700
2009-03-20 07:12:00,78.2100,78.2700,78.2100,78.2300,869
2009-03-20 07:11:00,78.2000,78.2000,78.2000,78.2000,2100
2009-03-20 07:10:00,78.1800,78.2100,78.1800,78.2100,76000
2009-03-20 07:09:00,78.2200,78.2800,78.2200,78.2300,2700
2009-03-20 07:08:00,78.1200,78.2300,78.1200,78.2300,1700
2009-03-20 07:07:00,78.1300,78.1400,78.1300,78.1400,25000
2009-03-20 07:06:00,78.0800,78.0800,78.0800,78.0800,8500
2009-03-20 07:05:00,78.0800,78.0800,78.0800,78.0800,300
2009-03-20 07:04:00,78.1000,78.1000,78.1000,78.1000,300
2009-03-20 07:03:00,78.1300,78.1300,78.1300,78.1300,100
2009-03-20 07:02:00,78.1600,78.1600,78.1200,78.1300,2000
2009-03-20 07:01:00,78.1300,78.1300,78.1300,78.1300,800
2009-03-20 07:00:00,78.1400,78.1400,78.1400,78.1400,100
2009-03-20 06:59:00,78.0500,78.1200,78.0200,78.1200,3100
2009-03-20 06:58:00,77.9900,78.0500,77.9900,78.0500,475
2009-03-20 06:57:00,77.9700,77.9700,77.9700,77.9700,5000
2009-03-20 06:56:00,77.9900,77.9900,77.9200,77.9600,3200
2009-03-20 06:55:00,77.9200,77.9600,77.9200,77.9600,700
2009-03-20 06:54:00,77.9200,77.9200,77.9200,77.9200,700
2009-03-20 06:53:00,77.9500,77.9500,77.9500,77.9500,2000
2009-03-20 06:52:00,77.9000,77.9000,77.9000,77.9000,100
2009-03-20 06:51:00,77.7500,77.7800,77.7500,77.7800,2000
2009-03-20 06:50:00,77.6800,77.7200,77.6800,77.7200,900
2009-03-20 06:49:00,77.7100,77.7100,77.6700,77.6700,1600
2009-03-20 06:44:00,77.8500,77.8500,77.8500,77.8500,300
2009-03-20 06:43:00,77.7200,77.7200,77.7200,77.7200,100
2009-03-20 06:40:00,77.7200,77.7200,77.6700,77.6700,1100
2009-03-20 06:34:00,77.7400,77.7400,77.7400,77.7400,400
2009-03-20 06:31:00,77.6400,77.6400,77.6400,77.6400,100
2009-03-20 06:30:00,77.6700,77.6700,77.6700,77.6700,200
2009-03-20 06:25:00,77.7000,77.7000,77.7000,77.7000,100
2009-03-20 06:23:00,77.7400,77.7400,77.7400,77.7400,100
2009-03-20 06:22:00,77.6700,77.6700,77.6700,77.6700,100
2009-03-20 06:20:00,77.6700,77.6700,77.6700,77.6700,300
2009-03-20 06:18:00,77.6400,77.6400,77.6400,77.6400,100
2009-03-20 06:15:00,77.5100,77.5100,77.5100,77.5100,100
2009-03-20 06:14:00,77.5200,77.5200,77.5200,77.5200,100
2009-03-20 06:13:00,77.5500,77.5500,77.5500,77.5500,1100
2009-03-20 06:12:00,77.5500,77.5700,77.5500,77.5700,10700
2009-03-20 06:09:00,77.6400,77.6400,77.6400,77.6400,100
2009-03-20 05:57:00,77.7500,77.7500,77.7500,77.7500,100
2009-03-20 05:56:00,77.7500,77.8100,77.7500,77.8100,300
2009-03-20 05:55:00,77.7300,77.7300,77.7300,77.7300,10000
2009-03-20 05:47:00,77.5800,77.5800,77.5800,77.5800,10000
2009-03-20 05:44:00,77.6000,77.6000,77.6000,77.6000,2000
2009-03-20 05:43:00,77.6300,77.6300,77.6300,77.6300,100
2009-03-20 05:40:00,77.6500,77.6500,77.6500,77.6500,500
2009-03-20 05:31:00,77.7500,77.7500,77.7500,77.7500,100
2009-03-20 05:20:00,77.7500,77.7500,77.7500,77.7500,1500
2009-03-20 05:16:00,77.7500,77.7500,77.7500,77.7500,100
2009-03-20 05:14:00,77.7500,77.7500,77.7500,77.7500,625
2009-03-20 05:11:00,77.8000,77.8000,77.8000,77.8000,900
2009-03-20 04:40:00,77.8100,77.8100,77.8100,77.8100,100
2009-03-20 04:30:00,77.8500,77.8500,77.8500,77.8500,200
2009-03-20 04:28:00,77.8200,77.8200,77.8200,77.8200,200
2009-03-20 04:15:00,77.8500,77.8500,77.8500,77.8500,2200
2009-03-19 19:59:00,78.5700,78.5700,78.5600,78.5600,600
2009-03-19 19:58:00,78.5700,78.5700,78.5700,78.5700,275
2009-03-19 19:57:00,78.5600,78.5700,78.5600,78.5700,725
2009-03-19 19:56:00,78.5600,78.5600,78.5600,78.5600,200
2009-03-19 19:55:00,78.5500,78.5600,78.5500,78.5600,200
2009-03-19 19:52:00,78.5700,78.5700,78.5700,78.5700,100
2009-03-19 19:51:00,78.5700,78.5700,78.5700,78.5700,2607
2009-03-19 19:50:00,78.5600,78.5700,78.5600,78.5700,2168
2009-03-19 19:47:00,78.5800,78.5800,78.5700,78.5700,1100
2009-03-19 19:46:00,78.5900,78.5900,78.5800,78.5800,1250
2009-03-19 19:45:00,78.5900,78.5900,78.5900,78.5900,1200
2009-03-19 19:43:00,78.5900,78.5900,78.5900,78.5900,1000
2009-03-19 19:42:00,78.5900,78.5900,78.5900,78.5900,100
2009-03-19 19:41:00,78.6000,78.6000,78.6000,78.6000,1000
2009-03-19 19:40:00,78.6000,78.6000,78.6000,78.6000,120
2009-03-19 19:39:00,78.6000,78.6000,78.6000,78.6000,300
2009-03-19 19:38:00,78.6000,78.6000,78.6000,78.6000,740
2009-03-19 19:37:00,78.5900,78.5900,78.5900,78.5900,500
2009-03-19 19:36:00,78.5800,78.5800,78.5800,78.5800,600
2009-03-19 19:31:00,78.5900,78.5900,78.5900,78.5900,1500
2009-03-19 19:30:00,78.5900,78.5900,78.5900,78.5900,100
2009-03-19 19:28:00,78.5900,78.5900,78.5900,78.5900,200
2009-03-19 19:27:00,78.5900,78.5900,78.5900,78.5900,400
2009-03-19 19:26:00,78.5900,78.5900,78.5900,78.5900,200
2009-03-19 19:22:00,78.5500,78.5500,78.5500,78.5500,100
2009-03-19 19:14:00,78.6000,78.6000,78.6000,78.6000,200
2009-03-19 19:07:00,78.6500,78.6500,78.6400,78.6500,2711
2009-03-19 19:05:00,78.6100,78.6100,78.6100,78.6100,250
2009-03-19 19:04:00,78.6200,78.6200,78.6200,78.6200,500
2009-03-19 19:02:00,78.6200,78.6200,78.6100,78.6100,6869
2009-03-19 19:01:00,78.6200,78.6200,78.6200,78.6200,100
2009-03-19 18:58:00,78.5900,78.6300,78.5900,78.6300,6852
2009-03-19 18:54:00,78.5600,78.6100,78.5600,78.6100,5869
2009-03-19 18:53:00,78.5600,78.6000,78.5600,78.6000,2745
2009-03-19 18:52:00,78.5400,78.5700,78.5400,78.5700,1707
2009-03-19 18:51:00,78.5400,78.5400,78.5400,78.5400,600
2009-03-19 18:50:00,78.5600,78.5600,78.5600,78.5600,500
2009-03-19 18:49:00,78.6100,78.6100,78.5400,78.5400,4776
2009-03-19 18:47:00,78.6300,78.6300,78.6300,78.6300,100
2009-03-19 18:46:00,78.6100,78.6300,78.6100,78.6300,600
2009-03-19 18:45:00,78.6200,78.6200,78.6000,78.6100,4500
2009-03-19 18:44:00,78.6300,78.6300,78.6200,78.6200,455
2009-03-19 18:43:00,78.6200,78.6300,78.6200,78.6300,600
2009-03-19 18:41:00,78.6200,78.6200,78.6200,78.6200,500
2009-03-19 18:39:00,78.6200,78.6200,78.6200,78.6200,100
2009-03-19 18:35:00,78.6500,78.6500,78.6000,78.6000,14500
2009-03-19 18:34:00,78.6500,78.6500,78.6500,78.6500,200
2009-03-19 18:30:00,78.6100,78.6100,78.6100,78.6100,100
2009-03-19 18:27:00,78.6300,78.6300,78.6300,78.6300,1500
2009-03-19 18:26:00,78.6300,78.6300,78.6300,78.6300,2900
2009-03-19 18:25:00,78.6300,78.6300,78.6300,78.6300,5100
2009-03-19 18:24:00,78.6300,78.6300,78.6300,78.6300,10000
2009-03-19 18:21:00,78.6300,78.6700,78.6300,78.6700,1050
2009-03-19 18:19:00,78.6500,78.6500,78.6500,78.6500,100
2009-03-19 18:18:00,78.6700,78.6700,78.6700,78.6700,100
2009-03-19 18:17:00,78.6600,78.6600,78.6600,78.6600,150
2009-03-19 18:16:00,78.6100,78.6300,78.6100,78.6300,3500
2009-03-19 18:15:00,78.6100,78.6100,78.6100,78.6100,600
2009-03-19 18:14:00,78.9625,78.9625,78.9625,78.9625,300
2009-03-19 18:12:00,78.9025,78.9025,78.6100,78.6100,2000
2009-03-19 18:11:00,79.1125,79.1125,79.1125,79.1125,400
2009-03-19 18:10:00,78.6000,78.9625,78.6000,78.9025,13000
2009-03-19 18:09:00,78.9400,78.9400,78.5600,78.5800,754
2009-03-19 18:08:00,78.9775,78.9775,78.9775,78.9775,200
2009-03-19 18:07:00,78.6200,79.0875,78.6000,79.0875,400
2009-03-19 18:06:00,78.5700,78.5700,78.5700,78.5700,100
2009-03-19 18:03:00,78.5100,78.5500,78.5100,78.5500,600
2009-03-19 18:02:00,79.1200,79.1200,78.5100,78.5400,11800
2009-03-19 18:01:00,78.6100,78.6100,78.5600,78.5600,11550
2009-03-19 18:00:00,78.6200,79.2875,78.6100,78.6100,8400
2009-03-19 17:59:00,78.6300,78.6300,78.6200,78.6200,3500
2009-03-19 17:58:00,79.1225,79.1225,78.6600,79.0000,3550
2009-03-19 17:56:00,78.6500,78.6600,78.6500,78.6600,5100
2009-03-19 17:54:00,78.9225,78.9225,78.6500,78.8225,2800
2009-03-19 17:52:00,78.6500,78.6500,78.6500,78.6500,5000
2009-03-19 17:50:00,78.7000,78.7000,78.7000,78.7000,100
2009-03-19 17:49:00,79.1000,79.1000,79.0950,79.0950,3200
2009-03-19 17:48:00,79.2025,79.2025,79.2025,79.2025,100
2009-03-19 17:47:00,78.7000,78.7000,78.7000,78.7000,250
2009-03-19 17:44:00,79.7700,79.7700,79.7700,79.7700,200
2009-03-19 17:43:00,78.6200,78.6200,78.5800,78.5800,6800
2009-03-19 17:42:00,78.6200,78.6200,78.6200,78.6200,2000
2009-03-19 17:41:00,78.6600,78.6600,78.6500,78.6500,800
2009-03-19 17:40:00,78.6600,78.6600,78.6400,78.6400,1400
2009-03-19 17:39:00,78.6400,79.6500,78.6400,78.6400,1500
2009-03-19 17:38:00,79.1175,79.1575,78.6400,78.6400,18825
2009-03-19 17:37:00,78.6600,78.6600,78.6600,78.6600,675
2009-03-19 17:36:00,79.1075,79.3975,79.0875,79.3975,3500
2009-03-19 17:35:00,78.7200,79.3875,78.6700,79.1175,4700
2009-03-19 17:32:00,78.6400,78.7600,78.6400,78.7600,778
2009-03-19 17:31:00,79.3000,79.3000,79.3000,79.3000,100
2009-03-19 17:30:00,78.6500,78.6500,78.6500,78.6500,100
2009-03-19 17:29:00,79.2800,79.2800,78.7000,78.7000,200
2009-03-19 17:28:00,78.6900,79.4000,78.6900,78.7000,4500
2009-03-19 17:27:00,78.6500,79.3775,78.6500,79.3775,1000
2009-03-19 17:25:00,78.6600,78.6600,78.6500,78.6600,1200
2009-03-19 17:24:00,79.1125,79.1125,78.6300,78.6400,1800
2009-03-19 17:21:00,78.6500,79.1825,78.6500,79.1825,2900
2009-03-19 17:20:00,78.6100,79.0700,78.6100,79.0700,2600
2009-03-19 17:19:00,78.6000,78.6100,78.6000,78.6100,2000
2009-03-19 17:18:00,78.6100,78.6100,78.6000,78.6000,74600
2009-03-19 17:16:00,78.6200,78.6400,78.6200,78.6400,600
2009-03-19 17:15:00,78.6300,78.6300,78.6100,78.6100,100600
2009-03-19 17:14:00,78.5900,78.6200,78.5800,78.6100,13100
2009-03-19 17:13:00,78.6500,78.6500,78.6100,78.6100,208675
2009-03-19 17:12:00,78.6600,78.6600,78.6400,78.6400,5744
2009-03-19 17:11:00,78.7000,78.7000,78.6600,78.6600,25097
2009-03-19 17:10:00,78.7300,78.7300,78.6700,78.6900,50399
2009-03-19 17:09:00,78.7100,78.7300,78.7000,78.7300,20121
2009-03-19 17:08:00,78.7300,78.7400,78.7000,78.7100,82500
2009-03-19 17:06:00,78.7400,78.7400,78.7100,78.7100,19703
2009-03-19 17:05:00,78.7600,78.7600,78.7500,78.7500,869
2009-03-19 17:03:00,78.7600,78.7600,78.7200,78.7200,8569
2009-03-19 17:02:00,78.8100,78.8100,78.7300,78.7300,15297
2009-03-19 17:01:00,78.8000,78.8000,78.8000,78.8000,100
2009-03-19 17:00:00,78.7900,78.8200,78.7900,78.8100,20400
2009-03-19 16:59:00,78.8200,78.8200,78.8100,78.8100,15200
2009-03-19 16:58:00,78.8100,78.8200,78.8000,78.8100,148569
2009-03-19 16:57:00,78.8000,78.8000,78.8000,78.8000,400
2009-03-19 16:56:00,78.8300,78.8300,78.8000,78.8000,20896
2009-03-19 16:55:00,78.8100,78.8300,78.8100,78.8200,2600
2009-03-19 16:54:00,78.8400,78.8400,78.8200,78.8200,600
2009-03-19 16:53:00,78.8400,78.8400,78.8200,78.8200,1200
2009-03-19 16:52:00,78.7900,78.7900,78.7900,78.7900,62551
2009-03-19 16:51:00,78.7700,78.7900,78.7600,78.7900,9700
2009-03-19 16:50:00,78.7800,78.7900,78.7800,78.7900,8382
2009-03-19 16:49:00,78.7900,78.7900,78.7800,78.7800,21900
2009-03-19 16:48:00,78.8200,78.8200,78.7900,78.7900,150000
2009-03-19 16:47:00,78.8300,78.8500,78.8300,78.8500,1350
2009-03-19 16:46:00,78.8500,78.8500,78.8500,78.8500,1000
2009-03-19 16:44:00,78.8500,78.8500,78.8500,78.8500,10624
2009-03-19 16:42:00,78.8600,78.8600,78.8500,78.8600,33540
2009-03-19 16:41:00,78.8600,78.8800,78.8500,78.8600,142640
2009-03-19 16:40:00,78.8600,78.8600,78.8600,78.8600,4100
2009-03-19 16:39:00,78.8700,78.8700,78.8400,78.8400,800
2009-03-19 16:38:00,78.8700,78.8700,78.8700,78.8700,3717
2009-03-19 16:37:00,78.8700,78.8700,78.8500,78.8500,700
2009-03-19 16:36:00,78.8700,78.8800,78.8700,78.8700,21333
2009-03-19 16:35:00,78.8900,78.9000,78.8500,78.8800,40300
2009-03-19 16:34:00,78.9000,78.9000,78.8500,78.8500,112554
2009-03-19 16:33:00,78.9300,78.9600,78.9000,78.9000,39249
2009-03-19 16:32:00,78.9100,78.9100,78.9100,78.9100,600
2009-03-19 16:31:00,78.9100,78.9500,78.8600,78.9000,82211
2009-03-19 16:30:00,78.9000,78.9400,78.8800,78.9300,142080
2009-03-19 16:29:00,78.8800,78.9000,78.8800,78.9000,11300
2009-03-19 16:28:00,78.8900,78.8900,78.8800,78.8900,23300
2009-03-19 16:27:00,78.9000,78.9000,78.8900,78.9000,353900
2009-03-19 16:26:00,78.9000,78.9000,78.9000,78.9000,5700
2009-03-19 16:25:00,78.9200,78.9200,78.9100,78.9100,700
2009-03-19 16:24:00,78.9300,78.9400,78.9300,78.9300,4421
2009-03-19 16:23:00,78.9100,78.9100,78.9000,78.9100,3119213
2009-03-19 16:22:00,78.9200,78.9500,78.9100,78.9200,25145
2009-03-19 16:21:00,78.9000,78.9300,78.9000,78.9300,23400
2009-03-19 16:20:00,78.9100,78.9100,78.9000,78.9000,6196
2009-03-19 16:19:00,78.9300,78.9300,78.9300,78.9300,1000
2009-03-19 16:18:00,78.9300,78.9300,78.8400,78.8400,1086
2009-03-19 16:17:00,78.9200,78.9300,78.9100,78.9300,2309
2009-03-19 16:16:00,78.9200,78.9200,78.9100,78.9200,1258020
2009-03-19 16:15:00,78.9600,78.9700,78.9000,78.9400,202429
2009-03-19 16:14:00,78.9500,78.9900,78.8800,78.9600,433696
2009-03-19 16:13:00,78.9400,78.9600,78.9400,78.9600,2817951
2009-03-19 16:12:00,78.8900,78.9400,78.8600,78.9400,198823
2009-03-19 16:11:00,78.9700,78.9713,78.8900,78.8900,415322
2009-03-19 16:10:00,78.9900,79.0000,78.9700,78.9700,184298
2009-03-19 16:09:00,78.9100,78.9900,78.9100,78.9900,159752
2009-03-19 16:08:00,79.0500,79.0500,79.0000,79.0400,146888
2009-03-19 16:07:00,79.0600,79.0600,79.0400,79.0500,733636
2009-03-19 16:06:00,79.0700,79.0700,79.0200,79.0700,132345
2009-03-19 16:05:00,79.0000,79.0700,79.0000,79.0600,429804
2009-03-19 16:04:00,79.0200,79.0300,78.9600,79.0000,980510
2009-03-19 16:03:00,79.0800,79.0800,79.0200,79.0200,1914441
2009-03-19 16:02:00,79.0400,79.1000,79.0400,79.0800,1138837
2009-03-19 16:01:00,79.0000,79.0400,79.0000,79.0400,1709610
2009-03-19 16:00:00,78.8800,79.1900,78.8400,78.9900,11667099
2009-03-19 15:59:00,78.8400,78.9200,78.8300,78.8900,4076359
2009-03-19 15:58:00,78.7900,78.8800,78.7700,78.8400,2253610
2009-03-19 15:57:00,78.7000,78.8000,78.6900,78.7900,2003289
2009-03-19 15:56:00,78.8200,78.8400,78.7000,78.7000,2665461
2009-03-19 15:55:00,78.8900,78.9200,78.8100,78.8200,1859930
2009-03-19 15:54:00,78.8500,78.9100,78.8100,78.8900,953686
2009-03-19 15:53:00,78.9300,78.9400,78.8500,78.8500,738853
2009-03-19 15:52:00,78.9000,79.0100,78.9000,78.9300,734577
2009-03-19 15:51:00,79.0100,79.0300,78.9100,78.9200,1679017
2009-03-19 15:50:00,79.1100,79.1600,79.0000,79.0100,818708
2009-03-19 15:49:00,79.1400,79.1900,79.0900,79.1100,1088519
2009-03-19 15:48:00,79.1975,79.2200,79.0600,79.1500,1281073
2009-03-19 15:47:00,79.0700,79.2500,79.0700,79.2000,751440
2009-03-19 15:46:00,79.1600,79.1700,79.0600,79.0700,486370
2009-03-19 15:45:00,79.0400,79.2000,79.0300,79.1600,1221406
2009-03-19 15:44:00,79.0500,79.1300,79.0200,79.0400,1199771
2009-03-19 15:43:00,78.9700,79.0600,78.9400,79.0600,881815
2009-03-19 15:42:00,78.9600,79.0000,78.8300,78.9600,1046641
2009-03-19 15:41:00,78.8600,79.0300,78.8500,78.9600,1006847
2009-03-19 15:40:00,79.0100,79.0100,78.8200,78.8600,1633548
2009-03-19 15:39:00,79.1050,79.1100,78.9700,79.0100,1476143
2009-03-19 15:38:00,79.1800,79.2200,79.1000,79.1100,988916
2009-03-19 15:37:00,79.3000,79.3300,79.1200,79.1800,728393
2009-03-19 15:36:00,79.3000,79.3700,79.2800,79.2950,687677
2009-03-19 15:35:00,79.2600,79.3100,79.2300,79.2910,560656
2009-03-19 15:34:00,79.3150,79.3400,79.2500,79.2620,879391
2009-03-19 15:33:00,79.3900,79.4200,79.3000,79.3200,1204198
2009-03-19 15:32:00,79.1000,79.4000,79.0906,79.4000,1646965
2009-03-19 15:31:00,79.0500,79.1200,79.0400,79.0975,482918
2009-03-19 15:30:00,79.1000,79.1200,79.0200,79.0500,611378
2009-03-19 15:29:00,78.9800,79.1300,78.9800,79.0900,679034
2009-03-19 15:28:00,78.9800,79.0400,78.9300,78.9900,871978
2009-03-19 15:27:00,78.9250,79.0000,78.9000,78.9800,672409
2009-03-19 15:26:00,78.9850,79.0800,78.9200,79.0150,904172
2009-03-19 15:25:00,79.0400,79.0500,78.9500,78.9700,625194
2009-03-19 15:24:00,79.0600,79.1000,79.0300,79.0400,428839
2009-03-19 15:23:00,79.0500,79.1600,79.0000,79.0600,679453
2009-03-19 15:22:00,79.2100,79.2200,79.0500,79.0750,676825
2009-03-19 15:21:00,79.2200,79.2300,79.1500,79.2200,632913
2009-03-19 15:20:00,79.2100,79.2500,79.1500,79.2200,1049224
2009-03-19 15:19:00,79.3000,79.3000,79.1800,79.2000,697418
2009-03-19 15:18:00,79.2700,79.3100,79.2500,79.2910,352794
2009-03-19 15:17:00,79.2900,79.3000,79.2500,79.2600,631517
2009-03-19 15:16:00,79.1301,79.3000,79.1301,79.2900,954199
2009-03-19 15:15:00,79.1000,79.1500,79.0900,79.1300,305169
2009-03-19 15:14:00,79.1000,79.1500,79.0500,79.0900,242368
2009-03-19 15:13:00,79.0500,79.1000,79.0300,79.0900,211990
2009-03-19 15:12:00,79.0000,79.1400,78.9900,79.0500,418372
2009-03-19 15:11:00,79.1100,79.1550,78.9700,78.9900,805409
2009-03-19 15:10:00,79.1300,79.1750,79.0900,79.1200,426195
2009-03-19 15:09:00,79.1300,79.2400,79.1100,79.1200,678454
2009-03-19 15:08:00,79.1700,79.2000,79.1200,79.1300,377670
2009-03-19 15:07:00,79.1100,79.1950,79.0700,79.1700,542956
2009-03-19 15:06:00,79.1400,79.2250,79.1100,79.1100,424456
2009-03-19 15:05:00,79.2200,79.2200,79.1100,79.1500,633006
2009-03-19 15:04:00,79.3000,79.3200,79.2000,79.2350,360637
2009-03-19 15:03:00,79.1500,79.3300,79.0900,79.3100,1279671
2009-03-19 15:02:00,79.1550,79.2800,79.1300,79.1510,1359011
2009-03-19 15:01:00,78.9800,79.2800,78.9800,79.2600,1328545
2009-03-19 15:00:00,78.9800,79.0200,78.9300,78.9850,561932
2009-03-19 14:59:00,79.0000,79.0100,78.9300,78.9700,504312
2009-03-19 14:58:00,79.0000,79.0100,78.9200,79.0000,872242
2009-03-19 14:57:00,78.8900,79.0500,78.8800,79.0000,2028364
2009-03-19 14:56:00,78.8396,78.9200,78.8200,78.9000,655128
2009-03-19 14:55:00,78.8500,78.8900,78.8200,78.8300,486294
2009-03-19 14:54:00,78.8900,78.9000,78.7600,78.8600,1256486
2009-03-19 14:53:00,78.9000,78.9400,78.8600,78.8900,532375
2009-03-19 14:52:00,78.9000,78.9500,78.8600,78.9000,576915
2009-03-19 14:51:00,79.0200,79.0250,78.8900,78.9100,1171841
2009-03-19 14:50:00,78.9900,79.0900,78.9500,79.0100,920558
2009-03-19 14:49:00,79.0700,79.1000,78.9800,79.0000,754242
2009-03-19 14:48:00,79.0800,79.1400,79.0100,79.0600,573374
2009-03-19 14:47:00,79.1000,79.1600,79.0600,79.0700,309405
2009-03-19 14:46:00,79.0600,79.1400,79.0100,79.1000,525016
2009-03-19 14:45:00,79.0500,79.0700,78.9700,79.0600,761929
2009-03-19 14:44:00,78.9500,79.0600,78.9450,79.0500,900581
2009-03-19 14:43:00,79.1250,79.1325,78.8800,78.9600,1362731
2009-03-19 14:42:00,79.2400,79.2450,79.1200,79.1300,511458
2009-03-19 14:41:00,79.1900,79.2500,79.1790,79.2400,329024
2009-03-19 14:40:00,79.1800,79.2300,79.1600,79.1750,739459
2009-03-19 14:39:00,79.0700,79.1900,79.0100,79.1700,1004419
2009-03-19 14:38:00,79.2700,79.2800,79.0400,79.0700,692830
2009-03-19 14:37:00,79.2200,79.2900,79.2100,79.2600,455800
2009-03-19 14:36:00,79.3099,79.3300,79.2100,79.2100,551705
2009-03-19 14:35:00,79.2800,79.3300,79.2500,79.3000,310143
2009-03-19 14:34:00,79.1800,79.3400,79.1600,79.2800,597057
2009-03-19 14:33:00,79.2000,79.2300,79.1400,79.2200,409269
2009-03-19 14:32:00,79.1000,79.2700,79.0950,79.2000,644788
2009-03-19 14:31:00,79.1400,79.1900,79.0600,79.1000,706737
2009-03-19 14:30:00,79.2525,79.2900,79.1400,79.1400,479539
2009-03-19 14:29:00,79.1800,79.2700,79.1800,79.2400,373107
2009-03-19 14:28:00,79.2600,79.3000,79.1800,79.1900,259475
2009-03-19 14:27:00,79.2700,79.3000,79.2400,79.2700,381568
2009-03-19 14:26:00,79.2500,79.3000,79.2100,79.2600,502360
2009-03-19 14:25:00,79.1899,79.2800,79.1800,79.2525,456004
2009-03-19 14:24:00,79.2100,79.2700,79.1800,79.1900,555880
2009-03-19 14:23:00,79.2800,79.2900,79.1500,79.2100,1274774
2009-03-19 14:22:00,79.4000,79.4300,79.2700,79.2800,1061435
2009-03-19 14:21:00,79.4000,79.4700,79.3700,79.4100,1111345
2009-03-19 14:20:00,79.4900,79.5000,79.3700,79.4000,584312
2009-03-19 14:19:00,79.4900,79.5000,79.4500,79.4800,209211
2009-03-19 14:18:00,79.4600,79.5000,79.4300,79.4900,399754
2009-03-19 14:17:00,79.4700,79.4900,79.3900,79.4600,719286
2009-03-19 14:16:00,79.6580,79.6600,79.4400,79.4600,681928
2009-03-19 14:15:00,79.6800,79.6900,79.6200,79.6595,6617826
2009-03-19 14:14:00,79.6706,79.7200,79.6300,79.6900,335855
2009-03-19 14:13:00,79.6400,79.6900,79.5900,79.6800,660531
2009-03-19 14:12:00,79.5800,79.6700,79.5650,79.6500,611395
2009-03-19 14:11:00,79.6300,79.6600,79.5500,79.5700,492692
2009-03-19 14:10:00,79.6596,79.6600,79.6000,79.6300,211517
2009-03-19 14:09:00,79.6150,79.6600,79.5700,79.6600,378968
2009-03-19 14:08:00,79.5850,79.6700,79.5800,79.6000,873713
2009-03-19 14:07:00,79.6850,79.7100,79.5700,79.6300,709391
2009-03-19 14:06:00,79.7600,79.7800,79.6600,79.7000,982511
2009-03-19 14:05:00,79.7900,79.8500,79.7500,79.7500,768785
2009-03-19 14:04:00,79.6700,79.8300,79.6600,79.8000,1106596
2009-03-19 14:03:00,79.5900,79.6700,79.5700,79.6700,292202
2009-03-19 14:02:00,79.6600,79.7000,79.5800,79.6100,545814
2009-03-19 14:01:00,79.5700,79.6600,79.5400,79.6600,545114
2009-03-19 14:00:00,79.5100,79.5800,79.5100,79.5700,248246
2009-03-19 13:59:00,79.5200,79.6050,79.5000,79.5000,446667
2009-03-19 13:58:00,79.5700,79.5800,79.5000,79.5100,322648
2009-03-19 13:57:00,79.5100,79.6100,79.4900,79.5600,576116
2009-03-19 13:56:00,79.5100,79.5400,79.4800,79.5000,428847
2009-03-19 13:55:00,79.5500,79.5500,79.4900,79.5100,259787
2009-03-19 13:54:00,79.5100,79.5900,79.4800,79.5600,485197
2009-03-19 13:53:00,79.5900,79.6000,79.5100,79.5200,426410
2009-03-19 13:52:00,79.6400,79.6850,79.5600,79.5900,946403
2009-03-19 13:51:00,79.5500,79.6900,79.5300,79.6300,1070269
2009-03-19 13:50:00,79.5900,79.6300,79.5300,79.5850,470146
2009-03-19 13:49:00,79.5800,79.6000,79.5200,79.6000,1817146
2009-03-19 13:48:00,79.5900,79.6500,79.5700,79.5718,1251714
2009-03-19 13:47:00,79.5900,79.6200,79.5000,79.5800,1867350
2009-03-19 13:46:00,79.4200,79.6300,79.4100,79.6000,1204042
2009-03-19 13:45:00,79.2800,79.4200,79.2800,79.4200,263076
2009-03-19 13:44:00,79.3099,79.3500,79.2600,79.2900,363728
2009-03-19 13:43:00,79.3000,79.3300,79.2700,79.3050,234957
2009-03-19 13:42:00,79.3480,79.3800,79.3000,79.3000,474650
2009-03-19 13:41:00,79.3000,79.4000,79.2500,79.3800,641893
2009-03-19 13:40:00,79.2700,79.3000,79.2300,79.2999,329321
2009-03-19 13:39:00,79.1800,79.3000,79.1600,79.2700,534701
2009-03-19 13:38:00,79.1500,79.2300,79.1450,79.1800,920534
2009-03-19 13:37:00,79.1150,79.1600,79.0800,79.1500,312333
2009-03-19 13:36:00,79.1400,79.1400,79.0600,79.0900,1143798
2009-03-19 13:35:00,79.2599,79.2800,79.1000,79.1400,1431899
2009-03-19 13:34:00,79.3000,79.3500,79.2200,79.2600,1057158
2009-03-19 13:33:00,79.4500,79.4600,79.2800,79.3100,554146
2009-03-19 13:32:00,79.4200,79.4800,79.4200,79.4588,291949
2009-03-19 13:31:00,79.4300,79.4300,79.3800,79.4200,192601
2009-03-19 13:30:00,79.3700,79.4800,79.3550,79.4300,476625
2009-03-19 13:29:00,79.3700,79.3800,79.3300,79.3800,333882
2009-03-19 13:28:00,79.4000,79.4200,79.3500,79.3700,251733
2009-03-19 13:27:00,79.3600,79.4000,79.3500,79.3850,137256
2009-03-19 13:26:00,79.4200,79.4300,79.3600,79.3700,203395
2009-03-19 13:25:00,79.4600,79.4800,79.4000,79.4100,246620
2009-03-19 13:24:00,79.3800,79.4700,79.3762,79.4600,520566
2009-03-19 13:23:00,79.4500,79.5000,79.3600,79.3800,801596
2009-03-19 13:22:00,79.3900,79.4700,79.3800,79.4400,782375
2009-03-19 13:21:00,79.3000,79.4100,79.2850,79.3900,440099
2009-03-19 13:20:00,79.2300,79.3400,79.2100,79.3115,361326
2009-03-19 13:19:00,79.1900,79.2900,79.1800,79.2400,573356
2009-03-19 13:18:00,79.1900,79.2400,79.1800,79.1800,179210
2009-03-19 13:17:00,79.1500,79.2200,79.0700,79.1900,529633
2009-03-19 13:16:00,79.2400,79.2400,79.1200,79.1599,585860
2009-03-19 13:15:00,79.2100,79.2800,79.1800,79.2300,549192
2009-03-19 13:14:00,79.2300,79.2600,79.2000,79.2000,380919
2009-03-19 13:13:00,79.0600,79.2800,79.0250,79.2300,662830
2009-03-19 13:12:00,79.0100,79.0600,79.0000,79.0600,534014
2009-03-19 13:11:00,79.0000,79.0400,78.9600,79.0200,541233
2009-03-19 13:10:00,78.9800,79.0000,78.9500,78.9906,370984
2009-03-19 13:09:00,79.0800,79.0800,78.9300,78.9700,870597
2009-03-19 13:08:00,79.1100,79.1800,79.0600,79.0800,708310
2009-03-19 13:07:00,79.1400,79.1400,79.1000,79.1100,211312
2009-03-19 13:06:00,79.0900,79.1500,79.0900,79.1400,281889
2009-03-19 13:05:00,79.1000,79.1800,79.0800,79.1000,604774
2009-03-19 13:04:00,79.0000,79.1100,78.9900,79.1000,462870
2009-03-19 13:03:00,79.1400,79.1500,78.9900,79.0050,772996
2009-03-19 13:02:00,79.1200,79.2200,79.0900,79.1300,466776
2009-03-19 13:01:00,79.1400,79.1500,79.0800,79.1100,245316
2009-03-19 13:00:00,79.0900,79.1800,79.0700,79.1400,477806
2009-03-19 12:59:00,79.1400,79.1500,79.0800,79.0901,219555
2009-03-19 12:58:00,79.2400,79.2400,79.0700,79.1490,897101
2009-03-19 12:57:00,79.3600,79.3700,79.2300,79.2400,839623
2009-03-19 12:56:00,79.3900,79.4300,79.2800,79.3600,726097
2009-03-19 12:55:00,79.2700,79.4100,79.2400,79.3800,1009950
2009-03-19 12:54:00,79.1900,79.2800,79.1750,79.2600,385322
2009-03-19 12:53:00,79.2500,79.2800,79.1700,79.2000,310406
2009-03-19 12:52:00,79.2100,79.3000,79.2050,79.2450,567125
2009-03-19 12:51:00,79.3500,79.3500,79.2000,79.2100,692334
2009-03-19 12:50:00,79.3700,79.3900,79.3500,79.3600,219370
2009-03-19 12:49:00,79.4500,79.4500,79.3600,79.3650,492942
2009-03-19 12:48:00,79.4300,79.4700,79.4000,79.4400,891383
2009-03-19 12:47:00,79.4000,79.4300,79.3900,79.4300,517055
2009-03-19 12:46:00,79.3200,79.4100,79.2800,79.4000,693295
2009-03-19 12:45:00,79.2700,79.3400,79.2100,79.3200,408430
2009-03-19 12:44:00,79.2400,79.2900,79.2400,79.2700,167722
2009-03-19 12:43:00,79.2600,79.3000,79.2300,79.2400,543536
2009-03-19 12:42:00,79.1700,79.2600,79.1300,79.2600,585282
2009-03-19 12:41:00,79.1200,79.1800,79.1100,79.1600,223392
2009-03-19 12:40:00,79.2294,79.2294,79.1100,79.1200,199795
2009-03-19 12:39:00,79.1100,79.2300,79.1000,79.2274,641320
2009-03-19 12:38:00,79.1500,79.1600,79.0800,79.0810,392246
2009-03-19 12:37:00,79.2500,79.2600,79.1200,79.1499,893628
2009-03-19 12:36:00,79.3800,79.3800,79.2400,79.2600,1169396
2009-03-19 12:35:00,79.3400,79.3800,79.3100,79.3700,479540
2009-03-19 12:34:00,79.3500,79.3500,79.2800,79.3300,901821
2009-03-19 12:33:00,79.2400,79.3500,79.2400,79.3500,548534
2009-03-19 12:32:00,79.2106,79.2500,79.1950,79.2499,293554
2009-03-19 12:31:00,79.2200,79.2400,79.2000,79.2100,455157
2009-03-19 12:30:00,79.2300,79.2301,79.1800,79.2200,1186296
2009-03-19 12:29:00,79.1300,79.2300,79.1200,79.2299,531502
2009-03-19 12:28:00,79.0550,79.1300,79.0500,79.1300,815250
2009-03-19 12:27:00,79.1100,79.1300,79.0400,79.0600,652255
2009-03-19 12:26:00,79.1500,79.1800,79.0700,79.1100,1376060
2009-03-19 12:25:00,79.1925,79.2000,79.1200,79.1400,346191
2009-03-19 12:24:00,79.0600,79.2400,79.0500,79.1900,669010
2009-03-19 12:23:00,79.0500,79.0600,79.0201,79.0600,199213
2009-03-19 12:22:00,78.9000,79.0600,78.9000,79.0500,917670
2009-03-19 12:21:00,78.9200,78.9500,78.8700,78.9000,475509
2009-03-19 12:20:00,78.9600,78.9700,78.9100,78.9200,271225
2009-03-19 12:19:00,79.0100,79.0300,78.9500,78.9700,277614
2009-03-19 12:18:00,78.9600,79.0300,78.9500,79.0100,455008
2009-03-19 12:17:00,78.9700,79.0400,78.9200,78.9725,804244
2009-03-19 12:16:00,79.0800,79.0800,78.9400,78.9600,1238985
2009-03-19 12:15:00,79.1400,79.1400,79.0500,79.0700,518531
2009-03-19 12:14:00,79.1500,79.2200,79.0900,79.1300,680035
2009-03-19 12:13:00,79.2200,79.2300,79.1400,79.1500,434007
2009-03-19 12:12:00,79.1700,79.2400,79.1600,79.2100,350773
2009-03-19 12:11:00,79.1800,79.2200,79.1500,79.1550,545842
2009-03-19 12:10:00,79.1200,79.2000,79.0500,79.1800,717321
2009-03-19 12:09:00,79.1000,79.1700,79.0700,79.1200,438574
2009-03-19 12:08:00,79.1500,79.1500,79.1000,79.1100,191315
2009-03-19 12:07:00,79.1299,79.1600,79.0700,79.1500,658533
2009-03-19 12:06:00,79.2000,79.2000,79.1200,79.1300,478104
2009-03-19 12:05:00,79.2400,79.2400,79.1700,79.2000,311561
2009-03-19 12:04:00,79.2600,79.2900,79.2000,79.2300,583778
2009-03-19 12:03:00,79.2300,79.2700,79.2200,79.2600,227050
2009-03-19 12:02:00,79.2900,79.2990,79.2000,79.2300,492310
2009-03-19 12:01:00,79.2100,79.3100,79.1900,79.3000,833804
2009-03-19 12:00:00,79.2200,79.2300,79.1500,79.1900,595675
2009-03-19 11:59:00,79.2100,79.2500,79.1700,79.2200,639079
2009-03-19 11:58:00,79.1299,79.2500,79.1200,79.2000,1197801
2009-03-19 11:57:00,79.0000,79.1300,78.9500,79.1300,742944
2009-03-19 11:56:00,78.9400,79.0200,78.8800,78.9900,882809
2009-03-19 11:55:00,78.9700,79.0000,78.9000,78.9450,1373232
2009-03-19 11:54:00,78.9200,78.9700,78.8600,78.9700,939268
2009-03-19 11:53:00,78.8801,78.9200,78.8400,78.9200,719301
2009-03-19 11:52:00,78.8400,78.9200,78.8390,78.8800,2248086
2009-03-19 11:51:00,78.7700,78.8600,78.7200,78.8500,2576088
2009-03-19 11:50:00,78.9950,79.0100,78.7700,78.7700,1168273
2009-03-19 11:49:00,79.0500,79.0600,78.9900,79.0000,730047
2009-03-19 11:48:00,79.0500,79.0600,79.0100,79.0500,438179
2009-03-19 11:47:00,78.9900,79.0500,78.9450,79.0450,1616778
2009-03-19 11:46:00,79.1600,79.1600,78.9400,78.9901,2124620
2009-03-19 11:45:00,79.1800,79.1825,79.1250,79.1500,1075447
2009-03-19 11:44:00,79.2300,79.2400,79.1800,79.1800,494926
2009-03-19 11:43:00,79.1825,79.2400,79.1400,79.2400,584423
2009-03-19 11:42:00,79.2100,79.2300,79.1600,79.1700,787350
2009-03-19 11:41:00,79.1750,79.2200,79.1500,79.2100,642516
2009-03-19 11:40:00,79.3000,79.3210,79.1500,79.2000,1322914
2009-03-19 11:39:00,79.3200,79.4000,79.3100,79.3100,386683
2009-03-19 11:38:00,79.4200,79.4200,79.3100,79.3200,276362
2009-03-19 11:37:00,79.3800,79.4200,79.3400,79.4200,373707
2009-03-19 11:36:00,79.3500,79.4050,79.3050,79.4000,607129
2009-03-19 11:35:00,79.3000,79.3900,79.2805,79.3400,1046421
2009-03-19 11:34:00,79.4100,79.4400,79.3000,79.3100,908855
2009-03-19 11:33:00,79.2925,79.4200,79.2600,79.4000,624978
2009-03-19 11:32:00,79.3025,79.3200,79.2600,79.3000,480300
2009-03-19 11:31:00,79.2500,79.3400,79.2500,79.3100,886942
2009-03-19 11:30:00,79.2400,79.3100,79.2100,79.2500,1054772
2009-03-19 11:29:00,79.4699,79.4800,79.2401,79.2401,1555088
2009-03-19 11:28:00,79.6025,79.6025,79.4500,79.4600,700967
2009-03-19 11:27:00,79.5600,79.6200,79.5300,79.5995,604043
2009-03-19 11:26:00,79.6400,79.7000,79.5500,79.5600,551006
2009-03-19 11:25:00,79.7000,79.7300,79.6200,79.6399,481017
2009-03-19 11:24:00,79.6700,79.7600,79.6400,79.6750,884844
2009-03-19 11:23:00,79.6800,79.7100,79.6500,79.6700,379533
2009-03-19 11:22:00,79.6400,79.7300,79.6200,79.6900,967588
2009-03-19 11:21:00,79.5300,79.6500,79.5100,79.6300,790209
2009-03-19 11:20:00,79.5700,79.6100,79.5300,79.5300,507971
2009-03-19 11:19:00,79.5700,79.5900,79.4850,79.5700,496890
2009-03-19 11:18:00,79.6200,79.6300,79.5300,79.5800,852981
2009-03-19 11:17:00,79.5300,79.6700,79.4950,79.6200,1295583
2009-03-19 11:16:00,79.4700,79.5300,79.4400,79.5200,730432
2009-03-19 11:15:00,79.4800,79.4900,79.4000,79.4700,1191892
2009-03-19 11:14:00,79.4800,79.5300,79.4100,79.4800,1678266
2009-03-19 11:13:00,79.4800,79.4900,79.4300,79.4706,871640
2009-03-19 11:12:00,79.4800,79.5500,79.4450,79.4800,1226113
2009-03-19 11:11:00,79.6000,79.6025,79.4800,79.4900,722164
2009-03-19 11:10:00,79.6325,79.6525,79.5600,79.6000,1014725
2009-03-19 11:09:00,79.7900,79.8300,79.6300,79.6300,779062
2009-03-19 11:08:00,79.7300,79.8400,79.7300,79.7899,548801
2009-03-19 11:07:00,79.7700,79.8300,79.7200,79.7394,414784
2009-03-19 11:06:00,79.7200,79.7700,79.7100,79.7600,656218
2009-03-19 11:05:00,79.7400,79.8300,79.7100,79.7150,1969070
2009-03-19 11:04:00,79.8400,79.8700,79.7300,79.7750,843368
2009-03-19 11:03:00,79.9200,79.9900,79.8400,79.8500,387215
2009-03-19 11:02:00,80.0425,80.0900,79.9200,79.9300,980590
2009-03-19 11:01:00,79.9000,80.0600,79.8800,80.0200,1183794
2009-03-19 11:00:00,79.8000,80.0000,79.8000,79.9000,736238
2009-03-19 10:59:00,79.7000,79.8400,79.6900,79.7999,988468
2009-03-19 10:58:00,79.8500,79.8700,79.6900,79.6900,1128361
2009-03-19 10:57:00,79.8000,79.9100,79.7600,79.8600,1014934
2009-03-19 10:56:00,79.6700,79.8100,79.6600,79.8000,676391
2009-03-19 10:55:00,79.7900,79.8100,79.6500,79.6600,509622
2009-03-19 10:54:00,79.8100,79.8400,79.7400,79.7800,847368
2009-03-19 10:53:00,79.7900,79.8100,79.7400,79.8100,710364
2009-03-19 10:52:00,79.8900,79.9100,79.7600,79.7800,633635
2009-03-19 10:51:00,79.9600,79.9600,79.8700,79.8800,702190
2009-03-19 10:50:00,80.0400,80.0600,79.9444,79.9600,2484449
2009-03-19 10:49:00,80.0500,80.0500,79.9700,80.0400,627981
2009-03-19 10:48:00,80.0300,80.0600,80.0000,80.0600,711036
2009-03-19 10:47:00,80.1400,80.1600,80.0200,80.0300,766491
2009-03-19 10:46:00,80.1500,80.1700,80.0600,80.1400,973144
2009-03-19 10:45:00,80.1400,80.1600,80.1100,80.1500,734142
2009-03-19 10:44:00,80.2400,80.2600,80.1300,80.1400,907251
2009-03-19 10:43:00,80.2100,80.2825,80.1600,80.2450,767720
2009-03-19 10:42:00,80.2100,80.2400,80.1600,80.2100,643183
2009-03-19 10:41:00,80.1900,80.2500,80.1590,80.2004,1305741
2009-03-19 10:40:00,79.9900,80.1900,79.9800,80.1800,1031032
2009-03-19 10:39:00,79.9900,80.0500,79.9700,79.9900,620716
2009-03-19 10:38:00,80.0100,80.0600,79.9800,79.9800,697602
2009-03-19 10:37:00,79.9300,80.0400,79.9200,80.0200,913970
2009-03-19 10:36:00,80.0300,80.0389,79.9100,79.9300,757436
2009-03-19 10:35:00,79.9400,80.0600,79.9300,80.0300,1700180
2009-03-19 10:34:00,79.7400,79.9900,79.7201,79.9400,817028
2009-03-19 10:33:00,79.7000,79.8100,79.6800,79.7400,783759
2009-03-19 10:32:00,79.8100,79.8500,79.6900,79.7000,1071650
2009-03-19 10:31:00,79.7800,79.8100,79.7500,79.8100,467617
2009-03-19 10:30:00,79.7500,79.8100,79.7200,79.7800,1114878
2009-03-19 10:29:00,79.7900,79.8200,79.7400,79.7400,1032496
2009-03-19 10:28:00,79.8900,79.9400,79.7800,79.7900,950290
2009-03-19 10:27:00,79.8600,79.9800,79.8600,79.8800,934255
2009-03-19 10:26:00,80.0000,80.0000,79.8600,79.8600,715040
2009-03-19 10:25:00,80.0200,80.0300,79.9400,80.0000,979933
2009-03-19 10:24:00,80.0299,80.0900,80.0000,80.0200,1107747
2009-03-19 10:23:00,79.9100,80.0500,79.9000,80.0400,1225935
2009-03-19 10:22:00,80.0100,80.0600,79.8900,79.9200,1699016
2009-03-19 10:21:00,79.9500,80.0500,79.9000,80.0200,2894649
2009-03-19 10:20:00,79.8900,79.9800,79.8300,79.9400,1156317
2009-03-19 10:19:00,79.8800,79.9500,79.8000,79.8900,1447226
2009-03-19 10:18:00,79.8600,79.9400,79.8200,79.8800,2179191
2009-03-19 10:17:00,79.8500,79.9500,79.8300,79.8600,2172966
2009-03-19 10:16:00,79.7700,79.8500,79.6700,79.8400,1271814
2009-03-19 10:15:00,79.7400,79.7900,79.6500,79.7625,1095100
2009-03-19 10:14:00,79.7600,79.7800,79.7000,79.7400,993122
2009-03-19 10:13:00,79.6900,79.8000,79.6900,79.7500,1289205
2009-03-19 10:12:00,79.6600,79.7800,79.6400,79.7000,1794051
2009-03-19 10:11:00,79.5300,79.6700,79.5200,79.6600,1582270
2009-03-19 10:10:00,79.4200,79.5300,79.3500,79.5300,1819836
2009-03-19 10:09:00,79.4800,79.5000,79.4100,79.4299,960278
2009-03-19 10:08:00,79.5500,79.5800,79.4700,79.4800,927153
2009-03-19 10:07:00,79.6400,79.6500,79.5100,79.5600,1125793
2009-03-19 10:06:00,79.6900,79.6900,79.5700,79.6500,813756
2009-03-19 10:05:00,79.6700,79.7000,79.6000,79.6610,1365667
2009-03-19 10:04:00,79.6300,79.7000,79.6100,79.6800,1556435
2009-03-19 10:03:00,79.5100,79.6400,79.5000,79.6300,1837388
2009-03-19 10:02:00,79.5400,79.5525,79.4500,79.5200,2488966
2009-03-19 10:01:00,79.7000,79.7700,79.5300,79.5300,1678401
2009-03-19 10:00:00,79.5600,79.7900,79.5500,79.7000,3002279
2009-03-19 09:59:00,79.6700,79.8100,79.5500,79.5600,1730101
2009-03-19 09:58:00,79.8400,79.8400,79.6300,79.6600,1775456
2009-03-19 09:57:00,79.7600,79.8500,79.7400,79.8399,1905941
2009-03-19 09:56:00,79.8300,79.8300,79.7200,79.7500,1216853
2009-03-19 09:55:00,79.8300,79.8700,79.8000,79.8400,1103582
2009-03-19 09:54:00,79.8500,79.9000,79.8000,79.8300,2662744
2009-03-19 09:53:00,80.0800,80.0900,79.8500,79.8500,2211431
2009-03-19 09:52:00,80.2700,80.2700,80.0600,80.0700,1107462
2009-03-19 09:51:00,80.2200,80.3000,80.1300,80.2700,1563510
2009-03-19 09:50:00,80.4800,80.4800,80.1800,80.2200,2023901
2009-03-19 09:49:00,80.3100,80.5300,80.3100,80.4800,1135281
2009-03-19 09:48:00,80.2799,80.3500,80.2200,80.3100,1245749
2009-03-19 09:47:00,80.3599,80.4200,80.2600,80.2700,1152989
2009-03-19 09:46:00,80.2500,80.4300,80.2400,80.3593,1585144
2009-03-19 09:45:00,80.1800,80.2700,80.1400,80.2500,816079
2009-03-19 09:44:00,80.1500,80.2600,80.1300,80.1800,1672909
2009-03-19 09:43:00,80.2900,80.2900,80.1300,80.1599,2104872
2009-03-19 09:42:00,80.2500,80.3400,80.1900,80.2900,3391799
2009-03-19 09:41:00,80.4800,80.4900,80.2400,80.2500,1747494
2009-03-19 09:40:00,80.3900,80.5500,80.3700,80.4800,1287950
2009-03-19 09:39:00,80.4300,80.4600,80.3400,80.3900,2439360
2009-03-19 09:38:00,80.4600,80.4900,80.3900,80.4300,1405698
2009-03-19 09:37:00,80.3425,80.4600,80.3200,80.4500,786341
2009-03-19 09:36:00,80.4500,80.4600,80.3000,80.3500,2434146
2009-03-19 09:35:00,80.5900,80.6194,80.4400,80.4400,1777551
2009-03-19 09:34:00,80.6000,80.6700,80.5600,80.5900,1071125
2009-03-19 09:33:00,80.8500,80.8500,80.5900,80.6000,1968849
2009-03-19 09:32:00,80.7400,80.8500,80.6500,80.8499,1419830
2009-03-19 09:31:00,80.7100,80.9650,80.6400,80.7500,1595488
2009-03-19 09:30:00,80.9300,81.0000,80.6900,80.7700,1765106
2009-03-19 09:29:00,80.9500,80.9800,80.9400,80.9400,220197
2009-03-19 09:28:00,80.9400,81.0400,80.9400,80.9600,324687
2009-03-19 09:27:00,80.8800,80.9700,80.8800,80.9400,131229
2009-03-19 09:26:00,80.8400,80.8900,80.8400,80.8800,192047
2009-03-19 09:25:00,80.8000,80.8700,80.8000,80.8200,34901
2009-03-19 09:24:00,80.7800,80.8500,80.7800,80.8100,96713
2009-03-19 09:23:00,80.8700,80.8900,80.7700,80.7900,97564
2009-03-19 09:22:00,80.8000,80.8600,80.8000,80.8600,197012
2009-03-19 09:21:00,80.8100,80.8100,80.7600,80.8000,354185
2009-03-19 09:20:00,80.8400,80.8600,80.8300,80.8300,9707
2009-03-19 09:19:00,80.8400,80.8600,80.8300,80.8500,17276
2009-03-19 09:18:00,80.8500,80.8800,80.8400,80.8400,21278
2009-03-19 09:17:00,80.9300,80.9300,80.7900,80.8500,273298
2009-03-19 09:16:00,80.9000,80.9300,80.8800,80.9200,105819
2009-03-19 09:15:00,80.9200,80.9400,80.8800,80.8900,44512
2009-03-19 09:14:00,80.8800,80.9200,80.8700,80.9200,69258
2009-03-19 09:13:00,80.8000,80.8900,80.8000,80.8900,89051
2009-03-19 09:12:00,80.7400,80.8000,80.7300,80.8000,39550
2009-03-19 09:11:00,80.7500,80.7600,80.7300,80.7500,26335
2009-03-19 09:10:00,80.7300,80.7700,80.7300,80.7500,54514
2009-03-19 09:09:00,80.7400,80.7600,80.7200,80.7400,39067
2009-03-19 09:08:00,80.7800,80.7800,80.7200,80.7500,75803
2009-03-19 09:07:00,80.8700,80.8700,80.7700,80.7700,97862
2009-03-19 09:06:00,80.8200,80.9000,80.8100,80.8800,297314
2009-03-19 09:05:00,80.7700,80.8100,80.7400,80.8100,138616
2009-03-19 09:04:00,80.7000,80.7600,80.7000,80.7400,57801
2009-03-19 09:03:00,80.6900,80.7400,80.6800,80.7000,55238
2009-03-19 09:02:00,80.6300,80.7100,80.6300,80.6900,195817
2009-03-19 09:01:00,80.6300,80.6400,80.5600,80.6300,84214
2009-03-19 09:00:00,80.6400,80.7200,80.6300,80.6400,224761
2009-03-19 08:59:00,80.5300,80.6400,80.5300,80.6300,132052
2009-03-19 08:58:00,80.4500,80.5300,80.4300,80.5300,157393
2009-03-19 08:57:00,80.5200,80.5200,80.4500,80.4600,86477
2009-03-19 08:56:00,80.4400,80.5300,80.4300,80.5300,233186
2009-03-19 08:55:00,80.4600,80.4700,80.4400,80.4500,101130
2009-03-19 08:54:00,80.4600,80.4600,80.4500,80.4500,19100
2009-03-19 08:53:00,80.4800,80.4900,80.4200,80.4500,49291
2009-03-19 08:52:00,80.5000,80.5000,80.4900,80.4900,14700
2009-03-19 08:51:00,80.5000,80.5000,80.4800,80.4900,28980
2009-03-19 08:50:00,80.5000,80.5000,80.4700,80.4900,35075
2009-03-19 08:49:00,80.5000,80.5000,80.4900,80.5000,30796
2009-03-19 08:48:00,80.4400,80.5100,80.4400,80.4900,201151
2009-03-19 08:47:00,80.4300,80.4500,80.4300,80.4500,133006
2009-03-19 08:46:00,80.3800,80.4300,80.3600,80.4300,175561
2009-03-19 08:45:00,80.4200,80.4500,80.3900,80.4000,147690
2009-03-19 08:44:00,80.4000,80.4700,80.4000,80.4300,106196
2009-03-19 08:43:00,80.3900,80.4400,80.3800,80.3900,38088
2009-03-19 08:42:00,80.4300,80.4300,80.3300,80.3800,88150
2009-03-19 08:41:00,80.4500,80.4700,80.4300,80.4400,22242
2009-03-19 08:40:00,80.4500,80.4700,80.4300,80.4600,23363
2009-03-19 08:39:00,80.4700,80.5000,80.4500,80.4600,17950
2009-03-19 08:38:00,80.5200,80.5200,80.4700,80.4700,14303
2009-03-19 08:37:00,80.5200,80.5200,80.4900,80.5000,23209
2009-03-19 08:36:00,80.5400,80.5500,80.4900,80.5200,79788
2009-03-19 08:35:00,80.5800,80.6000,80.5200,80.5500,60886
2009-03-19 08:34:00,80.6500,80.6700,80.5800,80.5900,145796
2009-03-19 08:33:00,80.5600,80.7000,80.5500,80.6500,479553
2009-03-19 08:32:00,80.4000,80.5700,80.3900,80.5700,289148
2009-03-19 08:31:00,80.4000,80.4400,80.3600,80.4000,103518
2009-03-19 08:30:00,80.3600,80.5200,80.3300,80.3800,441035
2009-03-19 08:29:00,80.3400,80.3900,80.3200,80.3800,126758
2009-03-19 08:28:00,80.3300,80.3800,80.3300,80.3400,58203
2009-03-19 08:27:00,80.2800,80.4000,80.2800,80.3300,51666
2009-03-19 08:26:00,80.2600,80.3000,80.2600,80.2900,141558
2009-03-19 08:25:00,80.3000,80.3000,80.2400,80.2800,23400
2009-03-19 08:24:00,80.2800,80.3200,80.2800,80.3100,38100
2009-03-19 08:23:00,80.2700,80.2900,80.2700,80.2800,6950
2009-03-19 08:22:00,80.2500,80.2600,80.2500,80.2600,2000
2009-03-19 08:21:00,80.2300,80.2700,80.2200,80.2500,15150
2009-03-19 08:20:00,80.2200,80.2300,80.2100,80.2300,9700
2009-03-19 08:19:00,80.2200,80.2400,80.2000,80.2100,20516
2009-03-19 08:18:00,80.1800,80.2000,80.1600,80.2000,13600
2009-03-19 08:17:00,80.1200,80.1900,80.1100,80.1900,25200
2009-03-19 08:16:00,80.1300,80.1500,80.1100,80.1300,26900
2009-03-19 08:15:00,80.2000,80.2000,80.1400,80.1400,17400
2009-03-19 08:14:00,80.2300,80.2400,80.1900,80.2000,18511
2009-03-19 08:13:00,80.1400,80.2400,80.1300,80.2400,223430
2009-03-19 08:12:00,80.1100,80.1600,80.1000,80.1500,34090
2009-03-19 08:11:00,80.1100,80.1400,80.1100,80.1100,20800
2009-03-19 08:10:00,80.1100,80.1600,80.1100,80.1100,57235
2009-03-19 08:09:00,80.1700,80.1700,80.0000,80.0000,625570
2009-03-19 08:08:00,80.1600,80.2100,80.1300,80.1600,22906
2009-03-19 08:07:00,80.1500,80.1700,80.1200,80.1600,15288
2009-03-19 08:06:00,80.1300,80.2800,80.1300,80.1700,127100
2009-03-19 08:05:00,80.1700,80.1800,80.1300,80.1300,55890
2009-03-19 08:04:00,80.2600,80.2600,80.1700,80.1800,47718
2009-03-19 08:03:00,80.2800,80.2900,80.2600,80.2600,38685
2009-03-19 08:02:00,80.3200,80.3500,80.2900,80.2900,31797
2009-03-19 08:01:00,80.3600,80.3900,80.3200,80.3200,49640
2009-03-19 08:00:00,80.4000,80.4100,80.0800,80.3700,49384
2009-03-19 07:59:00,80.3600,80.4100,80.3600,80.4100,234550
2009-03-19 07:58:00,80.2700,80.3500,80.2500,80.3500,137682
2009-03-19 07:57:00,80.2600,80.2800,80.2500,80.2700,21800
2009-03-19 07:56:00,80.2900,80.2900,80.2500,80.2700,24745
2009-03-19 07:55:00,80.3300,80.3300,80.2400,80.2900,116800
2009-03-19 07:54:00,80.3300,80.3600,80.3200,80.3300,8000
2009-03-19 07:53:00,80.3400,80.3600,80.3300,80.3500,60100
2009-03-19 07:52:00,80.4100,80.4100,80.3600,80.3600,37200
2009-03-19 07:51:00,80.3900,80.4000,80.3900,80.4000,5300
2009-03-19 07:50:00,80.3100,80.3700,80.3100,80.3400,7500
2009-03-19 07:49:00,80.2500,80.3300,80.2500,80.3200,31800
2009-03-19 07:48:00,80.1900,80.2600,80.1900,80.2600,35600
2009-03-19 07:47:00,80.1900,80.2000,80.1600,80.2000,20050
2009-03-19 07:46:00,80.1800,80.2300,80.1200,80.1800,72100
2009-03-19 07:45:00,80.3400,80.3400,80.1500,80.1500,140500
2009-03-19 07:44:00,80.3100,80.3600,80.3100,80.3400,5638
2009-03-19 07:42:00,80.4000,80.4000,80.3400,80.3400,5600
2009-03-19 07:41:00,80.2900,80.3800,80.2900,80.3800,38031
2009-03-19 07:40:00,80.3200,80.3200,80.2700,80.2900,27200
2009-03-19 07:39:00,80.2600,80.3400,80.2600,80.3400,18569
2009-03-19 07:38:00,80.2200,80.2500,80.2200,80.2500,1869
2009-03-19 07:37:00,80.1600,80.2200,80.1500,80.2200,68171
2009-03-19 07:36:00,80.0900,80.1300,80.0900,80.1300,7200
2009-03-19 07:35:00,80.1300,80.1300,80.1300,80.1300,800
2009-03-19 07:34:00,80.1500,80.1500,80.1300,80.1300,54100
2009-03-19 07:33:00,80.1500,80.1600,80.1300,80.1600,24100
2009-03-19 07:32:00,80.1000,80.1500,80.1000,80.1300,12900
2009-03-19 07:31:00,80.1000,80.1000,80.1000,80.1000,369
2009-03-19 07:30:00,80.0500,80.0900,80.0500,80.0700,119860
2009-03-19 07:29:00,80.0000,80.0300,80.0000,80.0300,2500
2009-03-19 07:28:00,80.0500,80.0500,79.9900,79.9900,46008
2009-03-19 07:27:00,80.0800,80.1000,80.0800,80.1000,5480
2009-03-19 07:26:00,80.1000,80.1000,80.0300,80.0700,14120
2009-03-19 07:25:00,80.0600,80.0700,80.0600,80.0700,4600
2009-03-19 07:24:00,80.1300,80.1300,80.0400,80.0700,7169
2009-03-19 07:23:00,80.1600,80.1900,80.1200,80.1200,39400
2009-03-19 07:22:00,80.2500,80.2600,80.1900,80.1900,57449
2009-03-19 07:21:00,80.2200,80.2500,80.1900,80.2500,77396
2009-03-19 07:20:00,79.9900,80.2300,79.9900,80.2200,47577
2009-03-19 07:19:00,79.9200,79.9900,79.9200,79.9900,358850
2009-03-19 07:18:00,79.8300,79.8300,79.8300,79.8300,100
2009-03-19 07:17:00,79.8500,79.8600,79.8000,79.8000,42600
2009-03-19 07:16:00,79.8800,79.8900,79.8800,79.8900,8000
2009-03-19 07:15:00,79.8500,79.8500,79.8500,79.8500,2200
2009-03-19 07:14:00,79.8500,79.8800,79.8500,79.8800,6050
2009-03-19 07:13:00,79.8400,79.8600,79.8300,79.8300,6350
2009-03-19 07:12:00,79.8000,79.8000,79.8000,79.8000,3000
2009-03-19 07:11:00,79.8000,79.8000,79.8000,79.8000,250
2009-03-19 07:09:00,79.8100,79.8100,79.7700,79.7900,500
2009-03-19 07:08:00,79.7700,79.8400,79.7700,79.8400,300
2009-03-19 07:07:00,79.7400,79.7500,79.7400,79.7500,1737
2009-03-19 07:06:00,79.7300,79.7500,79.7300,79.7500,5100
2009-03-19 07:05:00,79.7500,79.7500,79.7500,79.7500,10300
2009-03-19 07:04:00,79.7300,79.7600,79.7200,79.7500,48100
2009-03-19 07:03:00,79.7700,79.7700,79.7400,79.7400,3200
2009-03-19 07:02:00,79.7300,79.7600,79.7100,79.7600,6976
2009-03-19 07:01:00,79.7300,79.7300,79.7300,79.7300,600
2009-03-19 07:00:00,79.7300,79.7400,79.7000,79.7100,2100
2009-03-19 06:58:00,79.7900,79.7900,79.7900,79.7900,750
2009-03-19 06:56:00,79.8300,79.8300,79.8300,79.8300,1000
2009-03-19 06:55:00,79.7600,79.7600,79.7600,79.7600,100
2009-03-19 06:54:00,79.7500,79.7500,79.7500,79.7500,2500
2009-03-19 06:50:00,79.6700,79.6700,79.6700,79.6700,100
2009-03-19 06:37:00,79.5900,79.5900,79.5700,79.5700,1700
2009-03-19 06:34:00,79.5700,79.5700,79.5700,79.5700,50000
2009-03-19 06:33:00,79.5600,79.5600,79.5600,79.5600,100
2009-03-19 06:30:00,79.5700,79.5700,79.5700,79.5700,3000
2009-03-19 06:26:00,79.6400,79.6400,79.5800,79.5800,11600
2009-03-19 06:25:00,79.7000,79.7000,79.7000,79.7000,5000
2009-03-19 06:14:00,79.5600,79.5600,79.5600,79.5600,10000
2009-03-19 06:11:00,79.5900,79.5900,79.5600,79.5600,13000
2009-03-19 06:10:00,79.5900,79.5900,79.5600,79.5600,12000
2009-03-19 06:09:00,79.6200,79.6300,79.6200,79.6300,7500
2009-03-19 06:05:00,79.6500,79.6500,79.6500,79.6500,1000
2009-03-19 06:04:00,79.6500,79.6500,79.6500,79.6500,1000
2009-03-19 06:03:00,79.6100,79.6100,79.6100,79.6100,3000
2009-03-19 06:02:00,79.6400,79.6400,79.6400,79.6400,2900
2009-03-19 06:01:00,79.6000,79.6100,79.6000,79.6100,10000
2009-03-19 05:57:00,79.5600,79.5600,79.5600,79.5600,1000
2009-03-19 05:50:00,79.5900,79.5900,79.5900,79.5900,2000
2009-03-19 05:49:00,79.6600,79.6600,79.6600,79.6600,100
2009-03-19 05:27:00,79.5200,79.5200,79.5200,79.5200,100
2009-03-19 05:23:00,79.4900,79.4900,79.4900,79.4900,2000
2009-03-19 05:21:00,79.4800,79.4800,79.4800,79.4800,100
2009-03-19 05:17:00,79.5700,79.5700,79.5700,79.5700,100
2009-03-19 05:07:00,79.6100,79.6100,79.6100,79.6100,5000
2009-03-19 05:05:00,79.5900,79.5900,79.5900,79.5900,500
2009-03-19 04:44:00,79.4900,79.4900,79.4900,79.4900,400
2009-03-19 04:39:00,79.5200,79.5200,79.5200,79.5200,1000
2009-03-19 04:36:00,79.5100,79.5100,79.5100,79.5100,500
2009-03-19 04:33:00,79.3600,79.3600,79.3600,79.3600,1000
2009-03-19 04:32:00,79.3400,79.3400,79.3400,79.3400,500
2009-03-19 04:29:00,79.2800,79.2800,79.2800,79.2800,500
2009-03-19 04:26:00,79.3000,79.3000,79.3000,79.3000,250
2009-03-19 04:25:00,79.3600,79.3600,79.2700,79.2700,450
2009-03-19 04:20:00,79.3800,79.3800,79.3500,79.3500,300
2009-03-19 04:18:00,79.5000,79.5000,79.4300,79.4300,1100
2009-03-18 19:59:00,79.7000,79.7000,79.6900,79.6900,10217
2009-03-18 19:58:00,79.7100,79.7100,79.7000,79.7000,6325
2009-03-18 19:57:00,79.7500,79.7500,79.7400,79.7400,2668
2009-03-18 19:56:00,79.7500,79.7500,79.7500,79.7500,369
2009-03-18 19:55:00,79.7500,79.7500,79.7500,79.7500,200
2009-03-18 19:54:00,79.7500,79.7500,79.7500,79.7500,475
2009-03-18 19:52:00,79.7500,79.7500,79.7400,79.7400,1300
2009-03-18 19:51:00,79.7300,79.7300,79.7300,79.7300,1300
2009-03-18 19:50:00,79.7200,79.7300,79.7200,79.7300,3100
2009-03-18 19:49:00,79.7200,79.7200,79.7200,79.7200,900
2009-03-18 19:48:00,79.7100,79.7200,79.7100,79.7200,1331
2009-03-18 19:47:00,79.7200,79.7200,79.7200,79.7200,500
2009-03-18 19:46:00,79.7300,79.7300,79.7300,79.7300,2169
2009-03-18 19:45:00,79.7200,79.7300,79.7200,79.7300,280
2009-03-18 19:44:00,79.7300,79.7300,79.7100,79.7100,2000
2009-03-18 19:43:00,79.7300,79.7300,79.7300,79.7300,900
2009-03-18 19:42:00,79.7300,79.7300,79.7300,79.7300,600
2009-03-18 19:41:00,79.7400,79.7400,79.7300,79.7300,1500
2009-03-18 19:40:00,79.7500,79.7500,79.7500,79.7500,1310
2009-03-18 19:39:00,79.7800,79.7800,79.7500,79.7500,1700
2009-03-18 19:37:00,79.7700,79.7800,79.7700,79.7800,4950
2009-03-18 19:36:00,79.7800,79.7800,79.7800,79.7800,300
2009-03-18 19:35:00,79.8000,79.8000,79.7700,79.7700,2450
2009-03-18 19:34:00,79.8100,79.8200,79.7900,79.8000,4800
2009-03-18 19:32:00,79.8200,79.8200,79.8200,79.8200,500
2009-03-18 19:31:00,79.7900,79.7900,79.7900,79.7900,500
2009-03-18 19:30:00,79.8300,79.8300,79.8300,79.8300,100
2009-03-18 19:29:00,79.8200,79.8200,79.8200,79.8200,800
2009-03-18 19:28:00,79.8200,79.8200,79.8200,79.8200,2900
2009-03-18 19:27:00,79.8200,79.8200,79.8200,79.8200,2630
2009-03-18 19:24:00,79.7900,79.7900,79.7900,79.7900,290
2009-03-18 19:23:00,79.8200,79.8200,79.8200,79.8200,4970
2009-03-18 19:22:00,79.7900,79.7900,79.7900,79.7900,3000
2009-03-18 19:21:00,79.7800,79.8200,79.7800,79.8200,2200
2009-03-18 19:20:00,79.7800,79.7800,79.7800,79.7800,100
2009-03-18 19:19:00,79.7800,79.7900,79.7800,79.7900,500
2009-03-18 19:18:00,79.7800,79.7900,79.7800,79.7800,400
2009-03-18 19:17:00,79.7900,79.7900,79.7800,79.7800,400
2009-03-18 19:16:00,79.7800,79.7900,79.7800,79.7800,6100
2009-03-18 19:15:00,79.7700,79.7800,79.7700,79.7800,1400
2009-03-18 19:14:00,79.7700,79.7800,79.7700,79.7800,3500
2009-03-18 19:13:00,79.7600,79.7600,79.7600,79.7600,500
2009-03-18 19:12:00,79.7600,79.7600,79.7600,79.7600,200
2009-03-18 19:11:00,79.7400,79.7400,79.7400,79.7400,300
2009-03-18 19:09:00,79.7300,79.7300,79.7300,79.7300,100
2009-03-18 19:07:00,79.7200,79.7200,79.7100,79.7100,1489
2009-03-18 19:06:00,79.7100,79.7100,79.7100,79.7100,100
2009-03-18 19:05:00,79.7200,79.7200,79.7100,79.7100,1200
2009-03-18 19:04:00,79.7200,79.7200,79.7100,79.7100,1100
2009-03-18 19:02:00,79.7300,79.7300,79.7300,79.7300,100
2009-03-18 19:01:00,79.7300,79.7300,79.7200,79.7200,1300
2009-03-18 19:00:00,79.7300,79.7300,79.7200,79.7300,3104
2009-03-18 18:59:00,79.7300,79.7300,79.7100,79.7300,6407
2009-03-18 18:58:00,79.7300,79.7300,79.7300,79.7300,150
2009-03-18 18:57:00,79.7300,79.7500,79.7300,79.7500,469
2009-03-18 18:56:00,79.7400,79.7500,79.7400,79.7500,21970
2009-03-18 18:55:00,79.7400,79.7500,79.7400,79.7500,22300
2009-03-18 18:54:00,79.7200,79.7200,79.7200,79.7200,1000
2009-03-18 18:53:00,79.7100,79.7300,79.7100,79.7200,3608
2009-03-18 18:51:00,79.7300,79.7300,79.7200,79.7200,1100
2009-03-18 18:47:00,79.7400,79.7400,79.7200,79.7200,1700
2009-03-18 18:46:00,79.7200,79.7200,79.7200,79.7200,800
2009-03-18 18:45:00,79.7100,79.7100,79.7100,79.7100,180
2009-03-18 18:44:00,79.7100,79.7100,79.7100,79.7100,100
2009-03-18 18:42:00,79.7100,79.7100,79.7100,79.7100,500
2009-03-18 18:41:00,79.7500,79.7500,79.7100,79.7100,1875
2009-03-18 18:40:00,79.7400,79.7400,79.7300,79.7300,7300
2009-03-18 18:39:00,79.7500,79.7500,79.7500,79.7500,200
2009-03-18 18:38:00,79.7300,79.7300,79.7300,79.7300,300
2009-03-18 18:37:00,79.7300,79.7300,79.7300,79.7300,100
2009-03-18 18:36:00,79.6800,79.7300,79.6700,79.7300,2600
2009-03-18 18:35:00,79.7000,79.7100,79.7000,79.7000,6265
2009-03-18 18:34:00,79.7000,79.7000,79.7000,79.7000,100
2009-03-18 18:33:00,79.7200,79.7200,79.6800,79.6900,51750
2009-03-18 18:32:00,79.7700,79.7700,79.7400,79.7400,2300
2009-03-18 18:31:00,79.7800,79.7800,79.7700,79.7700,2700
2009-03-18 18:30:00,79.8300,79.8300,79.7700,79.7700,10280
2009-03-18 18:28:00,79.8300,79.8300,79.8300,79.8300,200
2009-03-18 18:27:00,79.8500,79.8500,79.8500,79.8500,300
2009-03-18 18:26:00,79.8600,79.8600,79.8600,79.8600,500
2009-03-18 18:25:00,79.8300,79.8300,79.8300,79.8300,500
2009-03-18 18:24:00,79.8300,79.8300,79.8300,79.8300,200
2009-03-18 18:23:00,79.8300,79.8400,79.8300,79.8400,700
2009-03-18 18:22:00,79.8500,79.8500,79.8300,79.8300,3719
2009-03-18 18:21:00,79.9000,79.9000,79.8500,79.8500,2150
2009-03-18 18:20:00,79.9000,79.9000,79.9000,79.9000,5000
2009-03-18 18:19:00,79.9100,79.9200,79.9100,79.9200,520
2009-03-18 18:16:00,79.8900,79.8900,79.8900,79.8900,299
2009-03-18 18:15:00,79.8800,79.8800,79.8800,79.8800,200
2009-03-18 18:13:00,79.8300,79.8700,79.8200,79.8400,3867
2009-03-18 18:12:00,79.8900,79.8900,79.8300,79.8300,3900
2009-03-18 18:09:00,79.9300,79.9300,79.9000,79.9000,20279
2009-03-18 18:06:00,79.9100,79.9100,79.9100,79.9100,800
2009-03-18 18:05:00,79.9200,79.9300,79.9200,79.9300,2750
2009-03-18 18:04:00,79.9200,79.9200,79.9200,79.9200,2903
2009-03-18 18:03:00,79.9300,79.9300,79.9300,79.9300,941
2009-03-18 18:02:00,79.9300,79.9600,79.9300,79.9600,2200
2009-03-18 18:01:00,79.9400,79.9400,79.9300,79.9300,20844
2009-03-18 18:00:00,79.9500,79.9500,79.9500,79.9500,241
2009-03-18 17:59:00,79.9800,79.9800,79.9800,79.9800,159
2009-03-18 17:58:00,79.9900,79.9900,79.9900,79.9900,300
2009-03-18 17:57:00,79.9500,79.9500,79.9500,79.9500,15500
2009-03-18 17:56:00,79.9500,79.9500,79.9500,79.9500,2100
2009-03-18 17:54:00,79.9600,79.9600,79.9500,79.9500,2400
2009-03-18 17:53:00,79.9900,79.9900,79.9900,79.9900,100
2009-03-18 17:52:00,79.9900,79.9900,79.9900,79.9900,100
2009-03-18 17:51:00,79.9900,79.9900,79.9200,79.9200,2200
2009-03-18 17:50:00,79.9500,79.9800,79.9300,79.9300,4300
2009-03-18 17:49:00,79.9900,79.9900,79.9500,79.9500,5000
2009-03-18 17:48:00,79.9900,79.9900,79.9900,79.9900,100
2009-03-18 17:47:00,79.9700,80.0000,79.9500,79.9700,2470
2009-03-18 17:46:00,79.9600,79.9600,79.9600,79.9600,1933
2009-03-18 17:45:00,79.9900,79.9900,79.9600,79.9600,2750
2009-03-18 17:43:00,79.9800,79.9800,79.9800,79.9800,5001762
2009-03-18 17:42:00,80.0200,80.0200,79.9900,79.9900,2200
2009-03-18 17:41:00,80.0300,80.0300,80.0200,80.0200,2400
2009-03-18 17:39:00,80.0100,80.0100,80.0100,80.0100,100
2009-03-18 17:38:00,80.0500,80.0500,80.0400,80.0500,1100
2009-03-18 17:34:00,80.0200,80.0200,79.9800,79.9800,25000
2009-03-18 17:31:00,80.0100,80.0100,80.0100,80.0100,200
2009-03-18 17:30:00,80.0100,80.0100,80.0000,80.0000,800
2009-03-18 17:28:00,80.0300,80.0300,80.0300,80.0300,100
2009-03-18 17:26:00,80.0000,80.0000,80.0000,80.0000,500
2009-03-18 17:25:00,79.9900,80.0000,79.9800,80.0000,5113
2009-03-18 17:24:00,80.0200,80.0200,80.0000,80.0000,749
2009-03-18 17:23:00,80.0000,80.0000,80.0000,80.0000,576
2009-03-18 17:22:00,80.0000,80.0000,80.0000,80.0000,200
2009-03-18 17:21:00,80.0000,80.0000,79.9700,79.9700,2810
2009-03-18 17:20:00,80.0100,80.0100,80.0000,80.0000,350
2009-03-18 17:19:00,80.0100,80.0100,80.0000,80.0000,300
2009-03-18 17:18:00,80.0100,80.0100,80.0100,80.0100,300
2009-03-18 17:17:00,80.0200,80.0200,80.0200,80.0200,1100
2009-03-18 17:16:00,80.0200,80.0200,80.0200,80.0200,400
2009-03-18 17:15:00,80.0400,80.0400,80.0300,80.0300,1540
2009-03-18 17:14:00,80.0400,80.0400,80.0400,80.0400,500
2009-03-18 17:13:00,80.0300,80.0300,80.0000,80.0000,10100
2009-03-18 17:12:00,80.0600,80.0900,80.0400,80.0400,7540
2009-03-18 17:11:00,80.1000,80.1000,80.0500,80.0900,24700
2009-03-18 17:10:00,80.0800,80.1000,80.0800,80.0900,26700
2009-03-18 17:09:00,80.0600,80.0700,80.0600,80.0700,1000
2009-03-18 17:08:00,80.0800,80.0800,80.0400,80.0400,200
2009-03-18 17:07:00,80.0700,80.0800,80.0500,80.0500,10400
2009-03-18 17:06:00,80.0500,80.0500,80.0500,80.0500,9974
2009-03-18 17:05:00,80.0600,80.0600,80.0600,80.0600,100
2009-03-18 17:04:00,80.0800,80.0800,80.0800,80.0800,2003800
2009-03-18 17:03:00,80.0700,80.0800,80.0700,80.0800,15000
2009-03-18 17:01:00,80.0500,80.0700,80.0500,80.0600,800
2009-03-18 17:00:00,80.0500,80.0800,80.0500,80.0800,3408
2009-03-18 16:59:00,80.0500,80.0500,80.0500,80.0500,1692
2009-03-18 16:58:00,80.0400,80.0600,80.0300,80.0600,102583
2009-03-18 16:57:00,80.0400,80.0400,80.0400,80.0400,2500
2009-03-18 16:56:00,80.0500,80.0500,80.0500,80.0500,1576
2009-03-18 16:55:00,80.0100,80.0400,80.0100,80.0300,16752
2009-03-18 16:54:00,80.0000,80.0000,80.0000,80.0000,2200
2009-03-18 16:53:00,80.0000,80.0000,79.9900,79.9900,2100
2009-03-18 16:50:00,80.0200,80.0200,80.0200,80.0200,200
2009-03-18 16:49:00,80.0100,80.0300,80.0100,80.0300,8225
2009-03-18 16:48:00,80.0000,80.0000,80.0000,80.0000,100
2009-03-18 16:47:00,79.9800,80.0300,79.9800,80.0300,12324
2009-03-18 16:46:00,79.9700,79.9800,79.9700,79.9800,5900
2009-03-18 16:45:00,79.9400,79.9800,79.9400,79.9700,8400
2009-03-18 16:44:00,79.9100,79.9400,79.9100,79.9300,1768
2009-03-18 16:43:00,79.9100,79.9100,79.9100,79.9100,1200
2009-03-18 16:41:00,79.9200,79.9200,79.9000,79.9000,600
2009-03-18 16:40:00,79.9000,79.9300,78.3230,79.9300,1997492
2009-03-18 16:39:00,79.9000,79.9100,79.9000,79.9000,3700
2009-03-18 16:38:00,79.9000,79.9100,79.8700,79.9100,30800
2009-03-18 16:37:00,79.9200,79.9200,79.8800,79.8800,40287
2009-03-18 16:36:00,79.9400,79.9600,79.9300,79.9300,4100
2009-03-18 16:35:00,79.9600,80.2128,79.9400,79.9400,88600
2009-03-18 16:34:00,79.9600,79.9800,79.9600,79.9800,109031
2009-03-18 16:33:00,79.9700,79.9800,79.9700,79.9800,28931
2009-03-18 16:32:00,80.0000,80.0000,79.9615,79.9700,72569
2009-03-18 16:31:00,80.0300,80.0300,79.9700,80.0100,27069
2009-03-18 16:30:00,79.9400,80.0300,79.9400,80.0200,117266
2009-03-18 16:29:00,79.9400,79.9500,79.9400,79.9400,10910
2009-03-18 16:28:00,79.9300,79.9300,79.9200,79.9200,700
2009-03-18 16:27:00,79.9400,79.9400,79.9400,79.9400,1000
2009-03-18 16:26:00,79.9400,79.9400,79.9300,79.9300,3675
2009-03-18 16:25:00,79.9400,79.9400,79.9400,79.9400,3000
2009-03-18 16:24:00,79.9100,79.9400,79.9100,79.9400,1660
2009-03-18 16:23:00,79.9000,79.9000,79.9000,79.9000,5932
2009-03-18 16:22:00,79.9500,79.9500,79.9000,79.9000,27090
2009-03-18 16:21:00,79.9400,79.9400,78.3230,78.3230,7030377
2009-03-18 16:20:00,79.9500,79.9500,79.9200,79.9300,28720
2009-03-18 16:19:00,80.0400,80.0400,79.9400,79.9400,13860
2009-03-18 16:18:00,79.9600,79.9600,79.9600,79.9600,1470
2009-03-18 16:17:00,79.9800,80.0000,79.9600,79.9600,51362
2009-03-18 16:16:00,80.0000,80.0000,79.8900,79.9800,63788
2009-03-18 16:15:00,80.0500,80.0600,80.0000,80.0000,1092020
2009-03-18 16:14:00,80.0500,80.0700,79.9000,80.0600,253503
2009-03-18 16:13:00,80.0400,80.0600,80.0400,80.0500,87867
2009-03-18 16:12:00,80.0500,80.0600,80.0300,80.0300,73631
2009-03-18 16:11:00,80.0500,80.1000,80.0500,80.0600,151736
2009-03-18 16:10:00,80.0700,80.0900,80.0500,80.0600,159485
2009-03-18 16:09:00,80.0200,80.0600,80.0200,80.0600,651846
2009-03-18 16:08:00,80.0000,80.0500,79.9600,80.0200,354108
2009-03-18 16:07:00,79.9800,80.0000,79.9400,80.0000,148179
2009-03-18 16:06:00,79.9400,79.9800,79.9400,79.9800,550700
2009-03-18 16:05:00,79.9500,79.9600,79.9300,79.9300,272536
2009-03-18 16:04:00,80.0300,80.0300,79.9000,79.9400,581067
2009-03-18 16:03:00,79.9900,80.0300,79.8000,80.0200,663521
2009-03-18 16:02:00,79.9300,80.0000,79.9300,79.9900,608277
2009-03-18 16:01:00,79.9700,80.0400,79.9400,79.9400,1383411
2009-03-18 16:00:00,79.8800,79.9700,79.7800,79.9700,3159422
2009-03-18 15:59:00,79.8500,79.9400,79.8000,79.8900,5409898
2009-03-18 15:58:00,79.7300,79.8500,79.7300,79.8400,2361989
2009-03-18 15:57:00,79.8100,79.8700,79.7100,79.7300,2533103
2009-03-18 15:56:00,79.8500,79.9400,79.7600,79.8100,2989152
2009-03-18 15:55:00,79.9400,80.0000,79.8000,79.8600,2604307
2009-03-18 15:54:00,79.8300,79.9400,79.8200,79.9300,1057917
2009-03-18 15:53:00,79.8800,79.8900,79.8000,79.8300,1012471
2009-03-18 15:52:00,79.8100,79.8900,79.7500,79.8800,1440700
2009-03-18 15:51:00,79.7910,79.8100,79.7200,79.8000,1363248
2009-03-18 15:50:00,79.6000,79.8000,79.6000,79.7900,1386587
2009-03-18 15:49:00,79.5700,79.7000,79.5600,79.6000,1438596
2009-03-18 15:48:00,79.5400,79.6800,79.5300,79.5800,1292455
2009-03-18 15:47:00,79.3400,79.5800,79.3000,79.5500,1586973
2009-03-18 15:46:00,79.3700,79.4206,79.2600,79.3400,1679836
2009-03-18 15:45:00,79.5700,79.6300,79.2800,79.3700,2203836
2009-03-18 15:44:00,79.3300,79.6200,79.3200,79.5700,1439120
2009-03-18 15:43:00,79.3700,79.3800,79.2600,79.3300,1695907
2009-03-18 15:42:00,79.4900,79.6000,79.2900,79.3700,1978817
2009-03-18 15:41:00,79.4700,79.5700,79.4400,79.4900,1196567
2009-03-18 15:40:00,79.2100,79.6000,79.2000,79.4600,2949149
2009-03-18 15:39:00,79.1500,79.2900,79.1100,79.2100,1516299
2009-03-18 15:38:00,79.1400,79.2800,79.0400,79.1590,1906299
2009-03-18 15:37:00,79.4200,79.4425,79.1300,79.1500,1135568
2009-03-18 15:36:00,79.4000,79.5025,79.3500,79.4200,901235
2009-03-18 15:35:00,79.3300,79.6100,79.3200,79.4100,1331376
2009-03-18 15:34:00,79.1900,79.4100,79.1400,79.3300,1148797
2009-03-18 15:33:00,79.3500,79.3700,79.1500,79.1900,3059263
2009-03-18 15:32:00,79.1900,79.3800,79.1100,79.3599,2422224
2009-03-18 15:31:00,79.3699,79.4700,79.1500,79.1800,2055552
2009-03-18 15:30:00,79.5100,79.6300,79.3500,79.3600,1294363
2009-03-18 15:29:00,79.4300,79.5700,79.4125,79.5000,1656131
2009-03-18 15:28:00,79.4900,79.5000,79.2900,79.4400,1865808
2009-03-18 15:27:00,79.3900,79.5100,79.3900,79.4800,1078156
2009-03-18 15:26:00,79.4000,79.5725,79.3000,79.4000,2754181
2009-03-18 15:25:00,79.2200,79.4300,79.2100,79.4000,2738956
2009-03-18 15:24:00,79.1100,79.2700,78.9000,79.2150,5541426
2009-03-18 15:23:00,79.6000,79.6000,79.1000,79.1100,3157090
2009-03-18 15:22:00,79.5200,79.6500,79.4100,79.6000,2472652
2009-03-18 15:21:00,79.6900,79.7700,79.4900,79.5000,2701311
2009-03-18 15:20:00,79.8200,79.8200,79.5400,79.6800,2987099
2009-03-18 15:19:00,80.0800,80.0825,79.7100,79.8100,2766508
2009-03-18 15:18:00,80.2900,80.2900,80.0500,80.0800,2064284
2009-03-18 15:17:00,80.3300,80.3800,80.2200,80.2600,713449
2009-03-18 15:16:00,80.3400,80.4600,80.3100,80.3300,1465150
2009-03-18 15:15:00,80.2600,80.3500,80.2400,80.3300,685749
2009-03-18 15:14:00,80.2900,80.3200,80.1700,80.2602,1157431
2009-03-18 15:13:00,80.4900,80.5000,80.2500,80.2807,1349985
2009-03-18 15:12:00,80.4900,80.5400,80.4200,80.4800,965695
2009-03-18 15:11:00,80.4000,80.5400,80.3800,80.4900,1886343
2009-03-18 15:10:00,80.3800,80.4200,80.3000,80.4000,1450751
2009-03-18 15:09:00,80.3800,80.3900,80.2600,80.3800,923380
2009-03-18 15:08:00,80.4000,80.4400,80.2400,80.3900,1474755
2009-03-18 15:07:00,80.2100,80.4200,80.2000,80.3900,1854958
2009-03-18 15:06:00,80.1600,80.2300,80.0600,80.2100,2092322
2009-03-18 15:05:00,80.2600,80.2900,80.0600,80.1550,2082561
2009-03-18 15:04:00,80.2800,80.3000,80.1500,80.2500,1798574
2009-03-18 15:03:00,80.4000,80.4000,80.2300,80.2800,2400144
2009-03-18 15:02:00,80.4800,80.5200,80.3900,80.4000,1201442
2009-03-18 15:01:00,80.4800,80.5200,80.3900,80.4800,1053577
2009-03-18 15:00:00,80.6000,80.6300,80.4000,80.5000,1831617
2009-03-18 14:59:00,80.6700,80.6800,80.6000,80.6000,1316583
2009-03-18 14:58:00,80.6413,80.7000,80.5500,80.6600,1140325
2009-03-18 14:57:00,80.7534,80.7534,80.6000,80.6400,959266
2009-03-18 14:56:00,80.8900,80.8900,80.6900,80.7600,2362707
2009-03-18 14:55:00,80.6100,80.9000,80.5700,80.8800,1690191
2009-03-18 14:54:00,80.5900,80.7500,80.5500,80.6100,1024051
2009-03-18 14:53:00,80.6400,80.7700,80.5200,80.5900,3608942
2009-03-18 14:52:00,80.3800,80.6500,80.3400,80.6500,2650747
2009-03-18 14:51:00,80.4700,80.5400,80.2000,80.3800,2360168
2009-03-18 14:50:00,80.5800,80.6800,80.4200,80.4600,3373162
2009-03-18 14:49:00,80.3000,80.5900,80.2400,80.5800,3467688
2009-03-18 14:48:00,80.1300,80.3100,80.1000,80.3000,1738895
2009-03-18 14:47:00,80.0700,80.2100,80.0100,80.1400,1518904
2009-03-18 14:46:00,80.0000,80.1200,79.8800,80.0690,1652460
2009-03-18 14:45:00,80.2700,80.2900,79.9600,80.0000,1825881
2009-03-18 14:44:00,80.2100,80.2700,80.1000,80.2600,1365005
2009-03-18 14:43:00,80.0900,80.3100,80.0200,80.2100,2289268
2009-03-18 14:42:00,79.7900,80.1700,79.7700,80.0500,2141451
2009-03-18 14:41:00,79.6600,79.8700,79.5800,79.7800,996521
2009-03-18 14:40:00,79.7600,79.8300,79.6200,79.6600,1182806
2009-03-18 14:39:00,79.5700,79.8700,79.5400,79.7600,1292122
2009-03-18 14:38:00,79.5800,79.7000,79.5500,79.5800,1686202
2009-03-18 14:37:00,79.6300,79.7194,79.5400,79.5800,1366734
2009-03-18 14:36:00,79.5500,79.6900,79.5500,79.6300,1430430
2009-03-18 14:35:00,79.4100,79.6300,79.3800,79.5500,1589602
2009-03-18 14:34:00,79.8001,79.8400,79.3600,79.4000,2790097
2009-03-18 14:33:00,79.8200,79.8700,79.7200,79.8100,1357961
2009-03-18 14:32:00,79.7200,80.0300,79.6900,79.8200,2157331
2009-03-18 14:31:00,79.9700,80.0400,79.7200,79.7200,2152097
2009-03-18 14:30:00,79.7300,80.0500,79.7300,79.9700,2422036
2009-03-18 14:29:00,79.8400,79.8500,79.6200,79.7300,1933715
2009-03-18 14:28:00,79.7800,79.9800,79.7200,79.8300,2731216
2009-03-18 14:27:00,80.0600,80.0800,79.7700,79.7800,2124503
2009-03-18 14:26:00,80.0800,80.2400,79.9700,80.0600,3473370
2009-03-18 14:25:00,80.2600,80.3900,80.0500,80.1000,5480434
2009-03-18 14:24:00,80.0800,80.4000,79.6500,80.2700,5479438
2009-03-18 14:23:00,79.7300,80.1500,79.7100,80.0700,6646485
2009-03-18 14:22:00,79.2100,79.7300,79.1900,79.7200,4030130
2009-03-18 14:21:00,79.1000,79.2500,79.0100,79.2100,2241162
2009-03-18 14:20:00,79.0400,79.2000,79.0100,79.1000,4331221
2009-03-18 14:19:00,79.2400,79.2600,78.9600,79.0400,5375560
2009-03-18 14:18:00,79.3400,79.5300,78.9900,79.2300,7881229
2009-03-18 14:17:00,78.2700,79.5300,78.2700,79.3300,9186439
2009-03-18 14:16:00,78.3400,78.3500,78.2300,78.2700,413594
2009-03-18 14:15:00,78.3300,78.3500,78.3200,78.3310,66497
2009-03-18 14:14:00,78.3400,78.3600,78.3100,78.3300,125227
2009-03-18 14:13:00,78.3600,78.4000,78.3200,78.3400,185574
2009-03-18 14:12:00,78.3600,78.3700,78.3400,78.3699,155619
2009-03-18 14:11:00,78.3100,78.3700,78.3090,78.3600,187025
2009-03-18 14:10:00,78.2600,78.4700,78.2400,78.3200,1419638
2009-03-18 14:09:00,78.2700,78.3500,78.2700,78.2800,398741
2009-03-18 14:08:00,78.2400,78.2900,78.2300,78.2700,163186
2009-03-18 14:07:00,78.2700,78.2800,78.2100,78.2406,412063
2009-03-18 14:06:00,78.2900,78.3700,78.2700,78.2825,945522
2009-03-18 14:05:00,78.2700,78.3200,78.2600,78.2900,396635
2009-03-18 14:04:00,78.2500,78.2800,78.2200,78.2800,467120
2009-03-18 14:03:00,78.2200,78.2800,78.2100,78.2400,551913
2009-03-18 14:02:00,78.3100,78.3200,78.2000,78.2100,1060010
2009-03-18 14:01:00,78.3300,78.3800,78.3100,78.3105,554538
2009-03-18 14:00:00,78.3600,78.3900,78.3100,78.3300,1381659
2009-03-18 13:59:00,78.3600,78.4050,78.3300,78.3700,520567
2009-03-18 13:58:00,78.3700,78.4600,78.3400,78.3600,390010
2009-03-18 13:57:00,78.3700,78.3900,78.3300,78.3700,204908
2009-03-18 13:56:00,78.4100,78.4300,78.3601,78.3700,731056
2009-03-18 13:55:00,78.4800,78.4900,78.3500,78.4100,741603
2009-03-18 13:54:00,78.5300,78.5500,78.4800,78.4900,214289
2009-03-18 13:53:00,78.5801,78.5900,78.4900,78.5300,426128
2009-03-18 13:52:00,78.5691,78.6400,78.5400,78.5800,414914
2009-03-18 13:51:00,78.5600,78.5800,78.5300,78.5600,297501
2009-03-18 13:50:00,78.4700,78.5700,78.4600,78.5500,585512
2009-03-18 13:49:00,78.4594,78.4700,78.4500,78.4625,144435
2009-03-18 13:48:00,78.4800,78.4900,78.4300,78.4500,358305
2009-03-18 13:47:00,78.5100,78.5200,78.4600,78.4750,649820
2009-03-18 13:46:00,78.6100,78.6400,78.5100,78.5200,819413
2009-03-18 13:45:00,78.5600,78.6100,78.5100,78.6100,576383
2009-03-18 13:44:00,78.4600,78.5800,78.4400,78.5500,499164
2009-03-18 13:43:00,78.4700,78.4900,78.4400,78.4700,689749
2009-03-18 13:42:00,78.4600,78.5300,78.4300,78.4700,1567247
2009-03-18 13:41:00,78.2900,78.4800,78.2900,78.4600,1184864
2009-03-18 13:40:00,78.2600,78.2800,78.2500,78.2800,103497
2009-03-18 13:39:00,78.2500,78.2600,78.2000,78.2510,396046
2009-03-18 13:38:00,78.2800,78.3200,78.2200,78.2500,745725
2009-03-18 13:37:00,78.2525,78.2900,78.2400,78.2800,83744
2009-03-18 13:36:00,78.2700,78.2725,78.2300,78.2500,201848
2009-03-18 13:35:00,78.2300,78.2800,78.2200,78.2700,315506
2009-03-18 13:34:00,78.2500,78.2600,78.2000,78.2400,272922
2009-03-18 13:33:00,78.2400,78.2700,78.2400,78.2500,293619
2009-03-18 13:32:00,78.2200,78.2500,78.2100,78.2500,188098
2009-03-18 13:31:00,78.2500,78.3100,78.2000,78.2200,662221
2009-03-18 13:30:00,78.2300,78.2500,78.2000,78.2450,140911
2009-03-18 13:29:00,78.2100,78.2500,78.2000,78.2300,305592
2009-03-18 13:28:00,78.2900,78.2900,78.2000,78.2100,467698
2009-03-18 13:27:00,78.2700,78.3100,78.2300,78.2900,902200
2009-03-18 13:26:00,78.2000,78.2900,78.2000,78.2700,417841
2009-03-18 13:25:00,78.2100,78.2500,78.1900,78.2100,352065
2009-03-18 13:24:00,78.2301,78.2700,78.2000,78.2000,520323
2009-03-18 13:23:00,78.2300,78.2600,78.2100,78.2394,388988
2009-03-18 13:22:00,78.1200,78.2400,78.1100,78.2300,427128
2009-03-18 13:21:00,78.0900,78.1500,78.0900,78.1200,280261
2009-03-18 13:20:00,78.0690,78.1100,78.0400,78.0900,387077
2009-03-18 13:19:00,78.0400,78.0800,78.0300,78.0600,428012
2009-03-18 13:18:00,78.1600,78.1900,77.9900,78.0500,1159115
2009-03-18 13:17:00,78.1600,78.2000,78.1000,78.1600,348812
2009-03-18 13:16:00,78.1900,78.2100,78.1200,78.1600,693914
2009-03-18 13:15:00,78.2100,78.2300,78.1600,78.1900,158502
2009-03-18 13:14:00,78.2400,78.2500,78.1800,78.2200,549186
2009-03-18 13:13:00,78.1600,78.2500,78.1500,78.2400,956792
2009-03-18 13:12:00,78.1500,78.1700,78.1200,78.1700,423508
2009-03-18 13:11:00,78.1900,78.1900,78.1200,78.1500,720444
2009-03-18 13:10:00,78.2300,78.2400,78.1700,78.1800,518121
2009-03-18 13:09:00,78.2900,78.3000,78.1900,78.2300,363128
2009-03-18 13:08:00,78.2400,78.3000,78.2200,78.2900,638145
2009-03-18 13:07:00,78.2900,78.3000,78.1900,78.2300,550437
2009-03-18 13:06:00,78.2100,78.3000,78.2100,78.3000,407314
2009-03-18 13:05:00,78.1800,78.2300,78.1600,78.2200,578960
2009-03-18 13:04:00,78.2600,78.2900,78.1600,78.1800,458992
2009-03-18 13:03:00,78.2300,78.3100,78.1700,78.2600,906769
2009-03-18 13:02:00,78.2700,78.2900,78.2300,78.2300,397646
2009-03-18 13:01:00,78.2400,78.2900,78.2200,78.2600,560183
2009-03-18 13:00:00,78.2800,78.3100,78.2200,78.2400,1019258
2009-03-18 12:59:00,78.2800,78.3500,78.2700,78.2800,1807129
2009-03-18 12:58:00,78.2500,78.3500,78.2500,78.2800,1308165
2009-03-18 12:57:00,78.0200,78.3300,77.9700,78.2500,3517313
2009-03-18 12:56:00,78.0000,78.0700,77.9400,78.0200,524897
2009-03-18 12:55:00,77.9600,78.0300,77.9200,77.9900,736335
2009-03-18 12:54:00,77.8800,77.9600,77.8800,77.9500,545975
2009-03-18 12:53:00,77.9500,77.9500,77.8600,77.8700,347466
2009-03-18 12:52:00,77.8600,77.9600,77.8200,77.9500,625046
2009-03-18 12:51:00,77.8300,77.8800,77.8200,77.8500,387245
2009-03-18 12:50:00,77.9800,77.9800,77.8200,77.8300,560205
2009-03-18 12:49:00,78.0000,78.0900,77.9600,77.9800,552979
2009-03-18 12:48:00,78.0201,78.0600,77.9900,78.0000,198791
2009-03-18 12:47:00,78.0400,78.0900,78.0200,78.0200,216756
2009-03-18 12:46:00,78.0200,78.0499,77.9600,78.0400,446928
2009-03-18 12:45:00,78.0300,78.0700,77.9300,78.0100,997456
2009-03-18 12:44:00,77.9699,78.0800,77.9600,78.0300,791256
2009-03-18 12:43:00,77.9400,77.9700,77.9000,77.9600,239858
2009-03-18 12:42:00,77.9300,77.9400,77.9000,77.9400,213758
2009-03-18 12:41:00,77.8700,77.9700,77.8600,77.9300,576658
2009-03-18 12:40:00,77.8600,77.8900,77.8300,77.8700,288246
2009-03-18 12:39:00,77.9000,77.9000,77.8300,77.8600,439964
2009-03-18 12:38:00,77.8706,77.9200,77.8701,77.9125,443202
2009-03-18 12:37:00,77.8600,77.9000,77.8600,77.8700,686094
2009-03-18 12:36:00,77.9400,77.9500,77.8500,77.8700,998679
2009-03-18 12:35:00,77.9600,78.0100,77.9200,77.9300,347759
2009-03-18 12:34:00,77.9900,77.9900,77.9300,77.9600,245274
2009-03-18 12:33:00,77.9500,77.9900,77.9400,77.9900,238348
2009-03-18 12:32:00,77.9300,77.9500,77.9100,77.9400,553385
2009-03-18 12:31:00,78.0605,78.0900,77.9200,77.9400,713760
2009-03-18 12:30:00,78.0700,78.1100,78.0500,78.0700,611636
2009-03-18 12:29:00,78.0600,78.1000,78.0500,78.0800,302070
2009-03-18 12:28:00,78.0900,78.1000,78.0500,78.0600,340093
2009-03-18 12:27:00,78.0800,78.0900,78.0200,78.0900,689021
2009-03-18 12:26:00,78.1000,78.1199,78.0700,78.0700,622841
2009-03-18 12:25:00,78.1301,78.1400,78.1000,78.1100,234942
2009-03-18 12:24:00,78.1600,78.1700,78.1000,78.1400,352708
2009-03-18 12:23:00,78.1500,78.1700,78.1200,78.1600,310184
2009-03-18 12:22:00,78.1600,78.3230,78.1500,78.1500,3208687
2009-03-18 12:21:00,78.2400,78.2500,78.1500,78.1600,631217
2009-03-18 12:20:00,78.2400,78.2800,78.1900,78.2400,849344
2009-03-18 12:19:00,78.2200,78.2800,78.2000,78.2400,1250979
2009-03-18 12:18:00,78.1900,78.2200,78.1500,78.2200,833228
2009-03-18 12:17:00,78.1500,78.2300,78.1300,78.1900,1182234
2009-03-18 12:16:00,78.0200,78.1500,78.0200,78.1400,990114
2009-03-18 12:15:00,77.9900,78.0500,77.9900,78.0300,160934
2009-03-18 12:14:00,78.0100,78.0300,77.9600,77.9900,369680
2009-03-18 12:13:00,78.0000,78.0400,78.0000,78.0100,172465
2009-03-18 12:12:00,78.0300,78.0300,77.9900,78.0100,175123
2009-03-18 12:11:00,78.0600,78.0825,77.9900,78.0200,462154
2009-03-18 12:10:00,78.0900,78.1200,78.0200,78.0500,522152
2009-03-18 12:09:00,78.0300,78.1000,78.0300,78.0900,402376
2009-03-18 12:08:00,78.0000,78.0800,77.9800,78.0300,700014
2009-03-18 12:07:00,78.0200,78.0500,78.0000,78.0200,430717
2009-03-18 12:06:00,78.0400,78.0800,77.9700,78.0200,954912
2009-03-18 12:05:00,78.0400,78.0800,78.0100,78.0400,755018
2009-03-18 12:04:00,78.0300,78.0500,77.9900,78.0400,372630
2009-03-18 12:03:00,78.0300,78.0700,78.0200,78.0300,563757
2009-03-18 12:02:00,77.9600,78.1200,77.9500,78.0300,2170259
2009-03-18 12:01:00,77.9300,77.9900,77.9200,77.9600,786211
2009-03-18 12:00:00,77.8300,77.9600,77.8100,77.9300,1444934
2009-03-18 11:59:00,77.7800,77.8300,77.7500,77.8300,397150
2009-03-18 11:58:00,77.7700,77.8100,77.7500,77.7800,353285
2009-03-18 11:57:00,77.7800,77.8000,77.7600,77.7601,283932
2009-03-18 11:56:00,77.7600,77.8200,77.7550,77.7700,489250
2009-03-18 11:55:00,77.7500,77.7600,77.7100,77.7600,410914
2009-03-18 11:54:00,77.7400,77.7900,77.6900,77.7500,782776
2009-03-18 11:53:00,77.6599,77.7400,77.6300,77.7400,966230
2009-03-18 11:52:00,77.5000,77.6700,77.5000,77.6501,561564
2009-03-18 11:51:00,77.4906,77.5600,77.4900,77.5100,195212
2009-03-18 11:50:00,77.5100,77.5600,77.4800,77.4920,349699
2009-03-18 11:49:00,77.6100,77.6500,77.4900,77.5100,559332
2009-03-18 11:48:00,77.6000,77.6200,77.5600,77.6000,257891
2009-03-18 11:47:00,77.6500,77.6500,77.6100,77.6100,235336
2009-03-18 11:46:00,77.6300,77.6900,77.6100,77.6500,357599
2009-03-18 11:45:00,77.6001,77.6600,77.6000,77.6200,608498
2009-03-18 11:44:00,77.4500,77.6100,77.4300,77.6094,532348
2009-03-18 11:43:00,77.4001,77.4600,77.4000,77.4500,352617
2009-03-18 11:42:00,77.4300,77.4600,77.4000,77.4000,231080
2009-03-18 11:41:00,77.4100,77.4600,77.4000,77.4399,231595
2009-03-18 11:40:00,77.4100,77.4400,77.3800,77.4100,192320
2009-03-18 11:39:00,77.4100,77.4200,77.3600,77.4100,252518
2009-03-18 11:38:00,77.4200,77.4425,77.3900,77.4100,781380
2009-03-18 11:37:00,77.4800,77.5000,77.4100,77.4200,483383
2009-03-18 11:36:00,77.5500,77.5500,77.4300,77.4900,657516
2009-03-18 11:35:00,77.6100,77.6600,77.5400,77.5400,334581
2009-03-18 11:34:00,77.6500,77.6625,77.5900,77.6425,585659
2009-03-18 11:33:00,77.6600,77.7200,77.6400,77.6600,480442
2009-03-18 11:32:00,77.6000,77.6700,77.5900,77.6695,324996
2009-03-18 11:31:00,77.5600,77.6400,77.5600,77.6099,595494
2009-03-18 11:30:00,77.5200,77.5600,77.5020,77.5525,201354
2009-03-18 11:29:00,77.5200,77.5600,77.4900,77.5100,348864
2009-03-18 11:28:00,77.5100,77.5300,77.4200,77.5300,605219
2009-03-18 11:27:00,77.5200,77.5500,77.4800,77.5200,679914
2009-03-18 11:26:00,77.4700,77.5500,77.4700,77.5300,360624
2009-03-18 11:25:00,77.4800,77.5050,77.4200,77.4700,446018
2009-03-18 11:24:00,77.5300,77.5599,77.4200,77.4800,518918
2009-03-18 11:23:00,77.6400,77.7000,77.5300,77.5400,1053864
2009-03-18 11:22:00,77.5750,77.6400,77.5700,77.6400,238801
2009-03-18 11:21:00,77.6300,77.6400,77.5600,77.5800,300825
2009-03-18 11:20:00,77.5500,77.6200,77.5400,77.6200,670859
2009-03-18 11:19:00,77.5800,77.6100,77.5500,77.5600,456327
2009-03-18 11:18:00,77.6100,77.6390,77.5700,77.5799,450677
2009-03-18 11:17:00,77.6700,77.6900,77.6100,77.6100,313477
2009-03-18 11:16:00,77.6700,77.6800,77.6400,77.6700,331343
2009-03-18 11:15:00,77.6900,77.7300,77.6700,77.6800,199984
2009-03-18 11:14:00,77.7000,77.7300,77.6500,77.6800,392146
2009-03-18 11:13:00,77.7300,77.7600,77.6700,77.7100,424019
2009-03-18 11:12:00,77.7700,77.7700,77.7200,77.7300,222279
2009-03-18 11:11:00,77.7500,77.7800,77.7300,77.7699,379343
2009-03-18 11:10:00,77.7100,77.7800,77.6700,77.7600,506434
2009-03-18 11:09:00,77.7600,77.7700,77.6900,77.7200,679180
2009-03-18 11:08:00,77.7200,77.7700,77.7200,77.7700,319659
2009-03-18 11:07:00,77.7900,77.7900,77.7100,77.7200,692740
2009-03-18 11:06:00,77.8000,77.8400,77.7700,77.7900,805463
2009-03-18 11:05:00,77.7600,77.8800,77.7300,77.8000,1006298
2009-03-18 11:04:00,77.7000,77.7700,77.6700,77.7699,785531
2009-03-18 11:03:00,77.6700,77.7400,77.6700,77.7100,456258
2009-03-18 11:02:00,77.7100,77.7325,77.6600,77.6600,697140
2009-03-18 11:01:00,77.7101,77.7400,77.6700,77.7200,529480
2009-03-18 11:00:00,77.7400,77.8100,77.7100,77.7100,610899
2009-03-18 10:59:00,77.6800,77.7500,77.6700,77.7401,1201286
2009-03-18 10:58:00,77.5700,77.7000,77.5600,77.6700,4130042
2009-03-18 10:57:00,77.6100,77.6400,77.5700,77.5800,1336712
2009-03-18 10:56:00,77.4600,77.6000,77.4500,77.6000,1153734
2009-03-18 10:55:00,77.4100,77.4600,77.4000,77.4600,291099
2009-03-18 10:54:00,77.3501,77.4500,77.3478,77.4100,732815
2009-03-18 10:53:00,77.3500,77.3698,77.3300,77.3520,187497
2009-03-18 10:52:00,77.3600,77.3825,77.3200,77.3400,267045
2009-03-18 10:51:00,77.4000,77.4200,77.3300,77.3600,743687
2009-03-18 10:50:00,77.4300,77.4400,77.3800,77.4000,355660
2009-03-18 10:49:00,77.4100,77.4300,77.3700,77.4300,543529
2009-03-18 10:48:00,77.4100,77.4400,77.3600,77.4000,597455
2009-03-18 10:47:00,77.3300,77.4500,77.2500,77.4100,1966607
2009-03-18 10:46:00,77.2700,77.3400,77.2500,77.3300,489801
2009-03-18 10:45:00,77.2700,77.3300,77.2100,77.2700,768679
2009-03-18 10:44:00,77.2200,77.2700,77.2000,77.2700,659105
2009-03-18 10:43:00,77.1700,77.2200,77.1400,77.2100,442914
2009-03-18 10:42:00,77.1400,77.2100,77.1400,77.1800,257014
2009-03-18 10:41:00,77.2100,77.2199,77.1000,77.1400,545089
2009-03-18 10:40:00,77.1796,77.2300,77.1500,77.2100,489894
2009-03-18 10:39:00,77.1300,77.2300,77.1000,77.1800,986238
2009-03-18 10:38:00,77.1400,77.1500,77.1000,77.1300,427176
2009-03-18 10:37:00,77.1600,77.1600,77.1100,77.1494,501317
2009-03-18 10:36:00,77.1200,77.1600,77.0900,77.1600,1180810
2009-03-18 10:35:00,77.1700,77.1800,77.0700,77.1200,1338980
2009-03-18 10:34:00,77.2200,77.2400,77.1600,77.1800,765316
2009-03-18 10:33:00,77.2200,77.2600,77.1700,77.2200,1672979
2009-03-18 10:32:00,77.3000,77.3100,77.1800,77.2200,1287663
2009-03-18 10:31:00,77.4083,77.4300,77.2700,77.3100,1110464
2009-03-18 10:30:00,77.3700,77.4309,77.3300,77.4100,492922
2009-03-18 10:29:00,77.4300,77.4600,77.3700,77.3799,308714
2009-03-18 10:28:00,77.4500,77.4800,77.4000,77.4300,810984
2009-03-18 10:27:00,77.3700,77.4500,77.3700,77.4500,398570
2009-03-18 10:26:00,77.3600,77.3800,77.2800,77.3700,451508
2009-03-18 10:25:00,77.3600,77.4000,77.3400,77.3600,510910
2009-03-18 10:24:00,77.4000,77.4100,77.3300,77.3500,232451
2009-03-18 10:23:00,77.3200,77.4100,77.3200,77.4100,490584
2009-03-18 10:22:00,77.3300,77.3500,77.3000,77.3300,290874
2009-03-18 10:21:00,77.3800,77.4000,77.2700,77.3201,754733
2009-03-18 10:20:00,77.4400,77.4400,77.3400,77.3800,607564
2009-03-18 10:19:00,77.5000,77.5025,77.3900,77.4400,1394934
2009-03-18 10:18:00,77.4500,77.5200,77.4400,77.5000,512134
2009-03-18 10:17:00,77.5000,77.5200,77.4000,77.4500,1042458
2009-03-18 10:16:00,77.4200,77.5000,77.3801,77.5000,992733
2009-03-18 10:15:00,77.5000,77.5000,77.3800,77.4200,632677
2009-03-18 10:14:00,77.5300,77.5400,77.4500,77.5000,1014714
2009-03-18 10:13:00,77.4299,77.5400,77.4000,77.5201,1268192
2009-03-18 10:12:00,77.4000,77.4300,77.3900,77.4200,2064072
2009-03-18 10:11:00,77.4600,77.4800,77.3300,77.4000,1201685
2009-03-18 10:10:00,77.4600,77.5100,77.4500,77.4700,650853
2009-03-18 10:09:00,77.5699,77.5700,77.4300,77.4500,980116
2009-03-18 10:08:00,77.5500,77.6200,77.5000,77.5700,733309
2009-03-18 10:07:00,77.6700,77.6700,77.5300,77.5400,1570311
2009-03-18 10:06:00,77.7100,77.8300,77.6600,77.6600,1452208
2009-03-18 10:05:00,77.7500,77.7800,77.6600,77.7200,922052
2009-03-18 10:04:00,77.7000,77.7800,77.6300,77.7600,1336552
2009-03-18 10:03:00,77.6600,77.7600,77.6500,77.7000,479846
2009-03-18 10:02:00,77.7500,77.7800,77.6000,77.6600,919013
2009-03-18 10:01:00,77.6800,77.7500,77.6200,77.7500,936868
2009-03-18 10:00:00,77.7100,77.7400,77.5800,77.6700,587099
2009-03-18 09:59:00,77.6000,77.7500,77.5900,77.7100,1140613
2009-03-18 09:58:00,77.5500,77.6600,77.5400,77.6100,684310
2009-03-18 09:57:00,77.5100,77.5800,77.5100,77.5500,569074
2009-03-18 09:56:00,77.5500,77.6000,77.5000,77.5100,571097
2009-03-18 09:55:00,77.4500,77.5800,77.4406,77.5600,1084786
2009-03-18 09:54:00,77.5600,77.5700,77.4500,77.4500,937781
2009-03-18 09:53:00,77.6700,77.7100,77.5400,77.5600,1361789
2009-03-18 09:52:00,77.6400,77.6600,77.5600,77.6600,622430
2009-03-18 09:51:00,77.6800,77.7500,77.6400,77.6400,636235
2009-03-18 09:50:00,77.6600,77.6900,77.6000,77.6700,940007
2009-03-18 09:49:00,77.7300,77.7500,77.6300,77.6600,633637
2009-03-18 09:48:00,77.8600,77.8700,77.7200,77.7300,672444
2009-03-18 09:47:00,77.9200,77.9300,77.8500,77.8600,682550
2009-03-18 09:46:00,77.9400,77.9500,77.8900,77.9200,875696
2009-03-18 09:45:00,77.8500,77.9500,77.8400,77.9500,2619151
2009-03-18 09:44:00,77.8800,77.8800,77.7700,77.8474,1135793
2009-03-18 09:43:00,77.7700,77.9200,77.7600,77.8800,1774737
2009-03-18 09:42:00,77.6400,77.7800,77.6300,77.7800,1022973
2009-03-18 09:41:00,77.5900,77.6500,77.5200,77.6300,1533198
2009-03-18 09:40:00,77.7600,77.7605,77.5600,77.5800,1291558
2009-03-18 09:39:00,77.7700,77.8100,77.7300,77.7600,1085275
2009-03-18 09:38:00,77.6801,77.8000,77.6700,77.7700,1078932
2009-03-18 09:37:00,77.5500,77.7500,77.5200,77.6800,1094783
2009-03-18 09:36:00,77.6700,77.6700,77.5500,77.5500,782479
2009-03-18 09:35:00,77.6900,77.7001,77.6300,77.6600,800840
2009-03-18 09:34:00,77.6800,77.7100,77.5900,77.6800,1015883
2009-03-18 09:33:00,77.6400,77.7500,77.6400,77.6800,1290501
2009-03-18 09:32:00,77.6100,77.6600,77.5700,77.6300,711577
2009-03-18 09:31:00,77.6500,77.6987,77.6000,77.6100,426275
2009-03-18 09:30:00,77.8000,77.8200,77.6300,77.6400,1359334
2009-03-18 09:29:00,77.7700,77.8500,77.7700,77.8000,191357
2009-03-18 09:28:00,77.7500,77.7800,77.7200,77.7600,67301
2009-03-18 09:27:00,77.7500,77.8100,77.7500,77.7500,68263
2009-03-18 09:26:00,77.7200,77.7600,77.7100,77.7500,38922
2009-03-18 09:25:00,77.6800,77.7300,77.6800,77.7300,58837
2009-03-18 09:24:00,77.7200,77.7400,77.6800,77.6800,65049
2009-03-18 09:23:00,77.6800,77.7300,77.6800,77.7200,25959
2009-03-18 09:22:00,77.6700,77.6700,77.6700,77.6700,4366
2009-03-18 09:21:00,77.6800,77.7000,77.6500,77.6700,9232
2009-03-18 09:20:00,77.6500,77.7100,77.6500,77.6800,31465
2009-03-18 09:19:00,77.6400,77.6700,77.6400,77.6400,21603
2009-03-18 09:18:00,77.7000,77.7000,77.6300,77.6500,151950
2009-03-18 09:17:00,77.7200,77.7200,77.7000,77.7000,13134
2009-03-18 09:16:00,77.7200,77.7500,77.7000,77.7100,54919
2009-03-18 09:15:00,77.6400,77.7100,77.6400,77.7100,10891
2009-03-18 09:14:00,77.6200,77.6600,77.6200,77.6400,6651
2009-03-18 09:13:00,77.6100,77.6300,77.6100,77.6200,12484
2009-03-18 09:12:00,77.6500,77.6600,77.5900,77.6200,10600
2009-03-18 09:11:00,77.6500,77.7100,77.6500,77.6700,6795
2009-03-18 09:10:00,77.6100,77.6300,77.5800,77.6300,15294
2009-03-18 09:09:00,77.6100,77.9500,77.6000,77.6000,135266
2009-03-18 09:08:00,77.6500,77.6800,77.6100,77.6200,11139
2009-03-18 09:07:00,77.6400,77.6700,77.5900,77.6500,1041845
2009-03-18 09:06:00,77.6500,78.0000,77.5600,77.6400,140868
2009-03-18 09:05:00,77.7000,77.7100,77.6500,77.6600,45613
2009-03-18 09:04:00,77.7300,77.7300,77.7000,77.7100,6256
2009-03-18 09:03:00,77.7200,77.7300,77.6500,77.7200,74852
2009-03-18 09:02:00,77.7800,77.7900,77.7100,77.7200,41587
2009-03-18 09:01:00,77.7900,77.7900,77.7500,77.7900,29874
2009-03-18 09:00:00,77.8600,77.8600,77.7900,77.7900,27364
2009-03-18 08:59:00,77.8500,77.8600,77.8400,77.8500,10709
2009-03-18 08:58:00,77.8300,77.8900,77.8300,77.8500,25657
2009-03-18 08:57:00,77.8400,77.8700,77.8300,77.8400,65520
2009-03-18 08:56:00,77.8500,77.8600,77.8500,77.8500,3247
2009-03-18 08:55:00,77.8600,77.8800,77.8200,77.8800,31600
2009-03-18 08:54:00,77.8600,77.8700,77.8100,77.8100,35697
2009-03-18 08:53:00,77.8000,77.8900,77.8000,77.8600,13413
2009-03-18 08:52:00,77.8900,77.8900,77.7900,77.8000,65903
2009-03-18 08:51:00,77.8600,77.9300,77.8500,77.9100,19017
2009-03-18 08:50:00,77.8600,77.8800,77.8500,77.8800,31499
2009-03-18 08:49:00,77.8500,77.8900,77.8300,77.8800,3936
2009-03-18 08:48:00,77.9100,77.9200,77.8300,77.8400,12144
2009-03-18 08:47:00,77.8400,77.9300,77.8300,77.9100,32232
2009-03-18 08:46:00,77.8400,77.8900,77.8300,77.8500,7050
2009-03-18 08:45:00,77.8200,77.8400,77.7800,77.8400,14855
2009-03-18 08:44:00,77.7600,77.8200,77.7600,77.7600,6879
2009-03-18 08:43:00,77.8300,77.8300,77.7800,77.7800,8963
2009-03-18 08:42:00,77.8200,77.8400,77.8000,77.8100,11417
2009-03-18 08:41:00,77.7400,77.8500,77.7300,77.8200,34768
2009-03-18 08:40:00,77.8200,77.8200,77.7300,77.7300,22173
2009-03-18 08:39:00,77.8300,77.8300,77.8100,77.8300,41515
2009-03-18 08:38:00,77.8900,77.8900,77.8400,77.8400,2434
2009-03-18 08:37:00,77.8400,77.9200,77.8400,77.8900,93091
2009-03-18 08:36:00,77.8600,77.8700,77.8300,77.8400,55537
2009-03-18 08:35:00,77.8600,77.8600,77.8400,77.8500,14584
2009-03-18 08:34:00,77.8200,77.8700,77.8200,77.8700,3368
2009-03-18 08:33:00,77.8500,77.8500,77.8100,77.8200,17568
2009-03-18 08:32:00,77.9200,77.9200,77.7800,77.8100,30890
2009-03-18 08:31:00,77.9500,77.9700,77.8900,77.9200,50967
2009-03-18 08:30:00,77.9300,78.0200,77.8900,77.9400,295607
2009-03-18 08:29:00,77.9500,77.9600,77.9300,77.9300,28166
2009-03-18 08:28:00,77.9400,77.9700,77.9400,77.9400,6200
2009-03-18 08:27:00,77.9200,77.9300,77.9000,77.9000,4230
2009-03-18 08:26:00,77.8900,77.8900,77.8500,77.8700,9650
2009-03-18 08:25:00,77.8700,77.8700,77.8700,77.8700,100
2009-03-18 08:24:00,77.8700,77.8800,77.8500,77.8600,2900
2009-03-18 08:23:00,77.9000,77.9000,77.8700,77.8800,18727
2009-03-18 08:22:00,77.9500,77.9600,77.9100,77.9200,9000
2009-03-18 08:21:00,77.9800,77.9800,77.9600,77.9600,6840
2009-03-18 08:20:00,78.0000,78.0100,77.8000,77.9800,514900
2009-03-18 08:19:00,78.0300,78.0400,77.9700,77.9800,14206
2009-03-18 08:18:00,77.9600,78.0600,77.9600,78.0200,22640
2009-03-18 08:17:00,77.9700,77.9800,77.9600,77.9600,9200
2009-03-18 08:16:00,77.8900,77.9700,77.8900,77.9700,24400
2009-03-18 08:15:00,77.9300,77.9500,77.8900,77.8900,14850
2009-03-18 08:14:00,77.9100,77.9500,77.8900,77.9500,10030
2009-03-18 08:13:00,77.9100,77.9200,77.8500,77.9100,28685
2009-03-18 08:12:00,77.8600,77.9200,77.8500,77.9000,22200
2009-03-18 08:11:00,77.8000,77.8400,77.8000,77.8400,10700
2009-03-18 08:10:00,77.8700,77.8800,77.8100,77.8100,19640
2009-03-18 08:09:00,77.8300,77.8800,77.7900,77.8700,69594
2009-03-18 08:08:00,77.8300,77.8600,77.8200,77.8300,25900
2009-03-18 08:07:00,77.7900,77.8300,77.7700,77.8200,31800
2009-03-18 08:06:00,77.8600,77.8600,77.7900,77.7900,35400
2009-03-18 08:05:00,77.9000,77.9100,77.8500,77.9000,41494
2009-03-18 08:04:00,77.8800,77.9100,77.8500,77.9000,31431
2009-03-18 08:03:00,77.8700,77.9000,77.8600,77.8800,34100
2009-03-18 08:02:00,77.8900,77.9000,77.8500,77.8800,21000
2009-03-18 08:01:00,77.8500,77.8700,77.8300,77.8700,17674
2009-03-18 08:00:00,77.9100,78.1200,77.8500,77.8500,105800
2009-03-18 07:59:00,77.8900,77.9300,77.8800,77.9000,37735
2009-03-18 07:58:00,77.9200,77.9300,77.9000,77.9100,17700
2009-03-18 07:57:00,77.9400,77.9400,77.8900,77.9300,33185
2009-03-18 07:56:00,77.9700,77.9700,77.9400,77.9400,3875
2009-03-18 07:55:00,78.0000,78.0000,77.9700,77.9700,25500
2009-03-18 07:54:00,77.9700,77.9700,77.9700,77.9700,700
2009-03-18 07:53:00,77.9700,77.9900,77.9700,77.9800,27400
2009-03-18 07:52:00,78.0000,78.0000,77.9600,77.9600,5100
2009-03-18 07:51:00,78.0000,78.0000,78.0000,78.0000,1200
2009-03-18 07:50:00,78.0100,78.0200,78.0100,78.0200,700
2009-03-18 07:49:00,78.0000,78.0000,77.9600,77.9700,25806
2009-03-18 07:48:00,78.0100,78.0100,78.0000,78.0000,900
2009-03-18 07:47:00,78.0200,78.0200,78.0000,78.0000,13400
2009-03-18 07:46:00,78.0600,78.0600,78.0200,78.0200,4600
2009-03-18 07:45:00,78.0700,78.1000,78.0700,78.1000,19000
2009-03-18 07:44:00,78.0400,78.0400,78.0400,78.0400,4000
2009-03-18 07:43:00,78.0300,78.0300,78.0200,78.0200,12000
2009-03-18 07:42:00,78.0500,78.0500,78.0400,78.0400,5700
2009-03-18 07:41:00,78.0800,78.1200,78.0700,78.0900,16900
2009-03-18 07:40:00,78.0300,78.0900,78.0300,78.0900,26780
2009-03-18 07:39:00,78.0100,78.0400,78.0100,78.0400,33200
2009-03-18 07:38:00,78.0400,78.0400,78.0300,78.0300,14300
2009-03-18 07:37:00,78.0500,78.0500,78.0300,78.0300,20020
2009-03-18 07:36:00,78.0800,78.0800,78.0300,78.0500,13712
2009-03-18 07:34:00,78.1000,78.1000,78.1000,78.1000,700
2009-03-18 07:33:00,78.0800,78.1000,78.0800,78.1000,6680
2009-03-18 07:32:00,78.1400,78.1400,78.0800,78.0800,1100
2009-03-18 07:31:00,78.1700,78.1700,78.1400,78.1400,300
2009-03-18 07:30:00,78.1500,78.1500,78.1500,78.1500,9386
2009-03-18 07:29:00,78.1500,78.1500,78.1500,78.1500,1614
2009-03-18 07:23:00,78.1400,78.1400,78.1400,78.1400,200
2009-03-18 07:22:00,78.1800,78.1800,78.1400,78.1400,600
2009-03-18 07:21:00,78.2300,78.2300,78.1500,78.1500,4500
2009-03-18 07:20:00,78.2000,78.2000,78.2000,78.2000,1500
2009-03-18 07:19:00,78.2300,78.2300,78.2000,78.2000,500
2009-03-18 07:18:00,78.2000,78.2600,78.2000,78.2400,4100
2009-03-18 07:17:00,78.2100,78.2300,78.2100,78.2300,20150
2009-03-18 07:16:00,78.1900,78.2000,78.1800,78.2000,2400
2009-03-18 07:15:00,78.1400,78.1400,78.1400,78.1400,500
2009-03-18 07:13:00,78.1100,78.1300,78.1100,78.1200,2000
2009-03-18 07:12:00,78.1500,78.1600,78.1000,78.1000,900
2009-03-18 07:11:00,78.0800,78.1300,78.0800,78.1300,1900
2009-03-18 07:10:00,78.0800,78.0800,78.0800,78.0800,459
2009-03-18 07:09:00,78.0000,78.0500,78.0000,78.0500,600
2009-03-18 07:08:00,78.0000,78.0000,78.0000,78.0000,200
2009-03-18 07:06:00,78.0000,78.0000,78.0000,78.0000,200
2009-03-18 07:05:00,78.0000,78.0100,77.9600,78.0100,6250
2009-03-18 07:04:00,77.9800,78.0000,77.9800,78.0000,22000
2009-03-18 07:03:00,77.9800,77.9800,77.9800,77.9800,2000
2009-03-18 07:02:00,77.9800,77.9800,77.9300,77.9500,29100
2009-03-18 06:55:00,77.9100,77.9100,77.9000,77.9000,2600
2009-03-18 06:53:00,77.9500,77.9500,77.9500,77.9500,500
2009-03-18 06:52:00,77.9500,77.9500,77.9500,77.9500,500
2009-03-18 06:50:00,77.9500,77.9500,77.9500,77.9500,1500
2009-03-18 06:49:00,78.0000,78.0100,78.0000,78.0000,8600
2009-03-18 06:48:00,78.0000,78.0000,77.9800,77.9800,7500
2009-03-18 06:43:00,77.9900,77.9900,77.9900,77.9900,5000
2009-03-18 06:37:00,78.0000,78.0000,78.0000,78.0000,5000
2009-03-18 06:36:00,77.9800,77.9800,77.9800,77.9800,5000
2009-03-18 06:35:00,77.9800,77.9800,77.9800,77.9800,5000
2009-03-18 06:28:00,77.9800,77.9800,77.9800,77.9800,100
2009-03-18 06:24:00,78.0200,78.0200,78.0000,78.0000,2600
2009-03-18 06:22:00,78.0000,78.0100,78.0000,78.0100,1500
2009-03-18 06:20:00,78.0000,78.0000,78.0000,78.0000,1000
2009-03-18 06:17:00,78.0400,78.0400,78.0400,78.0400,5000
2009-03-18 06:03:00,77.9200,77.9200,77.9200,77.9200,1000
2009-03-18 05:57:00,77.8000,77.8000,77.8000,77.8000,100
2009-03-18 05:56:00,77.8800,77.8800,77.8800,77.8800,100
2009-03-18 05:51:00,78.0300,78.0300,78.0300,78.0300,100
2009-03-18 05:36:00,77.8800,77.8800,77.8800,77.8800,5000
2009-03-18 05:32:00,77.7400,77.7400,77.7400,77.7400,500
2009-03-18 05:31:00,77.9000,77.9000,77.8800,77.8800,2500
2009-03-18 05:30:00,77.8500,77.9000,77.8400,77.9000,700
2009-03-18 05:27:00,77.9000,77.9000,77.9000,77.9000,200
2009-03-18 05:25:00,77.9100,77.9100,77.9100,77.9100,100
2009-03-18 05:03:00,78.0400,78.0400,78.0400,78.0400,100
2009-03-18 05:02:00,78.0600,78.0600,78.0600,78.0600,100
2009-03-18 05:00:00,77.9900,77.9900,77.9900,77.9900,300
2009-03-18 04:53:00,78.0700,78.0700,78.0700,78.0700,700
2009-03-18 04:27:00,78.2900,78.2900,78.2900,78.2900,100
2009-03-18 04:15:00,78.2600,78.2600,78.2600,78.2600,100
2009-03-17 19:59:00,78.2600,78.2700,78.2300,78.2300,6953
2009-03-17 19:58:00,78.2600,78.2700,78.2500,78.2600,3550
2009-03-17 19:57:00,78.2700,78.2700,78.2500,78.2600,2400
2009-03-17 19:56:00,78.3000,78.3000,78.3000,78.3000,100
2009-03-17 19:55:00,78.3000,78.3000,78.2800,78.2800,2415
2009-03-17 19:54:00,78.2700,78.3000,78.2700,78.3000,2000
2009-03-17 19:53:00,78.2700,78.2700,78.2500,78.2500,26700
2009-03-17 19:50:00,78.2600,78.2600,78.2600,78.2600,3250
2009-03-17 19:49:00,78.2600,78.2600,78.2600,78.2600,500
2009-03-17 19:48:00,78.2900,78.2900,78.2900,78.2900,2000
2009-03-17 19:47:00,78.2800,78.2800,78.2800,78.2800,3000
2009-03-17 19:46:00,78.3000,78.3400,78.3000,78.3200,3100
2009-03-17 19:45:00,78.2800,78.2900,78.2800,78.2900,1900
2009-03-17 19:43:00,78.2800,78.2800,78.2800,78.2800,100
2009-03-17 19:41:00,78.2700,78.2700,78.2500,78.2500,6400
2009-03-17 19:39:00,78.2600,78.2700,78.2600,78.2700,8600
2009-03-17 19:35:00,78.2400,78.2400,78.2400,78.2400,5132
2009-03-17 19:34:00,78.2400,78.2400,78.2400,78.2400,5700
2009-03-17 19:32:00,78.2400,78.2400,78.2400,78.2400,2000
2009-03-17 19:31:00,78.2200,78.2400,78.2200,78.2400,2750
2009-03-17 19:29:00,78.2300,78.2300,78.2300,78.2300,4100
2009-03-17 19:28:00,78.2200,78.2200,78.2200,78.2200,100
2009-03-17 19:26:00,78.2400,78.2400,78.2300,78.2300,1400
2009-03-17 19:24:00,78.2500,78.2500,78.2400,78.2500,3000
2009-03-17 19:22:00,78.2500,78.2500,78.2400,78.2500,3140
2009-03-17 19:21:00,78.2500,78.2500,78.2400,78.2400,200
2009-03-17 19:19:00,78.2500,78.2600,78.2500,78.2600,325
2009-03-17 19:17:00,78.2500,78.2500,78.2500,78.2500,100
2009-03-17 19:14:00,78.2500,78.2600,78.2500,78.2500,1530
2009-03-17 19:13:00,78.2600,78.2600,78.2300,78.2400,9689
2009-03-17 19:12:00,78.2700,78.2700,78.2600,78.2600,2511
2009-03-17 19:10:00,78.2800,78.2800,78.2800,78.2800,2600
2009-03-17 19:09:00,78.2800,78.2800,78.2800,78.2800,100
2009-03-17 19:07:00,78.2900,78.2900,78.2800,78.2800,1675
2009-03-17 19:06:00,78.3200,78.3200,78.2700,78.2700,24050
2009-03-17 19:05:00,78.3300,78.3300,78.3200,78.3200,6650
2009-03-17 19:04:00,78.3200,78.3200,78.3200,78.3200,100
2009-03-17 19:03:00,78.3300,78.3300,78.3300,78.3300,2000
2009-03-17 18:57:00,78.3300,78.3300,78.3300,78.3300,1000
2009-03-17 18:55:00,78.3300,78.3300,78.3300,78.3300,3113
2009-03-17 18:54:00,78.3400,78.3400,78.3400,78.3400,100
2009-03-17 18:51:00,78.3300,78.3300,78.3300,78.3300,5500
2009-03-17 18:50:00,78.3400,78.3400,78.3300,78.3300,7569
2009-03-17 18:49:00,78.3500,78.3500,78.3400,78.3400,2300
2009-03-17 18:48:00,78.3500,78.3500,78.3500,78.3500,100
2009-03-17 18:47:00,78.3600,78.3600,78.3600,78.3600,300
2009-03-17 18:46:00,78.3700,78.3700,78.3500,78.3500,6650
2009-03-17 18:45:00,78.3700,78.3800,78.3700,78.3800,8735
2009-03-17 18:44:00,78.3800,78.3800,78.3800,78.3800,100
2009-03-17 18:43:00,78.3800,78.3800,78.3800,78.3800,2119
2009-03-17 18:42:00,78.3800,78.3800,78.3800,78.3800,1000
2009-03-17 18:41:00,78.3900,78.3900,78.3900,78.3900,1838
2009-03-17 18:34:00,78.3900,78.3900,78.3900,78.3900,100
2009-03-17 18:33:00,78.4000,78.4000,78.3900,78.3900,1618
2009-03-17 18:32:00,78.4000,78.4000,78.4000,78.4000,6551
2009-03-17 18:31:00,78.4000,78.4000,78.4000,78.4000,100
2009-03-17 18:28:00,78.4000,78.4000,78.3900,78.4000,1526
2009-03-17 18:27:00,78.4000,78.4000,78.4000,78.4000,100
2009-03-17 18:26:00,78.4000,78.4000,78.4000,78.4000,1200
2009-03-17 18:25:00,78.4200,78.4200,78.4000,78.4000,4000
2009-03-17 18:24:00,78.4100,78.4100,78.4100,78.4100,200
2009-03-17 18:23:00,78.4100,78.4100,78.4100,78.4100,1100
2009-03-17 18:22:00,78.4000,78.4000,78.4000,78.4000,2500
2009-03-17 18:21:00,78.4100,78.4100,78.4100,78.4100,1000
2009-03-17 18:20:00,78.4000,78.4000,78.4000,78.4000,1000
2009-03-17 18:19:00,78.3900,78.4000,78.3900,78.3900,2500
2009-03-17 18:18:00,78.4000,78.4000,78.3900,78.3900,3800
2009-03-17 18:17:00,78.4000,78.4000,78.4000,78.4000,1000
2009-03-17 18:16:00,78.3900,78.3900,78.3900,78.3900,500
2009-03-17 18:15:00,78.4100,78.4100,78.4000,78.4000,6049
2009-03-17 18:14:00,78.4200,78.4200,78.4100,78.4100,15026
2009-03-17 18:13:00,78.4100,78.4200,78.4100,78.4200,3100
2009-03-17 18:12:00,78.4200,78.4200,78.4200,78.4200,400
2009-03-17 18:11:00,78.4300,78.4300,78.4200,78.4200,2600
2009-03-17 18:09:00,78.4300,78.4300,78.4200,78.4300,1469
2009-03-17 18:08:00,78.4200,78.4200,78.4200,78.4200,669
2009-03-17 18:07:00,78.4300,78.4300,78.4300,78.4300,1000
2009-03-17 18:06:00,78.4200,78.4200,78.4200,78.4200,100
2009-03-17 18:04:00,78.4100,78.4100,78.4100,78.4100,540
2009-03-17 18:03:00,78.4200,78.4200,78.4100,78.4200,4324
2009-03-17 18:02:00,78.4200,78.4300,78.4200,78.4300,900
2009-03-17 18:01:00,78.4300,78.4300,78.4200,78.4200,2523
2009-03-17 18:00:00,78.4500,78.4500,78.4200,78.4300,600
2009-03-17 17:59:00,78.4300,78.4300,78.4300,78.4300,663
2009-03-17 17:58:00,78.4400,78.4400,78.4300,78.4300,800
2009-03-17 17:57:00,78.4400,78.4400,78.4400,78.4400,681
2009-03-17 17:56:00,78.4500,78.4500,78.4400,78.4500,3338
2009-03-17 17:54:00,78.4600,78.4600,78.4600,78.4600,1900
2009-03-17 17:53:00,78.4400,78.4600,78.4300,78.4600,1818
2009-03-17 17:52:00,78.4500,78.4500,78.4400,78.4400,1269
2009-03-17 17:51:00,78.4400,78.4400,78.4400,78.4400,100
2009-03-17 17:50:00,78.4400,78.4400,78.4400,78.4400,500
2009-03-17 17:45:00,78.4400,78.4600,78.4400,78.4600,3138
2009-03-17 17:44:00,78.4200,78.4200,78.4200,78.4200,1000
2009-03-17 17:43:00,78.4300,78.4300,78.4300,78.4300,669
2009-03-17 17:42:00,78.4400,78.4400,78.4400,78.4400,500
2009-03-17 17:41:00,78.4300,78.4300,78.4000,78.4000,4990
2009-03-17 17:38:00,78.4500,78.4500,78.4500,78.4500,719
2009-03-17 17:37:00,78.4300,78.4400,78.4300,78.4400,1933
2009-03-17 17:35:00,78.4600,78.4600,78.4400,78.4400,1100
2009-03-17 17:34:00,78.4600,78.4600,78.4600,78.4600,469
2009-03-17 17:33:00,78.4400,78.4600,78.4100,78.4600,5450
2009-03-17 17:32:00,78.4400,78.4500,78.4400,78.4500,787
2009-03-17 17:29:00,78.4300,78.4300,78.4300,78.4300,800
2009-03-17 17:28:00,78.4300,78.4300,78.4300,78.4300,500
2009-03-17 17:27:00,78.4300,78.4300,78.4200,78.4300,2179
2009-03-17 17:25:00,78.4200,78.4200,78.4200,78.4200,220
2009-03-17 17:24:00,78.4300,78.4300,78.4300,78.4300,1861
2009-03-17 17:22:00,78.4200,78.4200,78.4200,78.4200,200
2009-03-17 17:21:00,78.4300,78.4300,78.4200,78.4200,600
2009-03-17 17:20:00,78.4300,78.4300,78.4300,78.4300,200
2009-03-17 17:19:00,78.4400,78.4400,78.4200,78.4400,1142
2009-03-17 17:18:00,78.4300,78.4300,78.4300,78.4300,451
2009-03-17 17:17:00,78.4300,78.4300,78.4300,78.4300,300
2009-03-17 17:16:00,78.4300,78.4300,78.4300,78.4300,100
2009-03-17 17:15:00,78.4400,78.4400,78.4400,78.4400,887
2009-03-17 17:14:00,78.4500,78.4500,78.4500,78.4500,1438
2009-03-17 17:13:00,78.4300,78.4600,78.4200,78.4600,65115
2009-03-17 17:12:00,78.4200,78.4200,78.4200,78.4200,300
2009-03-17 17:11:00,78.4400,78.4500,78.4300,78.4500,1085
2009-03-17 17:10:00,78.4400,78.4400,78.4400,78.4400,522
2009-03-17 17:08:00,78.4600,78.4600,78.4600,78.4600,342
2009-03-17 17:07:00,78.4800,78.4800,78.4800,78.4800,100
2009-03-17 17:06:00,78.4800,78.5000,78.4400,78.4400,14000
2009-03-17 17:04:00,78.4900,78.4900,78.4900,78.4900,1000
2009-03-17 17:03:00,78.4800,78.4900,78.4800,78.4900,8136
2009-03-17 17:02:00,78.4600,78.5000,78.4500,78.4800,51339
2009-03-17 17:01:00,78.4400,78.4400,78.4400,78.4400,500
2009-03-17 17:00:00,78.4300,78.4600,78.4300,78.4600,10000
2009-03-17 16:59:00,78.4100,78.4100,78.4000,78.4100,2000
2009-03-17 16:58:00,78.4200,78.4200,78.4100,78.4200,2012
2009-03-17 16:57:00,78.4100,78.4200,78.4100,78.4200,350
2009-03-17 16:56:00,78.4100,78.4100,78.4100,78.4100,3000
2009-03-17 16:55:00,78.4100,78.4100,78.4100,78.4100,1000
2009-03-17 16:54:00,78.4100,78.4100,78.4100,78.4100,7069
2009-03-17 16:53:00,78.4100,78.4100,78.4100,78.4100,1000
2009-03-17 16:52:00,78.3900,78.4400,78.3900,78.4100,14186
2009-03-17 16:51:00,78.4000,78.4000,78.4000,78.4000,2100
2009-03-17 16:50:00,78.4200,78.4200,78.3202,78.4000,2202307
2009-03-17 16:49:00,78.4400,78.4400,78.4200,78.4200,12868
2009-03-17 16:48:00,78.4400,78.4700,78.4300,78.4300,11528
2009-03-17 16:47:00,78.4500,78.4500,78.4300,78.4400,6338
2009-03-17 16:46:00,78.4200,78.4500,78.4200,78.4500,15438
2009-03-17 16:45:00,78.4100,78.4200,78.4000,78.4200,1200
2009-03-17 16:44:00,78.4000,78.4200,78.4000,78.4000,37600
2009-03-17 16:43:00,78.4000,78.4000,78.4000,78.4000,23969
2009-03-17 16:42:00,78.3900,78.4000,78.3900,78.4000,1525
2009-03-17 16:41:00,78.3900,78.4100,78.3700,78.3900,71669
2009-03-17 16:40:00,78.4000,78.4000,78.3800,78.3800,50000
2009-03-17 16:39:00,78.3900,78.4000,78.3900,78.4000,2325
2009-03-17 16:38:00,78.3900,78.4000,78.3900,78.4000,1401
2009-03-17 16:37:00,78.4000,78.4000,78.4000,78.4000,6325
2009-03-17 16:36:00,78.4000,78.4100,78.4000,78.4100,1482
2009-03-17 16:35:00,78.3800,78.3900,78.3800,78.3900,1146
2009-03-17 16:34:00,78.3900,78.4000,78.3900,78.3900,7424
2009-03-17 16:33:00,78.4100,78.4100,78.4000,78.4000,41207
2009-03-17 16:32:00,78.3900,78.4100,78.3900,78.4100,35634
2009-03-17 16:31:00,78.3900,78.4000,78.3900,78.4000,27863
2009-03-17 16:30:00,78.4100,78.4400,78.3900,78.4000,28591
2009-03-17 16:29:00,78.3900,78.4100,78.3700,78.4100,87623
2009-03-17 16:28:00,78.3800,78.4000,78.3700,78.4000,11331
2009-03-17 16:27:00,78.4000,78.4000,78.3800,78.3800,23039
2009-03-17 16:26:00,78.4000,78.4000,78.4000,78.4000,626402
2009-03-17 16:25:00,78.3800,78.4200,78.3800,78.3800,8109
2009-03-17 16:24:00,78.3800,78.4200,78.3800,78.3800,12408
2009-03-17 16:23:00,78.4000,78.4000,78.3800,78.3900,40200
2009-03-17 16:22:00,78.3700,78.4000,78.3700,78.4000,28663
2009-03-17 16:21:00,78.3800,78.3900,78.3700,78.3700,13383
2009-03-17 16:20:00,78.3800,78.3900,78.3800,78.3800,20854
2009-03-17 16:19:00,78.4000,78.4000,78.3600,78.3700,53087
2009-03-17 16:18:00,78.3600,78.4000,78.3500,78.3900,74780
2009-03-17 16:17:00,78.4000,78.4000,78.3700,78.3700,39244
2009-03-17 16:16:00,78.4200,78.4200,78.4000,78.4000,6063
2009-03-17 16:15:00,78.4300,78.4300,78.3700,78.4100,83027
2009-03-17 16:14:00,78.4100,78.4500,78.3600,78.4300,1046458
2009-03-17 16:13:00,78.4400,78.4400,78.3400,78.4100,729241
2009-03-17 16:12:00,78.4900,78.5000,78.4400,78.4400,351621
2009-03-17 16:11:00,78.4600,78.5000,78.3433,78.4900,386558
2009-03-17 16:10:00,78.4700,78.5300,78.4500,78.4500,1046290
2009-03-17 16:09:00,78.4000,78.5200,78.3100,78.4700,897540
2009-03-17 16:08:00,78.3800,78.4100,78.3138,78.4000,434286
2009-03-17 16:07:00,78.3900,78.4000,78.3800,78.3800,1176965
2009-03-17 16:06:00,78.2800,78.4000,78.2800,78.4000,657048
2009-03-17 16:05:00,78.2900,78.3200,78.2800,78.2800,554553
2009-03-17 16:04:00,78.3600,78.3700,78.1296,78.3000,367077
2009-03-17 16:03:00,78.3900,78.3900,76.4000,78.3600,637492
2009-03-17 16:02:00,78.3200,78.4000,78.2800,78.3900,623767
2009-03-17 16:01:00,78.3300,78.3700,78.1200,78.1200,995544
2009-03-17 16:00:00,78.2600,78.3400,78.2600,78.3300,19032654
2009-03-17 15:59:00,78.2300,78.3000,78.1700,78.2600,6181807
2009-03-17 15:58:00,78.0600,78.2200,78.0500,78.2200,3304846
2009-03-17 15:57:00,77.9500,78.1000,77.9000,78.0600,3794295
2009-03-17 15:56:00,77.8700,77.9800,77.8500,77.9500,3136346
2009-03-17 15:55:00,77.8200,77.8800,77.8000,77.8700,1644242
2009-03-17 15:54:00,77.8400,77.8800,77.8100,77.8200,1747487
2009-03-17 15:53:00,77.8600,77.9000,77.7900,77.8500,1040357
2009-03-17 15:52:00,77.7900,77.8800,77.7400,77.8600,989131
2009-03-17 15:51:00,77.7800,77.8500,77.7000,77.8000,1309857
2009-03-17 15:50:00,77.7300,77.8000,77.6900,77.7000,1167058
2009-03-17 15:49:00,77.7000,77.7800,77.6100,77.7200,1214287
2009-03-17 15:48:00,77.7900,77.7900,77.6600,77.7100,909071
2009-03-17 15:47:00,77.8500,77.8500,77.7400,77.7800,1230798
2009-03-17 15:46:00,77.8200,77.8900,77.7800,77.8500,1156724
2009-03-17 15:45:00,77.8200,77.8400,77.7500,77.8200,1089036
2009-03-17 15:44:00,77.8800,77.8900,77.7300,77.7700,1476613
2009-03-17 15:43:00,77.7500,77.8900,77.7500,77.8800,1532795
2009-03-17 15:42:00,77.6500,77.7800,77.6300,77.7600,1563794
2009-03-17 15:41:00,77.5900,77.6600,77.5700,77.6500,998584
2009-03-17 15:40:00,77.5200,77.6500,77.4750,77.6000,1819256
2009-03-17 15:39:00,77.4800,77.5200,77.4199,77.5100,624514
2009-03-17 15:38:00,77.3400,77.4900,77.3100,77.4700,1133123
2009-03-17 15:37:00,77.5000,77.5000,77.3200,77.3400,732798
2009-03-17 15:36:00,77.5400,77.5600,77.4750,77.4900,689851
2009-03-17 15:35:00,77.4495,77.5600,77.4200,77.5400,1005509
2009-03-17 15:34:00,77.4200,77.4900,77.4000,77.4400,732213
2009-03-17 15:33:00,77.3500,77.4800,77.3400,77.4200,935852
2009-03-17 15:32:00,77.3800,77.3900,77.2700,77.3500,1163675
2009-03-17 15:31:00,77.5200,77.5900,77.3600,77.3750,2067691
2009-03-17 15:30:00,77.5000,77.6100,77.4800,77.5300,837770
2009-03-17 15:29:00,77.6200,77.6200,77.4800,77.5000,890020
2009-03-17 15:28:00,77.5600,77.6400,77.5500,77.6200,484774
2009-03-17 15:27:00,77.5900,77.6000,77.5500,77.5700,411987
2009-03-17 15:26:00,77.6000,77.6200,77.5500,77.5900,723508
2009-03-17 15:25:00,77.6400,77.7000,77.5800,77.6001,597316
2009-03-17 15:24:00,77.7100,77.7300,77.6300,77.6400,836422
2009-03-17 15:23:00,77.8000,77.8100,77.7100,77.7100,746123
2009-03-17 15:22:00,77.7800,77.8300,77.7200,77.8000,1936965
2009-03-17 15:21:00,77.6100,77.7900,77.6100,77.7800,1496019
2009-03-17 15:20:00,77.5800,77.6200,77.5600,77.6095,347620
2009-03-17 15:19:00,77.5995,77.6400,77.5900,77.6200,538766
2009-03-17 15:18:00,77.5800,77.6300,77.5400,77.5900,695291
2009-03-17 15:17:00,77.6600,77.6600,77.5800,77.5800,539815
2009-03-17 15:16:00,77.5700,77.6600,77.5600,77.6501,591226
2009-03-17 15:15:00,77.6000,77.6100,77.5400,77.5700,551400
2009-03-17 15:14:00,77.5300,77.6300,77.5100,77.6100,937759
2009-03-17 15:13:00,77.5799,77.5800,77.5100,77.5283,607559
2009-03-17 15:12:00,77.5900,77.6000,77.5500,77.5799,689307
2009-03-17 15:11:00,77.6500,77.6700,77.5600,77.6000,1124846
2009-03-17 15:10:00,77.7000,77.7700,77.6100,77.6499,1484806
2009-03-17 15:09:00,77.6200,77.7400,77.6100,77.6994,2421280
2009-03-17 15:08:00,77.5400,77.6900,77.5300,77.6200,1097640
2009-03-17 15:07:00,77.5850,77.6300,77.5100,77.5500,1622716
2009-03-17 15:06:00,77.5600,77.6200,77.4950,77.6100,2222659
2009-03-17 15:05:00,77.3000,77.5600,77.2900,77.5500,1511143
2009-03-17 15:04:00,77.2450,77.3500,77.2100,77.2900,748759
2009-03-17 15:03:00,77.1650,77.2600,77.1500,77.2200,560988
2009-03-17 15:02:00,77.1900,77.2000,77.1200,77.1700,518570
2009-03-17 15:01:00,77.1750,77.2100,77.1600,77.1850,242362
2009-03-17 15:00:00,77.2200,77.2300,77.1500,77.1800,909076
2009-03-17 14:59:00,77.2700,77.2900,77.1700,77.2200,931194
2009-03-17 14:58:00,77.3900,77.4100,77.2400,77.2700,1134860
2009-03-17 14:57:00,77.3500,77.4200,77.2700,77.3700,1098273
2009-03-17 14:56:00,77.3175,77.3700,77.2900,77.3400,550661
2009-03-17 14:55:00,77.3600,77.3700,77.3100,77.3117,1696272
2009-03-17 14:54:00,77.3500,77.3900,77.3000,77.3600,437279
2009-03-17 14:53:00,77.3700,77.3900,77.3300,77.3500,449201
2009-03-17 14:52:00,77.2600,77.4500,77.2500,77.3700,1249790
2009-03-17 14:51:00,77.2600,77.3000,77.2500,77.2606,325831
2009-03-17 14:50:00,77.3000,77.3200,77.2500,77.2600,470423
2009-03-17 14:49:00,77.1900,77.3200,77.1700,77.3000,1113689
2009-03-17 14:48:00,77.1900,77.2000,77.1700,77.1850,298915
2009-03-17 14:47:00,77.1800,77.2100,77.1300,77.1900,428400
2009-03-17 14:46:00,77.2300,77.2400,77.1800,77.1800,401987
2009-03-17 14:45:00,77.2000,77.2500,77.1800,77.2300,576336
2009-03-17 14:44:00,77.1500,77.2300,77.1400,77.2000,312329
2009-03-17 14:43:00,77.2200,77.2400,77.1400,77.1500,1133348
2009-03-17 14:42:00,77.1000,77.2400,77.0600,77.2100,1164824
2009-03-17 14:41:00,77.0300,77.1100,77.0100,77.1000,773285
2009-03-17 14:40:00,76.9500,77.0800,76.9400,77.0400,984541
2009-03-17 14:39:00,76.8800,76.9700,76.8800,76.9500,651992
2009-03-17 14:38:00,76.9000,76.9300,76.8600,76.8899,420310
2009-03-17 14:37:00,76.7600,76.9000,76.7300,76.9000,549514
2009-03-17 14:36:00,76.7601,76.7800,76.7000,76.7700,1238250
2009-03-17 14:35:00,76.7400,76.8200,76.7200,76.7700,823554
2009-03-17 14:34:00,76.8200,76.8300,76.7200,76.7400,633263
2009-03-17 14:33:00,76.8000,76.8400,76.7800,76.8200,402253
2009-03-17 14:32:00,76.7600,76.8200,76.7500,76.8000,258559
2009-03-17 14:31:00,76.7500,76.8100,76.7500,76.7600,677977
2009-03-17 14:30:00,76.7400,76.8000,76.7000,76.7600,819621
2009-03-17 14:29:00,76.8300,76.8600,76.7200,76.7400,1323899
2009-03-17 14:28:00,76.8600,76.9000,76.8200,76.8300,813377
2009-03-17 14:27:00,76.9100,76.9200,76.8300,76.8500,821685
2009-03-17 14:26:00,77.0500,77.0700,76.9000,76.9000,1240063
2009-03-17 14:25:00,77.0900,77.1000,77.0000,77.0600,414334
2009-03-17 14:24:00,77.0700,77.1000,76.9800,77.0900,725097
2009-03-17 14:23:00,77.0100,77.0950,77.0100,77.0700,327740
2009-03-17 14:22:00,77.0500,77.1100,76.9800,77.0200,1292659
2009-03-17 14:21:00,77.0200,77.1400,77.0000,77.0450,895501
2009-03-17 14:20:00,77.0200,77.0900,77.0000,77.0000,591005
2009-03-17 14:19:00,77.0900,77.1000,77.0000,77.0200,504287
2009-03-17 14:18:00,77.1100,77.1101,76.9700,77.0900,499638
2009-03-17 14:17:00,77.1100,77.1300,77.0700,77.1101,357248
2009-03-17 14:16:00,77.0500,77.1200,77.0100,77.1200,513228
2009-03-17 14:15:00,77.0700,77.0900,77.0000,77.0400,440636
2009-03-17 14:14:00,77.0400,77.0800,77.0000,77.0700,404864
2009-03-17 14:13:00,77.0500,77.1100,76.9800,77.0400,602411
2009-03-17 14:12:00,76.9900,77.1000,76.9750,77.0600,1110023
2009-03-17 14:11:00,76.8300,76.9900,76.8250,76.9806,1176736
2009-03-17 14:10:00,76.9108,76.9500,76.8200,76.8250,731008
2009-03-17 14:09:00,76.9600,76.9700,76.8800,76.9100,386822
2009-03-17 14:08:00,76.9700,76.9900,76.9400,76.9500,305289
2009-03-17 14:07:00,76.9100,77.0300,76.9050,76.9600,722028
2009-03-17 14:06:00,76.8900,76.9400,76.8500,76.9199,417307
2009-03-17 14:05:00,76.8400,76.9000,76.8175,76.8900,710356
2009-03-17 14:04:00,76.8700,76.8800,76.8100,76.8500,785229
2009-03-17 14:03:00,76.9675,76.9675,76.8400,76.8800,717165
2009-03-17 14:02:00,76.9400,76.9800,76.9300,76.9500,552990
2009-03-17 14:01:00,76.9100,76.9600,76.9000,76.9400,411573
2009-03-17 14:00:00,76.9700,76.9800,76.9089,76.9100,426925
2009-03-17 13:59:00,76.9600,76.9700,76.9100,76.9694,252300
2009-03-17 13:58:00,76.9400,76.9700,76.9200,76.9600,1143529
2009-03-17 13:57:00,77.0400,77.0500,76.9200,76.9300,1703521
2009-03-17 13:56:00,77.1700,77.1900,77.0300,77.0400,745707
2009-03-17 13:55:00,77.1500,77.1700,77.1100,77.1700,456727
2009-03-17 13:54:00,77.0900,77.1500,77.0800,77.1500,768929
2009-03-17 13:53:00,77.1700,77.1800,77.0900,77.0900,675675
2009-03-17 13:52:00,77.1100,77.1900,77.1100,77.1375,446455
2009-03-17 13:51:00,77.1400,77.1700,77.0500,77.1100,1066358
2009-03-17 13:50:00,77.2000,77.2001,77.1000,77.1494,684815
2009-03-17 13:49:00,77.2300,77.2450,77.1800,77.2000,354470
2009-03-17 13:48:00,77.3175,77.3500,77.2200,77.2275,393479
2009-03-17 13:47:00,77.3200,77.3494,77.3000,77.3300,256279
2009-03-17 13:46:00,77.2400,77.3300,77.2375,77.3101,631502
2009-03-17 13:45:00,77.2400,77.2700,77.2200,77.2300,407714
2009-03-17 13:44:00,77.2800,77.2900,77.2100,77.2400,1253137
2009-03-17 13:43:00,77.2800,77.3300,77.2700,77.2894,695469
2009-03-17 13:42:00,77.4200,77.4300,77.2700,77.2700,827306
2009-03-17 13:41:00,77.4100,77.4400,77.3878,77.4300,280035
2009-03-17 13:40:00,77.3800,77.4400,77.3700,77.3850,241099
2009-03-17 13:39:00,77.4100,77.4200,77.3700,77.3800,357253
2009-03-17 13:38:00,77.4300,77.4400,77.4100,77.4100,198467
2009-03-17 13:37:00,77.4600,77.4600,77.4100,77.4300,705661
2009-03-17 13:36:00,77.4400,77.5100,77.4300,77.4600,554559
2009-03-17 13:35:00,77.4900,77.5000,77.4400,77.4400,462509
2009-03-17 13:34:00,77.4200,77.5200,77.4100,77.4900,1994541
2009-03-17 13:33:00,77.3000,77.4200,77.2900,77.4200,409663
2009-03-17 13:32:00,77.2200,77.3200,77.2100,77.2900,475445
2009-03-17 13:31:00,77.2300,77.2400,77.2100,77.2200,211829
2009-03-17 13:30:00,77.2100,77.2400,77.1900,77.2300,509696
2009-03-17 13:29:00,77.2800,77.2900,77.1900,77.2000,920490
2009-03-17 13:28:00,77.3200,77.3400,77.2800,77.2900,590042
2009-03-17 13:27:00,77.3700,77.3900,77.3200,77.3300,619427
2009-03-17 13:26:00,77.3500,77.4100,77.3300,77.3700,680461
2009-03-17 13:25:00,77.3700,77.3800,77.3000,77.3400,605680
2009-03-17 13:24:00,77.2700,77.3800,77.2500,77.3600,1277405
2009-03-17 13:23:00,77.2600,77.3000,77.2000,77.2675,526500
2009-03-17 13:22:00,77.1800,77.2600,77.1100,77.2500,609050
2009-03-17 13:21:00,77.2000,77.2300,77.1800,77.1800,117979
2009-03-17 13:20:00,77.1800,77.2200,77.1300,77.2000,434028
2009-03-17 13:19:00,77.2300,77.2300,77.1600,77.1700,805605
2009-03-17 13:18:00,77.2800,77.3400,77.2300,77.2400,750737
2009-03-17 13:17:00,77.2600,77.2800,77.2400,77.2700,594243
2009-03-17 13:16:00,77.0900,77.2700,77.0900,77.2500,1259518
2009-03-17 13:15:00,77.0612,77.1000,77.0450,77.0902,141667
2009-03-17 13:14:00,77.1100,77.1300,77.0300,77.0700,205649
2009-03-17 13:13:00,77.0900,77.1200,77.0600,77.1200,174400
2009-03-17 13:12:00,77.0000,77.1100,76.9975,77.0900,420858
2009-03-17 13:11:00,77.0000,77.0100,76.9800,77.0000,106250
2009-03-17 13:10:00,76.9900,77.0100,76.9800,76.9900,142087
2009-03-17 13:09:00,77.0100,77.0100,76.9700,76.9900,128173
2009-03-17 13:08:00,76.9980,77.0200,76.9700,77.0000,406208
2009-03-17 13:07:00,77.0100,77.0500,76.9800,76.9905,257235
2009-03-17 13:06:00,77.0000,77.0200,76.9800,77.0200,563038
2009-03-17 13:05:00,77.0700,77.0700,77.0000,77.0000,452509
2009-03-17 13:04:00,77.1500,77.1800,77.0600,77.0700,358093
2009-03-17 13:03:00,77.0900,77.1500,77.0800,77.1500,127274
2009-03-17 13:02:00,77.0900,77.1200,77.0700,77.0900,253402
2009-03-17 13:01:00,77.1600,77.1700,77.0800,77.1000,779320
2009-03-17 13:00:00,77.0900,77.1700,77.0800,77.1500,1036627
2009-03-17 12:59:00,77.0800,77.1200,77.0600,77.0900,402856
2009-03-17 12:58:00,77.1100,77.1200,77.0500,77.0700,239312
2009-03-17 12:57:00,77.1000,77.1300,77.0500,77.1100,1219810
2009-03-17 12:56:00,77.0900,77.1200,77.0700,77.1000,433116
2009-03-17 12:55:00,77.1300,77.1400,77.0600,77.0900,331771
2009-03-17 12:54:00,77.1350,77.1600,77.1000,77.1200,316568
2009-03-17 12:53:00,77.1200,77.1900,77.1200,77.1400,369662
2009-03-17 12:52:00,77.0900,77.1500,77.0700,77.1300,626676
2009-03-17 12:51:00,77.1200,77.1200,77.0800,77.0901,339452
2009-03-17 12:50:00,77.1175,77.1600,77.0900,77.1300,539597
2009-03-17 12:49:00,77.1086,77.1400,77.0900,77.1300,380056
2009-03-17 12:48:00,77.1500,77.2100,77.0900,77.1000,566377
2009-03-17 12:47:00,77.1900,77.1900,77.1300,77.1600,524150
2009-03-17 12:46:00,77.2100,77.2500,77.1600,77.1800,556941
2009-03-17 12:45:00,77.1700,77.3000,77.1600,77.2000,768505
2009-03-17 12:44:00,77.1800,77.2000,77.1200,77.1700,875037
2009-03-17 12:43:00,77.2200,77.2500,77.1800,77.1801,796607
2009-03-17 12:42:00,77.1900,77.2800,77.1800,77.2300,971542
2009-03-17 12:41:00,77.0700,77.2100,77.0700,77.1900,1448733
2009-03-17 12:40:00,77.0600,77.0900,77.0100,77.0700,580009
2009-03-17 12:39:00,77.0700,77.1100,77.0400,77.0600,684494
2009-03-17 12:38:00,77.0600,77.0700,77.0100,77.0700,760944
2009-03-17 12:37:00,77.0100,77.0800,76.9700,77.0600,1183400
2009-03-17 12:36:00,76.9300,77.0300,76.8900,77.0100,1388643
2009-03-17 12:35:00,76.7400,76.9400,76.7200,76.9300,1294811
2009-03-17 12:34:00,76.7000,76.7700,76.6800,76.7250,383667
2009-03-17 12:33:00,76.6300,76.7000,76.6200,76.7000,943260
2009-03-17 12:32:00,76.7375,76.7600,76.6100,76.6300,729687
2009-03-17 12:31:00,76.7200,76.7900,76.7200,76.7400,515181
2009-03-17 12:30:00,76.7300,76.8000,76.7100,76.7200,600570
2009-03-17 12:29:00,76.7200,76.7500,76.7100,76.7300,397910
2009-03-17 12:28:00,76.7575,76.7800,76.7100,76.7200,511945
2009-03-17 12:27:00,76.7500,76.8100,76.7300,76.7700,449922
2009-03-17 12:26:00,76.7500,76.8000,76.7400,76.7450,793271
2009-03-17 12:25:00,76.6100,76.7600,76.6000,76.7500,1060842
2009-03-17 12:24:00,76.6300,76.6800,76.5900,76.6100,906324
2009-03-17 12:23:00,76.6300,76.6600,76.5900,76.6400,278116
2009-03-17 12:22:00,76.6300,76.6600,76.6100,76.6300,526582
2009-03-17 12:21:00,76.5900,76.6300,76.5600,76.6300,1412999
2009-03-17 12:20:00,76.5000,76.6300,76.4800,76.5800,814888
2009-03-17 12:19:00,76.4699,76.5200,76.4375,76.5000,374224
2009-03-17 12:18:00,76.4400,76.4800,76.4100,76.4600,158272
2009-03-17 12:17:00,76.4200,76.4700,76.3900,76.4400,400866
2009-03-17 12:16:00,76.4000,76.4700,76.3800,76.4200,491392
2009-03-17 12:15:00,76.3400,76.4100,76.3300,76.3900,202529
2009-03-17 12:14:00,76.3400,76.3400,76.3100,76.3400,141152
2009-03-17 12:13:00,76.3500,76.3800,76.3200,76.3400,173394
2009-03-17 12:12:00,76.3900,76.3900,76.3400,76.3500,148799
2009-03-17 12:11:00,76.3900,76.4000,76.3406,76.3900,316548
2009-03-17 12:10:00,76.4600,76.4650,76.3700,76.3900,310116
2009-03-17 12:09:00,76.4600,76.5000,76.4500,76.4600,328560
2009-03-17 12:08:00,76.5400,76.5600,76.4300,76.4500,528280
2009-03-17 12:07:00,76.4999,76.5500,76.4900,76.5300,349530
2009-03-17 12:06:00,76.4900,76.5300,76.4900,76.4900,367992
2009-03-17 12:05:00,76.5100,76.5200,76.4900,76.5100,282374
2009-03-17 12:04:00,76.5300,76.5700,76.5000,76.5075,326140
2009-03-17 12:03:00,76.5300,76.5400,76.5000,76.5250,141780
2009-03-17 12:02:00,76.5400,76.5500,76.5000,76.5400,347000
2009-03-17 12:01:00,76.5300,76.5800,76.5300,76.5400,365086
2009-03-17 12:00:00,76.4400,76.5400,76.4350,76.5300,431085
2009-03-17 11:59:00,76.4600,76.4800,76.4200,76.4400,306588
2009-03-17 11:58:00,76.4200,76.4800,76.4100,76.4600,413067
2009-03-17 11:57:00,76.4199,76.4300,76.3800,76.4200,176820
2009-03-17 11:56:00,76.3600,76.4200,76.3600,76.3950,154094
2009-03-17 11:55:00,76.3900,76.4200,76.3300,76.3600,525534
2009-03-17 11:54:00,76.3300,76.4000,76.3275,76.3900,217213
2009-03-17 11:53:00,76.3900,76.4000,76.3100,76.3300,387621
2009-03-17 11:52:00,76.3200,76.4000,76.3075,76.3900,229922
2009-03-17 11:51:00,76.3400,76.3800,76.3000,76.3200,537025
2009-03-17 11:50:00,76.3200,76.3700,76.3100,76.3400,224440
2009-03-17 11:49:00,76.3500,76.3600,76.2800,76.3100,330414
2009-03-17 11:48:00,76.2900,76.3600,76.2800,76.3400,414623
2009-03-17 11:47:00,76.3600,76.3700,76.2700,76.2900,474780
2009-03-17 11:46:00,76.3300,76.3600,76.3100,76.3600,228500
2009-03-17 11:45:00,76.3100,76.3800,76.3100,76.3400,230130
2009-03-17 11:44:00,76.2900,76.3700,76.2500,76.3200,410326
2009-03-17 11:43:00,76.2700,76.3200,76.2200,76.2800,637718
2009-03-17 11:42:00,76.2400,76.3000,76.2000,76.2700,712076
2009-03-17 11:41:00,76.1000,76.2500,76.0675,76.2400,345176
2009-03-17 11:40:00,76.1200,76.1200,76.0600,76.1100,183482
2009-03-17 11:39:00,76.1200,76.1500,76.1100,76.1200,123485
2009-03-17 11:38:00,76.0800,76.1300,76.0600,76.1100,246149
2009-03-17 11:37:00,76.1400,76.1499,76.0500,76.0800,355685
2009-03-17 11:36:00,76.0700,76.1500,76.0400,76.1500,850592
2009-03-17 11:35:00,76.0600,76.1000,76.0400,76.0606,677554
2009-03-17 11:34:00,76.0700,76.1200,75.9800,76.0600,854690
2009-03-17 11:33:00,76.1500,76.1700,76.0700,76.0700,361070
2009-03-17 11:32:00,76.1600,76.1700,76.1200,76.1500,293646
2009-03-17 11:31:00,76.2000,76.2300,76.1500,76.1600,218573
2009-03-17 11:30:00,76.2000,76.2200,76.1200,76.2000,347588
2009-03-17 11:29:00,76.1500,76.2200,76.1200,76.1600,246457
2009-03-17 11:28:00,76.1300,76.1800,76.1200,76.1501,298803
2009-03-17 11:27:00,76.1050,76.1700,76.1000,76.1380,440987
2009-03-17 11:26:00,76.2400,76.2700,76.0800,76.1500,528633
2009-03-17 11:25:00,76.2000,76.2700,76.1900,76.2300,349679
2009-03-17 11:24:00,76.3400,76.3700,75.8500,76.2000,457846
2009-03-17 11:23:00,76.3200,76.4200,76.3000,76.3400,532207
2009-03-17 11:22:00,76.2600,76.3200,76.2300,76.3200,373371
2009-03-17 11:21:00,76.2700,76.2800,76.2300,76.2600,337652
2009-03-17 11:20:00,76.2100,76.2800,76.1700,76.2600,389111
2009-03-17 11:19:00,76.2000,76.2700,76.1800,76.2100,575591
2009-03-17 11:18:00,76.2000,76.2100,76.1800,76.1900,223165
2009-03-17 11:17:00,76.2000,76.2400,76.1700,76.2000,488527
2009-03-17 11:16:00,76.3600,76.4100,76.1800,76.2000,781163
2009-03-17 11:15:00,76.2900,76.3700,76.2700,76.3600,554920
2009-03-17 11:14:00,76.3300,76.3300,76.2500,76.2900,493570
2009-03-17 11:13:00,76.3800,76.3900,76.3100,76.3206,430878
2009-03-17 11:12:00,76.4100,76.4400,76.3750,76.3900,218541
2009-03-17 11:11:00,76.4100,76.4300,76.4000,76.4000,286141
2009-03-17 11:10:00,76.4200,76.4700,76.3700,76.4100,469876
2009-03-17 11:09:00,76.4300,76.4500,76.3900,76.4200,264961
2009-03-17 11:08:00,76.4300,76.4400,76.3600,76.4400,431311
2009-03-17 11:07:00,76.3600,76.4400,76.3500,76.4200,722757
2009-03-17 11:06:00,76.3200,76.3600,76.3000,76.3600,350200
2009-03-17 11:05:00,76.3100,76.3200,76.2700,76.3200,293310
2009-03-17 11:04:00,76.2700,76.3300,76.2600,76.3100,554301
2009-03-17 11:03:00,76.3800,76.4000,76.2600,76.2700,583816
2009-03-17 11:02:00,76.4300,76.4300,76.3600,76.3800,1070179
2009-03-17 11:01:00,76.4100,76.4500,76.3875,76.4500,273317
2009-03-17 11:00:00,76.4800,76.4900,76.3400,76.4100,2567228
2009-03-17 10:59:00,76.5000,76.5000,76.4800,76.4900,250549
2009-03-17 10:58:00,76.4900,76.5700,76.4800,76.5000,385564
2009-03-17 10:57:00,76.5300,76.5500,76.4800,76.4900,893932
2009-03-17 10:56:00,76.6500,76.6500,76.5100,76.5300,344427
2009-03-17 10:55:00,76.5899,76.6700,76.5600,76.6700,701571
2009-03-17 10:54:00,76.5600,76.6300,76.5302,76.5900,866725
2009-03-17 10:53:00,76.6300,76.6500,76.5300,76.5600,1854470
2009-03-17 10:52:00,76.5300,76.6450,76.5200,76.6400,704459
2009-03-17 10:51:00,76.5500,76.5600,76.4900,76.5475,429733
2009-03-17 10:50:00,76.5600,76.5800,76.4800,76.5406,1124956
2009-03-17 10:49:00,76.5800,76.6500,76.5300,76.5600,1652633
2009-03-17 10:48:00,76.5500,76.6100,76.5100,76.5900,1111829
2009-03-17 10:47:00,76.5200,76.5600,76.5000,76.5200,727287
2009-03-17 10:46:00,76.4700,76.5500,76.4380,76.5100,1829424
2009-03-17 10:45:00,76.2799,76.4700,76.2799,76.4600,1505340
2009-03-17 10:44:00,76.0900,76.3100,76.0800,76.2700,795461
2009-03-17 10:43:00,76.1500,76.1600,76.0900,76.1000,187965
2009-03-17 10:42:00,76.0700,76.1700,75.9600,76.1500,746169
2009-03-17 10:41:00,76.1700,76.1800,76.0578,76.0800,620265
2009-03-17 10:40:00,76.1000,76.1700,76.0875,76.1600,408060
2009-03-17 10:39:00,76.1500,76.1900,76.0800,76.1000,821895
2009-03-17 10:38:00,76.0600,76.1600,76.0100,76.1200,417296
2009-03-17 10:37:00,76.0100,76.0700,75.9900,76.0600,705481
2009-03-17 10:36:00,75.9400,76.0300,75.9200,76.0000,629378
2009-03-17 10:35:00,75.9800,76.1200,75.9200,75.9500,1517666
2009-03-17 10:34:00,75.9300,76.0200,75.8700,75.9900,886128
2009-03-17 10:33:00,75.9500,75.9600,75.8900,75.9200,593954
2009-03-17 10:32:00,75.9600,75.9900,75.9200,75.9600,570085
2009-03-17 10:31:00,75.9300,75.9900,75.8500,75.9600,582315
2009-03-17 10:30:00,75.9500,75.9601,75.8400,75.9200,1033676
2009-03-17 10:29:00,75.9400,76.0700,75.9200,75.9500,914197
2009-03-17 10:28:00,76.0500,76.0500,75.9400,75.9400,1310601
2009-03-17 10:27:00,76.1400,76.1500,76.0400,76.0500,1080686
2009-03-17 10:26:00,76.2200,76.2900,76.1400,76.1400,278889
2009-03-17 10:25:00,76.3300,76.3500,76.1700,76.2200,761835
2009-03-17 10:24:00,76.2500,76.3800,76.2400,76.3200,840680
2009-03-17 10:23:00,76.1900,76.3500,76.1400,76.2500,1289085
2009-03-17 10:22:00,76.1300,76.2200,76.1100,76.1800,948485
2009-03-17 10:21:00,76.2850,76.3000,76.1000,76.1200,721690
2009-03-17 10:20:00,76.0600,76.3000,76.0500,76.2700,1222199
2009-03-17 10:19:00,76.2100,76.2200,76.0200,76.0600,514089
2009-03-17 10:18:00,76.1300,76.2200,76.0100,76.2100,1068424
2009-03-17 10:17:00,76.1900,76.2500,76.1000,76.1300,843355
2009-03-17 10:16:00,76.1700,76.2500,76.1000,76.1900,1183071
2009-03-17 10:15:00,76.0100,76.2400,76.0000,76.1600,1045392
2009-03-17 10:14:00,75.9800,76.0500,75.9300,76.0100,1078157
2009-03-17 10:13:00,75.9900,76.0100,75.9200,75.9800,641531
2009-03-17 10:12:00,75.9000,76.0100,75.8900,75.9900,1304586
2009-03-17 10:11:00,76.1500,76.1600,75.9000,75.9100,1167176
2009-03-17 10:10:00,76.1600,76.2700,76.1300,76.1500,1298464
2009-03-17 10:09:00,76.0900,76.1800,76.0400,76.1500,956375
2009-03-17 10:08:00,76.0300,76.1100,76.0100,76.0900,1100182
2009-03-17 10:07:00,76.1100,76.1300,75.9900,76.0400,1544725
2009-03-17 10:06:00,76.1300,76.2100,76.1000,76.1100,563095
2009-03-17 10:05:00,76.2100,76.2100,76.1000,76.1274,877708
2009-03-17 10:04:00,76.2750,76.3100,76.1900,76.2100,750181
2009-03-17 10:03:00,76.2900,76.3200,76.2600,76.2700,784615
2009-03-17 10:02:00,76.3700,76.4000,76.2700,76.2900,1234812
2009-03-17 10:01:00,76.1400,76.3900,76.1300,76.3600,2223623
2009-03-17 10:00:00,75.8800,76.1700,75.8800,76.1400,1457933
2009-03-17 09:59:00,75.9900,75.9900,75.8800,75.8900,268608
2009-03-17 09:58:00,75.9150,76.0100,75.9150,75.9900,427408
2009-03-17 09:57:00,75.9700,76.0000,75.9000,75.9200,572819
2009-03-17 09:56:00,76.0306,76.0800,75.9500,75.9800,628078
2009-03-17 09:55:00,75.9000,76.1400,75.8900,76.0399,1972587
2009-03-17 09:54:00,75.8500,75.9100,75.8400,75.9000,1032451
2009-03-17 09:53:00,75.8000,75.8500,75.7800,75.8500,871940
2009-03-17 09:52:00,75.8399,75.8400,75.6900,75.8000,674113
2009-03-17 09:51:00,75.7300,75.8400,75.7000,75.8400,780205
2009-03-17 09:50:00,75.6850,75.7500,75.6700,75.7300,967916
2009-03-17 09:49:00,75.5900,75.7300,75.5850,75.6900,1153677
2009-03-17 09:48:00,75.6200,75.6400,75.5494,75.5900,1216543
2009-03-17 09:47:00,75.5300,75.6700,75.5100,75.6100,2228953
2009-03-17 09:46:00,75.6400,75.6400,75.4500,75.5300,1995985
2009-03-17 09:45:00,75.5701,75.6700,75.5500,75.6400,1791014
2009-03-17 09:44:00,75.6000,75.6200,75.5400,75.5701,663329
2009-03-17 09:43:00,75.7000,75.7100,75.5800,75.5900,729306
2009-03-17 09:42:00,75.7500,75.7700,75.6500,75.7000,857021
2009-03-17 09:41:00,75.6800,75.7600,75.6650,75.7500,914164
2009-03-17 09:40:00,75.8000,75.8000,75.6600,75.6800,1419532
2009-03-17 09:39:00,75.9200,75.9500,75.8000,75.8100,1089015
2009-03-17 09:38:00,76.0700,76.1300,75.9200,75.9200,814074
2009-03-17 09:37:00,76.1100,76.1200,76.0000,76.0606,805259
2009-03-17 09:36:00,76.0000,76.1500,75.9900,76.1100,1219648
2009-03-17 09:35:00,76.1300,76.1800,75.9700,76.0000,1207063
2009-03-17 09:34:00,76.1600,76.2400,76.1200,76.1300,823341
2009-03-17 09:33:00,76.0500,76.2400,76.0400,76.1600,1200106
2009-03-17 09:32:00,76.0100,76.0900,75.9800,76.0500,945304
2009-03-17 09:31:00,76.0000,76.0700,75.9400,76.0100,867025
2009-03-17 09:30:00,76.0500,76.0700,75.9400,75.9903,1005343
2009-03-17 09:29:00,75.9500,76.0600,75.9300,76.0500,220556
2009-03-17 09:28:00,75.9300,75.9700,75.9300,75.9500,16110
2009-03-17 09:27:00,75.9400,75.9600,75.9000,75.9500,213194
2009-03-17 09:26:00,75.9500,75.9700,75.9100,75.9200,53489
2009-03-17 09:25:00,75.9800,76.0200,75.9500,75.9600,14639
2009-03-17 09:24:00,76.0100,76.0100,75.9800,76.0000,13300
2009-03-17 09:23:00,76.0100,76.0600,75.9900,76.0100,36519
2009-03-17 09:22:00,75.9400,75.9900,75.9400,75.9800,14836
2009-03-17 09:21:00,75.9600,75.9700,75.9200,75.9400,25999
2009-03-17 09:20:00,76.0300,76.0400,75.9600,75.9600,29427
2009-03-17 09:19:00,76.0300,76.0500,76.0300,76.0400,13827
2009-03-17 09:18:00,76.0400,76.0500,76.0100,76.0300,70407
2009-03-17 09:17:00,76.0800,76.0900,76.0300,76.0300,7434
2009-03-17 09:16:00,76.0800,76.0900,76.0700,76.0900,16605
2009-03-17 09:15:00,76.0700,76.1100,76.0700,76.0700,228865
2009-03-17 09:14:00,76.0800,76.0800,76.0100,76.0700,107922
2009-03-17 09:13:00,76.0600,76.0800,76.0500,76.0800,20086
2009-03-17 09:12:00,76.0900,76.1000,76.0600,76.0600,24278
2009-03-17 09:11:00,76.1100,76.1100,76.0600,76.0600,44122
2009-03-17 09:10:00,76.1500,76.2100,76.1100,76.1100,40170
2009-03-17 09:09:00,76.1600,76.1900,76.1400,76.1600,24582
2009-03-17 09:08:00,76.1600,76.1900,76.1400,76.1600,29463
2009-03-17 09:07:00,76.1700,76.2000,76.1600,76.1600,4513
2009-03-17 09:06:00,76.2200,76.2200,76.1700,76.1800,14916
2009-03-17 09:05:00,76.2300,76.2500,76.2300,76.2300,21921
2009-03-17 09:04:00,76.2300,76.2300,76.2100,76.2300,32273
2009-03-17 09:03:00,76.2500,76.2600,76.1800,76.2400,68100
2009-03-17 09:02:00,76.2600,76.3500,76.2400,76.2600,160160
2009-03-17 09:01:00,76.3500,76.3500,76.2700,76.2700,305713
2009-03-17 09:00:00,76.3400,76.3600,76.3300,76.3600,143186
2009-03-17 08:59:00,76.2800,76.3600,76.2700,76.3400,251231
2009-03-17 08:58:00,76.3400,76.3500,76.2700,76.2700,69164
2009-03-17 08:57:00,76.3200,76.3600,76.2800,76.3400,35132
2009-03-17 08:56:00,76.3200,76.3400,76.3200,76.3300,17900
2009-03-17 08:55:00,76.3300,76.3500,76.3200,76.3500,19221
2009-03-17 08:54:00,76.2600,76.3300,76.2400,76.3300,76486
2009-03-17 08:53:00,76.2700,76.2700,76.2600,76.2600,12586
2009-03-17 08:52:00,76.2900,76.2900,76.2600,76.2700,9300
2009-03-17 08:51:00,76.3100,76.3100,76.3100,76.3100,3694
2009-03-17 08:50:00,76.3100,76.3200,76.2500,76.2500,61027
2009-03-17 08:49:00,76.2800,76.3200,76.2800,76.3100,7139
2009-03-17 08:48:00,76.2800,76.3300,76.2400,76.3300,114934
2009-03-17 08:47:00,76.3000,76.3200,76.2800,76.2800,61708
2009-03-17 08:46:00,76.3300,76.3300,76.3000,76.3000,55474
2009-03-17 08:45:00,76.3200,76.3900,76.3200,76.3400,90721
2009-03-17 08:44:00,76.3500,76.3500,76.3200,76.3200,9837
2009-03-17 08:43:00,76.3900,76.3900,76.3200,76.3600,16686
2009-03-17 08:42:00,76.3500,76.4200,76.3400,76.3900,120675
2009-03-17 08:41:00,76.4100,76.4100,76.3300,76.3600,100178
2009-03-17 08:40:00,76.4700,76.5100,76.4000,76.4000,58860
2009-03-17 08:39:00,76.3500,76.4900,76.3400,76.4900,100263
2009-03-17 08:38:00,76.2400,76.3800,76.2200,76.3500,85638
2009-03-17 08:37:00,76.3000,76.3300,76.2300,76.2400,197934
2009-03-17 08:36:00,76.1400,76.3000,76.1400,76.3000,49459
2009-03-17 08:35:00,76.2200,76.2200,76.1100,76.1400,20700
2009-03-17 08:34:00,76.2000,76.2200,76.1700,76.2200,10900
2009-03-17 08:33:00,76.2000,76.2400,76.1800,76.2300,30400
2009-03-17 08:32:00,76.2200,76.2200,76.1600,76.2000,72422
2009-03-17 08:31:00,76.3000,76.3200,76.1700,76.2300,307112
2009-03-17 08:30:00,75.9700,76.2900,75.9700,76.2900,355962
2009-03-17 08:29:00,75.9500,75.9900,75.9500,75.9700,59701
2009-03-17 08:28:00,76.0000,76.0000,75.9400,75.9500,10461
2009-03-17 08:27:00,76.0200,76.0200,76.0000,76.0000,8309
2009-03-17 08:26:00,76.0700,76.0700,76.0200,76.0200,67229
2009-03-17 08:25:00,76.0600,76.0700,76.0600,76.0700,11494
2009-03-17 08:24:00,76.0700,76.1100,76.0700,76.0700,143978
2009-03-17 08:23:00,76.0700,76.0800,76.0600,76.0700,24839
2009-03-17 08:22:00,76.0300,76.0800,76.0300,76.0700,80594
2009-03-17 08:21:00,75.9300,76.0300,75.9300,76.0200,223307
2009-03-17 08:20:00,75.8600,75.9300,75.8600,75.9300,61161
2009-03-17 08:19:00,75.8800,75.8800,75.8700,75.8700,30727
2009-03-17 08:18:00,75.8500,75.8800,75.8500,75.8800,32674
2009-03-17 08:17:00,75.8500,75.8700,75.8500,75.8500,7426
2009-03-17 08:16:00,75.8300,75.8800,75.8100,75.8500,59168
2009-03-17 08:15:00,75.9000,75.9000,75.8200,75.8200,25462
2009-03-17 08:14:00,75.9300,75.9300,75.9000,75.9100,31901
2009-03-17 08:13:00,75.9400,75.9400,75.9300,75.9300,9816
2009-03-17 08:12:00,75.8600,75.9400,75.8600,75.9300,41840
2009-03-17 08:11:00,75.8900,75.8900,75.8000,75.8500,155172
2009-03-17 08:10:00,75.9400,75.9500,75.9000,75.9000,51642
2009-03-17 08:09:00,75.9600,75.9700,75.9200,75.9400,84680
2009-03-17 08:08:00,75.9900,75.9900,75.9600,75.9600,8484
2009-03-17 08:07:00,75.9600,75.9800,75.9600,75.9700,30667
2009-03-17 08:06:00,75.9500,76.0000,75.9500,75.9550,66900
2009-03-17 08:05:00,76.0800,76.0800,75.9600,75.9600,37650
2009-03-17 08:04:00,76.1000,76.1000,76.0400,76.0600,113556
2009-03-17 08:03:00,76.1300,76.1300,76.0600,76.1000,66130
2009-03-17 08:02:00,76.1300,76.1400,76.1200,76.1200,66550
2009-03-17 08:01:00,76.1200,76.1400,76.1200,76.1300,76100
2009-03-17 08:00:00,76.1200,76.1200,76.1200,76.1200,1267950
2009-03-17 07:59:00,76.1700,76.1900,76.1200,76.1200,19309
2009-03-17 07:58:00,76.1200,76.1700,76.1200,76.1700,45401
2009-03-17 07:57:00,76.1200,76.1500,76.1000,76.1500,15899
2009-03-17 07:56:00,76.1800,76.1800,76.1200,76.1200,81602
2009-03-17 07:55:00,76.1500,76.1900,76.1400,76.1700,35900
2009-03-17 07:54:00,76.0800,76.1500,76.0800,76.1500,29137
2009-03-17 07:53:00,76.0900,76.1100,76.0800,76.0900,19900
2009-03-17 07:52:00,76.1700,76.1900,76.0700,76.0900,38604
2009-03-17 07:51:00,76.2300,76.2300,76.1600,76.1700,49580
2009-03-17 07:50:00,76.2500,76.2500,76.2500,76.2500,9700
2009-03-17 07:49:00,76.2600,76.2600,76.2000,76.2600,3000
2009-03-17 07:48:00,76.2600,76.2600,76.2600,76.2600,200
2009-03-17 07:47:00,76.3200,76.3200,76.2600,76.2700,51300
2009-03-17 07:46:00,76.3100,76.3100,76.3100,76.3100,15800
2009-03-17 07:45:00,76.2900,76.3000,76.2900,76.3000,200
2009-03-17 07:44:00,76.3100,76.3100,76.3000,76.3000,25200
2009-03-17 07:42:00,76.3100,76.3100,76.3100,76.3100,15700
2009-03-17 07:41:00,76.3000,76.3000,76.3000,76.3000,3400
2009-03-17 07:40:00,76.3000,76.3100,76.2700,76.3000,13900
2009-03-17 07:39:00,76.2700,76.3000,76.2700,76.3000,19800
2009-03-17 07:38:00,76.3000,76.3300,76.3000,76.3000,3625
2009-03-17 07:37:00,76.3000,76.3000,76.2900,76.2900,4175
2009-03-17 07:36:00,76.3300,76.3300,76.3000,76.3000,10800
2009-03-17 07:35:00,76.3000,76.3300,76.3000,76.3300,4349
2009-03-17 07:34:00,76.3000,76.3300,76.3000,76.3300,1655
2009-03-17 07:33:00,76.2900,76.3000,76.2900,76.3000,300
2009-03-17 07:32:00,76.2800,76.2800,76.2800,76.2800,126
2009-03-17 07:31:00,76.2300,76.2700,76.2300,76.2700,2300
2009-03-17 07:28:00,76.2400,76.2500,76.2400,76.2500,200
2009-03-17 07:27:00,76.2800,76.2800,76.2800,76.2800,2000
2009-03-17 07:26:00,76.2200,76.2200,76.2200,76.2200,300
2009-03-17 07:25:00,76.2400,76.2400,76.2400,76.2400,1000
2009-03-17 07:23:00,76.3000,76.3000,76.3000,76.3000,2150
2009-03-17 07:22:00,76.3200,76.3200,76.3200,76.3200,10000
2009-03-17 07:21:00,76.3000,76.3300,76.3000,76.3300,20500
2009-03-17 07:20:00,76.2600,76.3200,76.2600,76.3200,5150
2009-03-17 07:19:00,76.3100,76.3100,76.2600,76.2600,11300
2009-03-17 07:18:00,76.3100,76.3100,76.3100,76.3100,100
2009-03-17 07:16:00,76.3200,76.3200,76.3000,76.3000,600
2009-03-17 07:15:00,76.3000,76.3200,76.3000,76.3200,5000
2009-03-17 07:12:00,76.2600,76.3000,76.2600,76.3000,31300
2009-03-17 07:09:00,76.2800,76.2800,76.2800,76.2800,200
2009-03-17 07:08:00,76.2700,76.2700,76.2700,76.2700,1000
2009-03-17 07:07:00,76.2800,76.2800,76.2600,76.2800,20100
2009-03-17 07:06:00,76.2200,76.2500,76.2200,76.2500,2000
2009-03-17 07:05:00,76.1700,76.1700,76.1700,76.1700,4300
2009-03-17 07:04:00,76.2600,76.2600,76.1600,76.1800,29645
2009-03-17 07:03:00,76.3200,76.3300,76.3000,76.3100,24600
2009-03-17 07:02:00,76.3700,76.3700,76.3700,76.3700,3000
2009-03-17 07:01:00,76.4000,76.4000,76.4000,76.4000,2100
2009-03-17 07:00:00,76.4500,76.4500,76.4000,76.4000,2999
2009-03-17 06:58:00,76.4500,76.4500,76.4000,76.4200,1200
2009-03-17 06:55:00,76.5500,76.5600,76.5200,76.5200,9700
2009-03-17 06:54:00,76.5600,76.5600,76.5100,76.5100,14700
2009-03-17 06:52:00,76.4800,76.5400,76.4800,76.5400,700
2009-03-17 06:50:00,76.5400,76.5400,76.5400,76.5400,2000
2009-03-17 06:47:00,76.5800,76.5800,76.5800,76.5800,100
2009-03-17 06:46:00,76.5500,76.5500,76.5500,76.5500,2500
2009-03-17 06:45:00,76.6400,76.6400,76.6200,76.6200,200
2009-03-17 06:41:00,76.7100,76.7100,76.7100,76.7100,2500
2009-03-17 06:39:00,76.7100,76.7100,76.7100,76.7100,1500
2009-03-17 06:31:00,76.5600,76.5600,76.5600,76.5600,100
2009-03-17 06:25:00,76.5500,76.5600,76.5300,76.5600,3600
2009-03-17 06:21:00,76.5500,76.6600,76.5500,76.6600,300
2009-03-17 06:20:00,76.5300,76.5300,76.5300,76.5300,2000
2009-03-17 06:17:00,76.4600,76.4600,76.4600,76.4600,40000
2009-03-17 06:11:00,76.5300,76.5300,76.5300,76.5300,200
2009-03-17 06:09:00,76.5100,76.5100,76.5100,76.5100,1000
2009-03-17 06:03:00,76.5900,76.5900,76.5900,76.5900,400
2009-03-17 06:02:00,76.5200,76.5400,76.5200,76.5400,2500
2009-03-17 06:00:00,76.3800,76.4300,76.3800,76.4300,2700
2009-03-17 05:59:00,76.4000,76.4500,76.4000,76.4500,5000
2009-03-17 05:56:00,76.4800,76.4800,76.4800,76.4800,3400
2009-03-17 05:55:00,76.4500,76.4600,76.4500,76.4600,1600
2009-03-17 05:10:00,76.2800,76.2800,76.2800,76.2800,100
2009-03-17 05:03:00,76.4000,76.4000,76.4000,76.4000,100
2009-03-17 04:58:00,76.4500,76.4500,76.4500,76.4500,400
2009-03-17 04:56:00,76.3300,76.3300,76.3300,76.3300,100
2009-03-17 04:19:00,76.1800,76.1800,76.1800,76.1800,200
2009-03-17 04:15:00,76.1300,76.2000,76.1300,76.2000,400
2009-03-16 19:59:00,76.2800,76.3000,76.2800,76.3000,3280
2009-03-16 19:58:00,76.2800,76.2900,76.2800,76.2800,2200
2009-03-16 19:57:00,76.2700,76.2800,76.2700,76.2800,1000
2009-03-16 19:56:00,76.2400,76.2800,76.2100,76.2800,800
2009-03-16 19:53:00,76.2600,76.2600,76.2500,76.2500,290
2009-03-16 19:52:00,76.2500,76.2500,76.2500,76.2500,310
2009-03-16 19:49:00,76.2400,76.2400,76.2400,76.2400,1200
2009-03-16 19:46:00,76.2500,76.2500,76.2500,76.2500,1200
2009-03-16 19:39:00,76.2500,76.2500,76.2500,76.2500,1000
2009-03-16 19:35:00,76.2400,76.2400,76.2400,76.2400,650
2009-03-16 19:34:00,76.2400,76.2600,76.2400,76.2400,17568
2009-03-16 19:33:00,76.1900,76.2400,76.1900,76.2400,2300
2009-03-16 19:32:00,76.2300,76.2400,76.2300,76.2400,2200
2009-03-16 19:31:00,76.2300,76.2300,76.2300,76.2300,328
2009-03-16 19:27:00,76.2200,76.2500,76.2200,76.2500,500
2009-03-16 19:26:00,76.2000,76.2000,76.2000,76.2000,100
2009-03-16 19:25:00,76.1900,76.1900,76.1900,76.1900,1200
2009-03-16 19:23:00,76.1900,76.1900,76.1900,76.1900,232
2009-03-16 19:21:00,76.1900,76.1900,76.1900,76.1900,100
2009-03-16 19:16:00,76.1900,76.1900,76.1900,76.1900,500
2009-03-16 19:15:00,76.1900,76.1900,76.1900,76.1900,1700
2009-03-16 19:14:00,76.1900,76.2100,76.1800,76.2100,900
2009-03-16 19:10:00,76.1900,76.1900,76.1900,76.1900,4853
2009-03-16 19:07:00,76.1900,76.1900,76.1900,76.1900,1600
2009-03-16 19:06:00,76.1900,76.2100,76.1900,76.2100,3500
2009-03-16 19:05:00,76.1900,76.1900,76.1900,76.1900,1105
2009-03-16 19:04:00,76.1900,76.1900,76.1900,76.1900,100
2009-03-16 19:03:00,76.2000,76.2000,76.2000,76.2000,100
2009-03-16 19:02:00,76.1900,76.1900,76.1900,76.1900,5000
2009-03-16 18:59:00,76.2100,76.2100,76.2100,76.2100,100
2009-03-16 18:56:00,76.2100,76.2100,76.2100,76.2100,300
2009-03-16 18:54:00,76.2000,76.2100,76.2000,76.2100,2700
2009-03-16 18:53:00,76.2300,76.2300,76.2300,76.2300,150
2009-03-16 18:52:00,76.2300,76.2300,76.2300,76.2300,236
2009-03-16 18:51:00,76.2100,76.2100,76.2100,76.2100,2159
2009-03-16 18:49:00,76.2300,76.2300,76.2300,76.2300,100
2009-03-16 18:44:00,76.2100,76.2100,76.2000,76.2000,1269
2009-03-16 18:42:00,76.2100,76.2100,76.2100,76.2100,199
2009-03-16 18:41:00,76.2200,76.2200,76.2200,76.2200,600
2009-03-16 18:35:00,76.2200,76.2500,76.2200,76.2500,330
2009-03-16 18:34:00,76.2000,76.2000,76.2000,76.2000,6200
2009-03-16 18:33:00,76.2000,76.2000,76.1900,76.1900,784
2009-03-16 18:32:00,76.2000,76.2000,76.2000,76.2000,4500
2009-03-16 18:31:00,76.2000,76.2000,76.2000,76.2000,2349
2009-03-16 18:30:00,76.1700,76.2000,76.1700,76.2000,21501
2009-03-16 18:29:00,76.1700,76.1700,76.1700,76.1700,1200
2009-03-16 18:28:00,76.1600,76.1600,76.1600,76.1600,12900
2009-03-16 18:27:00,76.1600,76.1600,76.1600,76.1600,4000
2009-03-16 18:26:00,76.1600,76.1600,76.1600,76.1600,5000
2009-03-16 18:25:00,76.1700,76.1700,76.1600,76.1600,1500
2009-03-16 18:24:00,76.1700,76.1700,76.1700,76.1700,200
2009-03-16 18:23:00,76.1600,76.1600,76.1600,76.1600,100
2009-03-16 18:22:00,76.1700,76.1700,76.1500,76.1500,13012
2009-03-16 18:21:00,76.1700,76.1700,76.1700,76.1700,500
2009-03-16 18:20:00,76.1600,76.1600,76.1600,76.1600,131
2009-03-16 18:19:00,76.1700,76.1700,76.1600,76.1600,1800
2009-03-16 18:18:00,76.1600,76.1600,76.1600,76.1600,1646
2009-03-16 18:17:00,76.1600,76.1600,76.1400,76.1600,12477
2009-03-16 18:16:00,76.1600,76.1600,76.1600,76.1600,17485
2009-03-16 18:15:00,76.1700,76.1700,76.1700,76.1700,500
2009-03-16 18:13:00,76.1600,76.1600,76.1600,76.1600,3500
2009-03-16 18:12:00,76.1600,76.1600,76.1600,76.1600,260
2009-03-16 18:09:00,76.1700,76.1700,76.1700,76.1700,1000
2009-03-16 18:07:00,76.1600,76.1600,76.1500,76.1500,44666
2009-03-16 18:06:00,76.1600,76.1700,76.1600,76.1600,22450
2009-03-16 18:05:00,76.1700,76.1700,76.1500,76.1700,47500
2009-03-16 18:04:00,76.1600,76.1700,76.1600,76.1700,140799
2009-03-16 18:03:00,76.1600,76.1600,76.1500,76.1600,3538
2009-03-16 18:02:00,76.1700,76.1700,76.1700,76.1700,2000
2009-03-16 18:01:00,76.1700,76.1800,76.1700,76.1800,18400
2009-03-16 17:59:00,76.1600,76.1700,76.1600,76.1600,1300
2009-03-16 17:57:00,76.1600,76.1600,76.1600,76.1600,243
2009-03-16 17:56:00,76.1800,76.1800,76.1600,76.1600,500
2009-03-16 17:55:00,76.1700,76.1700,76.1700,76.1700,500
2009-03-16 17:54:00,76.1800,76.1800,76.1800,76.1800,2500
2009-03-16 17:50:00,76.1800,76.1800,76.1800,76.1800,250
2009-03-16 17:48:00,76.1600,76.1600,76.1600,76.1600,156
2009-03-16 17:44:00,76.1700,76.1700,76.1700,76.1700,476
2009-03-16 17:43:00,76.1800,76.1800,76.1800,76.1800,1000
2009-03-16 17:42:00,76.1600,76.1600,76.1600,76.1600,1258
2009-03-16 17:41:00,76.1600,76.1600,76.1600,76.1600,500
2009-03-16 17:40:00,76.1600,76.1600,76.1500,76.1500,500
2009-03-16 17:39:00,76.1500,76.1500,76.1500,76.1500,200
2009-03-16 17:38:00,76.1700,76.1800,76.1500,76.1500,500
2009-03-16 17:37:00,76.1700,76.2000,76.1700,76.1800,1000
2009-03-16 17:34:00,76.1400,76.1400,76.1400,76.1400,2200
2009-03-16 17:33:00,76.1500,76.1500,76.1400,76.1500,4888
2009-03-16 17:31:00,76.1600,76.1600,76.1500,76.1500,5928
2009-03-16 17:30:00,76.1800,76.1800,76.1800,76.1800,3599
2009-03-16 17:29:00,76.1800,76.1800,76.1700,76.1700,2000
2009-03-16 17:27:00,76.1700,76.1800,76.1600,76.1800,7610
2009-03-16 17:26:00,76.1700,76.1800,76.1700,76.1800,4400
2009-03-16 17:25:00,76.1700,76.2000,76.1700,76.1700,4443
2009-03-16 17:24:00,76.1600,76.1800,76.1600,76.1800,50950
2009-03-16 17:23:00,76.1800,76.1800,76.1700,76.1700,6838
2009-03-16 17:22:00,76.1900,76.1900,76.1900,76.1900,200
2009-03-16 17:19:00,76.1700,76.1700,76.1700,76.1700,300
2009-03-16 17:18:00,76.1600,76.1600,76.1600,76.1600,1100
2009-03-16 17:17:00,76.1800,76.1800,76.1600,76.1600,4837
2009-03-16 17:16:00,76.1900,76.1900,76.1800,76.1800,7001
2009-03-16 17:15:00,76.2000,76.2000,76.1900,76.1900,1000
2009-03-16 17:11:00,76.1900,76.1900,76.1900,76.1900,100
2009-03-16 17:10:00,76.2000,76.2000,76.1900,76.1900,1000
2009-03-16 17:08:00,76.2000,76.2000,76.2000,76.2000,500
2009-03-16 17:07:00,76.2000,76.2000,76.2000,76.2000,390
2009-03-16 17:06:00,76.2100,76.2100,76.2000,76.2000,2236
2009-03-16 17:05:00,76.2100,76.2100,76.2100,76.2100,100
2009-03-16 17:04:00,76.2100,76.2100,76.2100,76.2100,16200
2009-03-16 17:03:00,76.2100,76.2100,76.2100,76.2100,7500
2009-03-16 17:00:00,76.2100,76.2100,76.2100,76.2100,905
2009-03-16 16:59:00,76.2100,76.2300,76.2100,76.2100,8408
2009-03-16 16:58:00,76.2300,76.2300,76.2000,76.2100,42092
2009-03-16 16:57:00,76.2300,76.2300,76.2300,76.2300,100
2009-03-16 16:56:00,76.2100,76.2200,76.2100,76.2200,10500
2009-03-16 16:55:00,76.2400,76.2400,76.2300,76.2300,20484
2009-03-16 16:54:00,76.2500,76.2500,76.2500,76.2500,4000
2009-03-16 16:53:00,76.2400,76.2400,76.2400,76.2400,12040
2009-03-16 16:52:00,76.2400,76.2500,76.2400,76.2500,900
2009-03-16 16:51:00,76.2500,76.2500,76.2500,76.2500,819
2009-03-16 16:50:00,76.2700,76.2800,76.2500,76.2700,16300
2009-03-16 16:49:00,76.2700,76.2800,76.2700,76.2800,1000
2009-03-16 16:48:00,76.2500,76.2500,76.2500,76.2500,1000
2009-03-16 16:47:00,76.2600,76.2600,76.2300,76.2300,10237
2009-03-16 16:46:00,76.2600,76.2600,76.2600,76.2600,1000
2009-03-16 16:45:00,76.2600,76.2600,76.2600,76.2600,500
2009-03-16 16:44:00,76.2200,76.2200,76.2200,76.2200,1000
2009-03-16 16:43:00,76.2200,76.2300,76.2100,76.2300,1361
2009-03-16 16:42:00,76.2100,76.2100,76.2100,76.2100,369
2009-03-16 16:41:00,76.2100,76.2200,76.2100,76.2200,7156
2009-03-16 16:39:00,76.2200,76.2200,76.2100,76.2100,26487
2009-03-16 16:38:00,76.2100,76.2300,76.2100,76.2300,400
2009-03-16 16:37:00,76.2300,76.2600,76.1800,76.2100,24400
2009-03-16 16:36:00,76.2300,76.2300,76.1800,76.2100,13038
2009-03-16 16:35:00,76.2400,76.2400,76.1555,76.2400,68169
2009-03-16 16:34:00,76.2400,76.2400,76.2200,76.2200,1200
2009-03-16 16:33:00,76.2600,76.2600,76.2400,76.2400,1657684
2009-03-16 16:32:00,76.2900,76.3200,76.2600,76.2600,35167
2009-03-16 16:31:00,76.2500,76.3000,76.2200,76.2900,208694
2009-03-16 16:30:00,76.2200,76.2500,76.1900,76.2500,37032
2009-03-16 16:29:00,76.2200,76.2200,76.2200,76.2200,70486
2009-03-16 16:28:00,76.2200,76.2300,76.2200,76.2200,47931
2009-03-16 16:27:00,76.2200,76.2300,76.2200,76.2200,6193
2009-03-16 16:26:00,76.2200,76.2300,76.2200,76.2200,2209
2009-03-16 16:25:00,76.2300,76.2300,76.2300,76.2300,10030
2009-03-16 16:24:00,76.2300,76.2400,76.2300,76.2400,1600
2009-03-16 16:23:00,76.2200,76.2200,76.2000,76.2200,11238
2009-03-16 16:22:00,76.2300,76.2300,76.2300,76.2300,927
2009-03-16 16:21:00,76.2400,76.2500,76.2200,76.2500,2393
2009-03-16 16:20:00,76.2400,76.2400,76.2400,76.2400,25207
2009-03-16 16:19:00,76.2300,76.2300,76.2200,76.2200,24200
2009-03-16 16:18:00,76.2300,76.2400,76.2200,76.2400,1007200
2009-03-16 16:17:00,76.2200,76.2300,76.2200,76.2300,10171
2009-03-16 16:16:00,76.2200,76.2200,76.2100,76.2200,131190
2009-03-16 16:15:00,76.2200,76.2200,76.1400,76.2200,59006
2009-03-16 16:14:00,76.2600,76.2600,76.2300,76.2300,183871
2009-03-16 16:13:00,76.1900,76.2500,76.1800,76.2500,74950
2009-03-16 16:12:00,76.1900,76.1900,76.1100,76.1700,138958
2009-03-16 16:11:00,76.1900,76.2500,76.1700,76.2500,733016
2009-03-16 16:10:00,76.1700,76.2000,76.1700,76.1900,127840
2009-03-16 16:09:00,76.2300,76.2300,76.1700,76.1700,288404
2009-03-16 16:08:00,76.2600,76.2900,76.2200,76.2200,202113
2009-03-16 16:07:00,76.2700,76.2700,76.2200,76.2600,223170
2009-03-16 16:06:00,76.2200,76.3000,76.2200,76.2600,330243
2009-03-16 16:05:00,76.2600,76.2700,76.2200,76.2300,78477
2009-03-16 16:04:00,76.2100,76.2900,76.2100,76.2100,620724
2009-03-16 16:03:00,76.2500,76.2900,76.2000,76.2200,454577
2009-03-16 16:02:00,76.1800,76.2900,75.9900,76.2500,1103564
2009-03-16 16:01:00,76.1300,76.2000,76.0700,76.1800,644803
2009-03-16 16:00:00,75.9400,77.0000,75.9400,76.1400,22296363
2009-03-16 15:59:00,75.8900,75.9700,75.8100,75.9300,3692010
2009-03-16 15:58:00,75.8700,75.9000,75.8500,75.9000,1666985
2009-03-16 15:57:00,75.9200,75.9600,75.8700,75.8800,1517563
2009-03-16 15:56:00,76.0300,76.0400,75.9100,75.9200,915237
2009-03-16 15:55:00,76.0500,76.0800,76.0100,76.0200,990609
2009-03-16 15:54:00,75.9800,76.1500,75.9800,76.0500,1345625
2009-03-16 15:53:00,76.0600,76.1000,75.9700,75.9900,1332572
2009-03-16 15:52:00,76.0400,76.1000,76.0200,76.0700,914154
2009-03-16 15:51:00,76.1000,76.1600,76.0400,76.0400,951869
2009-03-16 15:50:00,76.0400,76.1100,76.0300,76.0950,725260
2009-03-16 15:49:00,76.1500,77.4000,76.0400,76.0400,1368080
2009-03-16 15:48:00,76.2100,76.2100,76.1000,76.1500,1564124
2009-03-16 15:47:00,76.1800,76.2300,76.1300,76.2000,1422891
2009-03-16 15:46:00,76.0400,76.1900,76.0300,76.1800,1153286
2009-03-16 15:45:00,76.0000,76.0500,75.9600,76.0400,1002343
2009-03-16 15:44:00,76.0000,76.0600,75.9500,76.0000,1043152
2009-03-16 15:43:00,75.9300,76.0300,75.9000,76.0300,1509817
2009-03-16 15:42:00,75.9600,76.0000,75.8500,75.9400,1367275
2009-03-16 15:41:00,76.0125,76.0200,75.9250,75.9500,1159481
2009-03-16 15:40:00,76.0700,76.1400,76.0100,76.0100,1741831
2009-03-16 15:39:00,76.1200,76.1300,76.0000,76.0600,2976976
2009-03-16 15:38:00,76.2000,76.2100,76.0900,76.1200,1540752
2009-03-16 15:37:00,76.3400,76.3700,76.1900,76.2000,715164
2009-03-16 15:36:00,76.4200,76.4200,76.3300,76.3500,478953
2009-03-16 15:35:00,76.4500,76.4700,76.3900,76.4200,546129
2009-03-16 15:34:00,76.4000,76.5000,76.3900,76.4600,847517
2009-03-16 15:33:00,76.3900,76.5100,76.3800,76.4100,1016013
2009-03-16 15:32:00,76.4400,76.4700,76.3600,76.3800,610875
2009-03-16 15:31:00,76.4200,76.4700,76.4000,76.4500,435146
2009-03-16 15:30:00,76.4600,76.4800,76.4100,76.4200,1055217
2009-03-16 15:29:00,76.3400,76.4600,76.3200,76.4500,1137774
2009-03-16 15:28:00,76.3300,76.3500,76.2600,76.3400,464593
2009-03-16 15:27:00,76.3000,76.3300,76.2700,76.3190,797431
2009-03-16 15:26:00,76.2800,76.3100,76.2000,76.3100,2412452
2009-03-16 15:25:00,76.2000,76.3000,76.1900,76.2800,1619858
2009-03-16 15:24:00,76.2600,76.2900,76.1900,76.2000,1185430
2009-03-16 15:23:00,76.3799,76.3900,76.2300,76.2700,1505031
2009-03-16 15:22:00,76.3900,76.4000,76.3300,76.3800,1897887
2009-03-16 15:21:00,76.5100,76.5100,76.3500,76.3900,1092311
2009-03-16 15:20:00,76.6000,76.6350,76.5000,76.5100,1923112
2009-03-16 15:19:00,76.5300,76.6500,76.5200,76.6000,941530
2009-03-16 15:18:00,76.5900,76.6000,76.5000,76.5300,1310096
2009-03-16 15:17:00,76.6000,76.6800,76.5900,76.5900,1084002
2009-03-16 15:16:00,76.7100,76.7600,76.6000,76.6100,973307
2009-03-16 15:15:00,76.7900,76.8000,76.6500,76.7000,714628
2009-03-16 15:14:00,76.8400,76.8600,76.7700,76.7900,666525
2009-03-16 15:13:00,76.7200,76.8600,76.7000,76.8400,464972
2009-03-16 15:12:00,76.8000,76.8200,76.7000,76.7200,1118576
2009-03-16 15:11:00,76.8200,76.8500,76.7800,76.8000,348774
2009-03-16 15:10:00,76.8300,76.8700,76.7700,76.8300,1044977
2009-03-16 15:09:00,76.7550,76.9000,76.7400,76.8300,934296
2009-03-16 15:08:00,76.6800,76.8000,76.6700,76.7590,1037894
2009-03-16 15:07:00,76.6700,76.7200,76.6500,76.6800,925247
2009-03-16 15:06:00,76.7100,76.7600,76.6300,76.6700,1321584
2009-03-16 15:05:00,76.7600,76.8000,76.6900,76.7000,983373
2009-03-16 15:04:00,76.8200,76.8500,76.7300,76.7500,736896
2009-03-16 15:03:00,76.8000,76.8800,76.7900,76.8199,965871
2009-03-16 15:02:00,76.9100,76.9800,76.7700,76.7900,1158359
2009-03-16 15:01:00,76.9700,76.9900,76.9050,76.9100,779011
2009-03-16 15:00:00,76.9000,76.9700,76.8700,76.9600,980906
2009-03-16 14:59:00,76.8500,76.9300,76.8300,76.9000,1146342
2009-03-16 14:58:00,76.9600,77.0100,76.8400,76.8500,1294695
2009-03-16 14:57:00,77.1200,77.1200,76.9300,76.9700,1008195
2009-03-16 14:56:00,77.1400,77.1700,77.0900,77.1000,1029536
2009-03-16 14:55:00,77.2100,77.2700,77.1400,77.1400,371949
2009-03-16 14:54:00,77.1900,77.2500,77.1700,77.2117,454471
2009-03-16 14:53:00,77.2900,77.2900,77.1500,77.1900,745725
2009-03-16 14:52:00,77.3400,77.3400,77.2600,77.2800,512030
2009-03-16 14:51:00,77.3500,77.4000,77.3200,77.3400,677749
2009-03-16 14:50:00,77.4000,77.4500,77.3400,77.3600,578251
2009-03-16 14:49:00,77.3900,77.4900,77.3800,77.3900,845885
2009-03-16 14:48:00,77.4100,77.4200,77.3500,77.3875,628766
2009-03-16 14:47:00,77.3900,77.4300,77.3800,77.4200,462626
2009-03-16 14:46:00,77.4100,77.4300,77.3500,77.3800,415597
2009-03-16 14:45:00,77.3600,77.4200,77.3500,77.4100,598424
2009-03-16 14:44:00,77.3500,77.4200,77.3500,77.3500,681419
2009-03-16 14:43:00,77.3278,77.3800,77.3200,77.3500,726693
2009-03-16 14:42:00,77.2700,77.3700,77.2500,77.3200,920788
2009-03-16 14:41:00,77.2594,77.3000,77.2400,77.2700,275625
2009-03-16 14:40:00,77.1700,77.2800,77.1600,77.2600,763892
2009-03-16 14:39:00,77.1200,77.2000,77.0600,77.1701,946143
2009-03-16 14:38:00,77.0400,77.1900,77.0200,77.1200,1524839
2009-03-16 14:37:00,77.1000,77.1500,77.0400,77.0400,812854
2009-03-16 14:36:00,77.1900,77.2100,77.0900,77.0900,1148218
2009-03-16 14:35:00,77.1400,77.2100,77.1100,77.2090,403113
2009-03-16 14:34:00,77.1000,77.1800,77.0700,77.1300,587399
2009-03-16 14:33:00,77.1300,77.1400,77.0400,77.1000,1442218
2009-03-16 14:32:00,77.2600,77.2700,77.0900,77.1400,770324
2009-03-16 14:31:00,77.3100,77.3200,77.2500,77.2600,491986
2009-03-16 14:30:00,77.2400,77.3100,77.2100,77.3100,527015
2009-03-16 14:29:00,77.2900,77.3000,77.1700,77.2075,891641
2009-03-16 14:28:00,77.2000,77.2900,77.2000,77.2900,342165
2009-03-16 14:27:00,77.2300,77.2500,77.1700,77.2000,570753
2009-03-16 14:26:00,77.2000,77.2500,77.1500,77.2300,1019252
2009-03-16 14:25:00,77.1994,77.2500,77.1975,77.2100,522037
2009-03-16 14:24:00,77.2100,77.2300,77.1700,77.1999,638498
2009-03-16 14:23:00,77.3800,77.3800,77.2000,77.2100,1129259
2009-03-16 14:22:00,77.3200,77.3800,77.3000,77.3700,301674
2009-03-16 14:21:00,77.3600,77.3800,77.2600,77.3300,1168219
2009-03-16 14:20:00,77.4800,77.4800,77.3100,77.3700,983624
2009-03-16 14:19:00,77.4401,77.5100,77.4400,77.4800,570042
2009-03-16 14:18:00,77.4400,77.4800,77.4200,77.4500,717538
2009-03-16 14:17:00,77.4200,77.5000,77.4000,77.4500,1035998
2009-03-16 14:16:00,77.3600,77.4200,77.3600,77.4101,209884
2009-03-16 14:15:00,77.3700,77.3900,77.3500,77.3500,281701
2009-03-16 14:14:00,77.3900,77.4000,77.3600,77.3700,245452
2009-03-16 14:13:00,77.4000,77.4300,77.3600,77.3901,830175
2009-03-16 14:12:00,77.3900,77.4000,77.3500,77.4000,371690
2009-03-16 14:11:00,77.3400,77.4300,77.3200,77.3900,964042
2009-03-16 14:10:00,77.3600,77.3700,77.3000,77.3300,373137
2009-03-16 14:09:00,77.3500,77.3700,77.3000,77.3600,694725
2009-03-16 14:08:00,77.2800,77.3500,77.2500,77.3400,664130
2009-03-16 14:07:00,77.3400,77.3600,77.2500,77.2800,683492
2009-03-16 14:06:00,77.3900,77.4100,77.3000,77.3400,1494953
2009-03-16 14:05:00,77.4900,77.5100,77.3900,77.4000,435041
2009-03-16 14:04:00,77.4200,77.5100,77.4100,77.4900,669614
2009-03-16 14:03:00,77.5000,77.5150,77.4000,77.4300,1022402
2009-03-16 14:02:00,77.5400,77.5700,77.5000,77.5000,285782
2009-03-16 14:01:00,77.5100,77.5700,77.4900,77.5300,764811
2009-03-16 14:00:00,77.5400,77.5600,77.4700,77.5100,652106
2009-03-16 13:59:00,77.5200,77.5700,77.5100,77.5300,342244
2009-03-16 13:58:00,77.5700,77.5800,77.4800,77.5100,536393
2009-03-16 13:57:00,77.5400,77.5700,77.4900,77.5600,501374
2009-03-16 13:56:00,77.6200,77.6300,77.4900,77.5400,1158031
2009-03-16 13:55:00,77.6800,77.6800,77.6100,77.6100,894715
2009-03-16 13:54:00,77.7880,77.7900,77.6700,77.6700,479045
2009-03-16 13:53:00,77.8100,77.8200,77.7700,77.7800,355225
2009-03-16 13:52:00,77.7989,77.8100,77.7500,77.8100,213468
2009-03-16 13:51:00,77.8300,77.8300,77.7900,77.7900,206993
2009-03-16 13:50:00,77.8600,77.8700,77.7800,77.8300,340149
2009-03-16 13:49:00,77.8800,77.8900,77.8500,77.8700,242435
2009-03-16 13:48:00,77.8600,77.9200,77.8500,77.8700,211722
2009-03-16 13:47:00,77.9600,77.9700,77.8600,77.8600,286219
2009-03-16 13:46:00,77.8900,77.9600,77.8800,77.9600,473574
2009-03-16 13:45:00,77.8690,77.9400,77.8600,77.8900,652079
2009-03-16 13:44:00,77.8000,77.8900,77.7900,77.8700,1221395
2009-03-16 13:43:00,77.8400,77.8500,77.7700,77.8000,548345
2009-03-16 13:42:00,77.8600,77.8800,77.7600,77.8400,651424
2009-03-16 13:41:00,77.8100,77.8800,77.7700,77.8500,316961
2009-03-16 13:40:00,77.8301,77.8600,77.7800,77.8000,714113
2009-03-16 13:39:00,77.8400,77.8600,77.8200,77.8400,537698
2009-03-16 13:38:00,77.8174,77.8800,77.8100,77.8400,587892
2009-03-16 13:37:00,77.7900,77.8200,77.7600,77.8100,451942
2009-03-16 13:36:00,77.6900,77.8200,77.6800,77.7900,1010636
2009-03-16 13:35:00,77.6600,77.7294,77.6500,77.6800,289071
2009-03-16 13:34:00,77.6400,77.7000,77.5900,77.6600,613684
2009-03-16 13:33:00,77.6700,77.7100,77.6400,77.6500,391676
2009-03-16 13:32:00,77.6600,77.6900,77.6300,77.6700,361318
2009-03-16 13:31:00,77.7000,77.7200,77.6300,77.6700,725659
2009-03-16 13:30:00,77.6750,77.7500,77.6500,77.7000,582007
2009-03-16 13:29:00,77.6600,77.7000,77.6600,77.6800,221556
2009-03-16 13:28:00,77.6691,77.7300,77.6300,77.6600,622075
2009-03-16 13:27:00,77.6000,77.6800,77.6000,77.6600,903193
2009-03-16 13:26:00,77.6500,77.6500,77.5700,77.6100,884778
2009-03-16 13:25:00,77.6800,77.7000,77.6300,77.6500,199082
2009-03-16 13:24:00,77.6700,77.7200,77.6100,77.6800,591956
2009-03-16 13:23:00,77.7500,77.7600,77.6600,77.6700,386028
2009-03-16 13:22:00,77.8000,77.8000,77.7300,77.7625,343421
2009-03-16 13:21:00,77.8106,77.8400,77.7750,77.7906,174948
2009-03-16 13:20:00,77.8200,77.8300,77.7800,77.8100,270824
2009-03-16 13:19:00,77.7701,77.8400,77.7700,77.8294,410470
2009-03-16 13:18:00,77.7000,77.8000,77.6950,77.7800,447223
2009-03-16 13:17:00,77.7100,77.7200,77.6800,77.6900,266691
2009-03-16 13:16:00,77.6600,77.7200,77.6400,77.7100,267950
2009-03-16 13:15:00,77.6600,77.6800,77.6300,77.6600,523684
2009-03-16 13:14:00,77.6800,77.7300,77.6600,77.6600,420316
2009-03-16 13:13:00,77.7400,77.7600,77.6700,77.6890,859827
2009-03-16 13:12:00,77.7100,77.7400,77.7000,77.7400,158348
2009-03-16 13:11:00,77.7499,77.7600,77.7100,77.7100,291074
2009-03-16 13:10:00,77.7300,77.7800,77.7200,77.7410,632052
2009-03-16 13:09:00,77.7199,77.7400,77.6700,77.7300,327927
2009-03-16 13:08:00,77.6600,77.7500,77.6600,77.7100,457608
2009-03-16 13:07:00,77.7000,77.7000,77.6500,77.6700,596725
2009-03-16 13:06:00,77.7500,77.7600,77.6900,77.6900,563807
2009-03-16 13:05:00,77.8000,77.8000,77.7500,77.7600,214671
2009-03-16 13:04:00,77.8300,77.8400,77.7700,77.7900,946271
2009-03-16 13:03:00,77.8000,77.8500,77.7600,77.8300,729267
2009-03-16 13:02:00,77.7800,77.8300,77.7800,77.8000,457221
2009-03-16 13:01:00,77.8586,77.8800,77.7800,77.7800,712817
2009-03-16 13:00:00,77.9100,77.9500,77.8500,77.8600,947857
2009-03-16 12:59:00,77.9200,77.9600,77.9000,77.9200,481176
2009-03-16 12:58:00,77.8700,77.9200,77.8500,77.9200,577459
2009-03-16 12:57:00,77.8100,77.9400,77.8000,77.8600,1164683
2009-03-16 12:56:00,77.8500,77.8600,77.8100,77.8100,239135
2009-03-16 12:55:00,77.8200,77.8500,77.7600,77.8400,583557
2009-03-16 12:54:00,77.7900,77.8400,77.7600,77.8100,465593
2009-03-16 12:53:00,77.7500,77.8000,77.7300,77.7900,314619
2009-03-16 12:52:00,77.7100,77.7500,77.7100,77.7500,465066
2009-03-16 12:51:00,77.7400,77.7700,77.7000,77.7000,629879
2009-03-16 12:50:00,77.7700,77.8400,77.7200,77.7400,1113593
2009-03-16 12:49:00,77.7500,77.7800,77.7200,77.7700,474099
2009-03-16 12:48:00,77.6801,77.7600,77.6800,77.7400,322383
2009-03-16 12:47:00,77.6900,77.7400,77.6800,77.6900,333133
2009-03-16 12:46:00,77.6900,77.7300,77.6800,77.6800,217786
2009-03-16 12:45:00,77.6600,77.7500,77.6500,77.7000,393130
2009-03-16 12:44:00,77.6800,77.7100,77.6600,77.6600,234319
2009-03-16 12:43:00,77.6790,77.7200,77.6600,77.6910,304608
2009-03-16 12:42:00,77.6700,77.7000,77.6400,77.6800,529738
2009-03-16 12:41:00,77.7200,77.7300,77.6600,77.6700,279063
2009-03-16 12:40:00,77.6800,77.7300,77.6700,77.7200,404897
2009-03-16 12:39:00,77.7900,77.7900,77.6700,77.6700,764099
2009-03-16 12:38:00,77.7000,77.7900,77.6700,77.7900,882807
2009-03-16 12:37:00,77.6900,77.7200,77.6700,77.6900,608238
2009-03-16 12:36:00,77.5700,77.7000,77.5500,77.6900,1408831
2009-03-16 12:35:00,77.5600,77.5900,77.5500,77.5699,423594
2009-03-16 12:34:00,77.5100,77.5800,77.5100,77.5600,441190
2009-03-16 12:33:00,77.5700,77.6100,77.5100,77.5200,700574
2009-03-16 12:32:00,77.5400,77.6400,77.5300,77.5800,650055
2009-03-16 12:31:00,77.5110,77.5500,77.4800,77.5500,793949
2009-03-16 12:30:00,77.3900,77.5700,77.3900,77.5100,1323362
2009-03-16 12:29:00,77.3800,77.4000,77.3400,77.3900,399131
2009-03-16 12:28:00,77.3500,77.4000,77.3500,77.3800,191776
2009-03-16 12:27:00,77.4000,77.4000,77.3500,77.3500,401350
2009-03-16 12:26:00,77.4100,77.4400,77.3400,77.4000,375282
2009-03-16 12:25:00,77.3500,77.4300,77.3000,77.4100,728280
2009-03-16 12:24:00,77.3500,77.4100,77.3500,77.3500,418419
2009-03-16 12:23:00,77.3191,77.3800,77.2700,77.3500,450649
2009-03-16 12:22:00,77.3200,77.3700,77.3050,77.3200,293728
2009-03-16 12:21:00,77.2700,77.3200,77.2600,77.3200,146870
2009-03-16 12:20:00,77.3100,77.3110,77.2500,77.2725,280542
2009-03-16 12:19:00,77.3500,77.3500,77.2900,77.3100,237165
2009-03-16 12:18:00,77.3394,77.3699,77.3100,77.3500,187310
2009-03-16 12:17:00,77.3475,77.3475,77.2800,77.3400,569215
2009-03-16 12:16:00,77.3300,77.3500,77.3200,77.3300,242279
2009-03-16 12:15:00,77.3500,77.3800,77.3200,77.3400,261845
2009-03-16 12:14:00,77.3200,77.3800,77.3000,77.3500,464845
2009-03-16 12:13:00,77.3200,77.3600,77.3000,77.3200,326472
2009-03-16 12:12:00,77.2300,77.3400,77.2100,77.3106,625471
2009-03-16 12:11:00,77.2400,77.3000,77.2200,77.2410,381898
2009-03-16 12:10:00,77.2300,77.2600,77.2200,77.2400,271169
2009-03-16 12:09:00,77.2600,77.2600,77.1900,77.2300,348859
2009-03-16 12:08:00,77.1500,77.2600,77.1300,77.2550,645094
2009-03-16 12:07:00,77.2300,77.2300,77.1500,77.1500,198393
2009-03-16 12:06:00,77.2000,77.2300,77.1700,77.2200,234312
2009-03-16 12:05:00,77.1500,77.2300,77.1400,77.1900,492046
2009-03-16 12:04:00,77.1900,77.2000,77.1500,77.1501,359283
2009-03-16 12:03:00,77.1700,77.2200,77.1500,77.1899,596281
2009-03-16 12:02:00,77.2400,77.2600,77.1600,77.1600,1144856
2009-03-16 12:01:00,77.2500,77.3000,77.2300,77.2400,1008152
2009-03-16 12:00:00,77.3000,77.3100,77.2500,77.2500,261840
2009-03-16 11:59:00,77.3500,77.3500,77.2800,77.3000,428357
2009-03-16 11:58:00,77.3200,77.3800,77.3200,77.3500,226364
2009-03-16 11:57:00,77.3200,77.3500,77.3000,77.3200,376762
2009-03-16 11:56:00,77.2800,77.3200,77.2500,77.3200,305468
2009-03-16 11:55:00,77.2600,77.3000,77.2500,77.2800,278718
2009-03-16 11:54:00,77.2900,77.3200,77.2300,77.2600,1138460
2009-03-16 11:53:00,77.4000,77.4000,77.2700,77.2900,684208
2009-03-16 11:52:00,77.4500,77.4604,77.3902,77.4100,272748
2009-03-16 11:51:00,77.4490,77.4600,77.4100,77.4500,210817
2009-03-16 11:50:00,77.4190,77.4800,77.4100,77.4450,361763
2009-03-16 11:49:00,77.4100,77.4500,77.3900,77.4190,688069
2009-03-16 11:48:00,77.3800,77.4500,77.3700,77.4200,468747
2009-03-16 11:47:00,77.3700,77.4000,77.3600,77.3700,284163
2009-03-16 11:46:00,77.3600,77.4000,77.3600,77.3720,394880
2009-03-16 11:45:00,77.3200,77.4200,77.3101,77.3700,495135
2009-03-16 11:44:00,77.3700,77.4300,77.3100,77.3200,486120
2009-03-16 11:43:00,77.4300,77.4500,77.3500,77.3700,412585
2009-03-16 11:42:00,77.4400,77.4499,77.3800,77.4374,362468
2009-03-16 11:41:00,77.4500,77.4800,77.4100,77.4300,409480
2009-03-16 11:40:00,77.4600,77.4700,77.4300,77.4500,387135
2009-03-16 11:39:00,77.4900,77.5100,77.4500,77.4600,442146
2009-03-16 11:38:00,77.5400,77.5400,77.4400,77.4900,707423
2009-03-16 11:37:00,77.5400,77.5400,77.4500,77.5400,598599
2009-03-16 11:36:00,77.4600,77.5500,77.4600,77.5400,648910
2009-03-16 11:35:00,77.4900,77.5200,77.4500,77.4600,484269
2009-03-16 11:34:00,77.4900,77.5500,77.4800,77.4900,664801
2009-03-16 11:33:00,77.5400,77.5500,77.4800,77.4900,317192
2009-03-16 11:32:00,77.5310,77.5800,77.5100,77.5300,822734
2009-03-16 11:31:00,77.5100,77.5500,77.4700,77.5400,545810
2009-03-16 11:30:00,77.4700,77.5100,77.4600,77.5090,266744
2009-03-16 11:29:00,77.5100,77.5200,77.4400,77.4700,727067
2009-03-16 11:28:00,77.5300,77.5500,77.4800,77.5094,1071086
2009-03-16 11:27:00,77.5700,77.6000,77.5100,77.5300,986499
2009-03-16 11:26:00,77.5800,77.6200,77.5300,77.5700,1432133
2009-03-16 11:25:00,77.5000,77.6400,77.4900,77.5800,1509495
2009-03-16 11:24:00,77.4100,77.5100,77.3800,77.4900,1116276
2009-03-16 11:23:00,77.3500,77.4200,77.3100,77.4100,645243
2009-03-16 11:22:00,77.3400,77.4400,77.2700,77.3600,1263669
2009-03-16 11:21:00,77.3000,77.4000,77.3000,77.3400,1293588
2009-03-16 11:20:00,77.3000,77.3800,77.2900,77.3000,1421903
2009-03-16 11:19:00,77.2400,77.3000,77.2400,77.2900,401929
2009-03-16 11:18:00,77.2500,77.3000,77.2400,77.2494,351293
2009-03-16 11:17:00,77.2000,77.2700,77.1700,77.2500,1147225
2009-03-16 11:16:00,77.2594,77.2594,77.1900,77.2100,394334
2009-03-16 11:15:00,77.1300,77.2700,77.1200,77.2600,712314
2009-03-16 11:14:00,77.1594,77.1700,77.0900,77.1300,319024
2009-03-16 11:13:00,77.1200,77.1700,77.0900,77.1500,187256
2009-03-16 11:12:00,77.0800,77.1600,77.0600,77.1200,352220
2009-03-16 11:11:00,77.1000,77.1900,77.0775,77.0775,712800
2009-03-16 11:10:00,77.0700,77.1300,77.0400,77.1100,351937
2009-03-16 11:09:00,77.1600,77.1700,77.0600,77.0800,512013
2009-03-16 11:08:00,77.0700,77.1900,77.0600,77.1600,256261
2009-03-16 11:07:00,77.0800,77.1400,77.0600,77.0700,437439
2009-03-16 11:06:00,77.1200,77.1700,77.0600,77.0800,644895
2009-03-16 11:05:00,76.9800,77.1300,76.9320,77.1300,736245
2009-03-16 11:04:00,76.9200,76.9900,76.9000,76.9800,685099
2009-03-16 11:03:00,76.9000,76.9400,76.8900,76.9300,553492
2009-03-16 11:02:00,76.9200,76.9600,76.8600,76.9225,591824
2009-03-16 11:01:00,76.8201,76.9400,76.8201,76.9300,314146
2009-03-16 11:00:00,76.8800,76.9100,76.8200,76.8201,395955
2009-03-16 10:59:00,76.8801,76.9525,76.8400,76.8800,418703
2009-03-16 10:58:00,76.9700,76.9900,76.8600,76.8900,603114
2009-03-16 10:57:00,76.9900,77.0625,76.9600,76.9700,320881
2009-03-16 10:56:00,76.9900,77.0625,76.9700,77.0000,278775
2009-03-16 10:55:00,77.0000,77.0925,76.9900,76.9900,352233
2009-03-16 10:54:00,76.9800,77.0800,76.9700,77.0000,1029008
2009-03-16 10:53:00,77.1000,77.1125,76.9300,76.9700,672001
2009-03-16 10:52:00,77.0900,77.1700,77.0700,77.1000,644016
2009-03-16 10:51:00,77.0900,77.1400,77.0000,77.0900,1122962
2009-03-16 10:50:00,77.1600,77.1700,77.0900,77.1000,655001
2009-03-16 10:49:00,77.2025,77.2100,77.1300,77.1600,492171
2009-03-16 10:48:00,77.1900,77.2200,77.1200,77.2000,530084
2009-03-16 10:47:00,77.1500,77.2000,77.1000,77.1900,409670
2009-03-16 10:46:00,77.1300,77.2200,77.1100,77.1400,565719
2009-03-16 10:45:00,77.0600,77.1600,77.0600,77.1300,425647
2009-03-16 10:44:00,77.0700,77.1200,77.0200,77.0600,1162322
2009-03-16 10:43:00,77.1200,77.1500,77.0000,77.0200,785644
2009-03-16 10:42:00,77.1700,77.1700,77.0300,77.1200,738058
2009-03-16 10:41:00,77.1700,77.2200,77.1600,77.1600,575448
2009-03-16 10:40:00,77.1700,77.2200,77.1500,77.1700,481077
2009-03-16 10:39:00,77.1400,77.1800,77.1100,77.1700,332146
2009-03-16 10:38:00,77.2400,77.2500,77.1400,77.1401,837875
2009-03-16 10:37:00,77.2000,77.2700,77.1900,77.2400,777855
2009-03-16 10:36:00,77.2100,77.2300,77.1300,77.1900,1033978
2009-03-16 10:35:00,77.2600,77.2800,77.1600,77.2194,793374
2009-03-16 10:34:00,77.1600,77.3100,77.1500,77.2700,2730132
2009-03-16 10:33:00,77.0600,77.1900,77.0300,77.1600,2775661
2009-03-16 10:32:00,76.9100,77.0800,76.8500,77.0600,2414140
2009-03-16 10:31:00,76.8200,76.9600,76.8101,76.9000,1296600
2009-03-16 10:30:00,76.6700,76.8500,76.6700,76.8200,1520846
2009-03-16 10:29:00,76.6300,76.6900,76.6100,76.6600,915277
2009-03-16 10:28:00,76.7600,76.7600,76.6200,76.6300,1116131
2009-03-16 10:27:00,76.7800,76.7900,76.7100,76.7590,1011384
2009-03-16 10:26:00,76.7900,76.8600,76.7800,76.7800,620319
2009-03-16 10:25:00,76.8200,76.8599,76.7700,76.7900,1181280
2009-03-16 10:24:00,76.7400,76.8300,76.7300,76.8300,464170
2009-03-16 10:23:00,76.7200,76.7500,76.6800,76.7400,565633
2009-03-16 10:22:00,76.6700,76.7500,76.6600,76.7100,731575
2009-03-16 10:21:00,76.6000,76.7100,76.5700,76.6700,1449741
2009-03-16 10:20:00,76.6400,76.6600,76.5900,76.6000,515232
2009-03-16 10:19:00,76.6700,76.7000,76.6100,76.6500,575145
2009-03-16 10:18:00,76.6200,76.6800,76.6000,76.6700,754747
2009-03-16 10:17:00,76.6500,76.6600,76.5900,76.6100,847882
2009-03-16 10:16:00,76.5800,76.6600,76.5800,76.6500,534683
2009-03-16 10:15:00,76.6099,76.6500,76.5700,76.5910,536373
2009-03-16 10:14:00,76.5900,76.6400,76.5500,76.6000,1748279
2009-03-16 10:13:00,76.6890,76.7000,76.5700,76.5999,1027019
2009-03-16 10:12:00,76.7600,76.8100,76.6800,76.6800,715990
2009-03-16 10:11:00,76.8100,76.8200,76.7300,76.7700,610085
2009-03-16 10:10:00,76.8600,76.8656,76.7800,76.8100,776612
2009-03-16 10:09:00,76.8200,76.9400,76.8100,76.8700,871278
2009-03-16 10:08:00,76.7500,76.8500,76.7500,76.8200,656473
2009-03-16 10:07:00,76.7900,76.8200,76.7500,76.7500,870915
2009-03-16 10:06:00,76.8100,76.8800,76.7400,76.7812,872158
2009-03-16 10:05:00,77.0300,77.0400,76.7700,76.8100,1135832
2009-03-16 10:04:00,76.9400,77.0600,76.9300,77.0300,660096
2009-03-16 10:03:00,77.0101,77.0200,76.8800,76.9300,698736
2009-03-16 10:02:00,76.9100,77.0500,76.9000,77.0100,776757
2009-03-16 10:01:00,77.0700,77.0800,76.8800,76.9200,1008040
2009-03-16 10:00:00,76.9700,77.1100,76.9600,77.0700,601338
2009-03-16 09:59:00,76.8800,77.0000,76.8700,76.9700,1101826
2009-03-16 09:58:00,76.8100,76.9200,76.8000,76.8900,773885
2009-03-16 09:57:00,76.9900,77.0000,76.7900,76.8000,999933
2009-03-16 09:56:00,77.0400,77.0900,76.9200,76.9990,808090
2009-03-16 09:55:00,76.9900,77.1300,76.9000,77.0400,1934684
2009-03-16 09:54:00,76.9100,76.9900,76.9000,76.9900,965768
2009-03-16 09:53:00,76.9480,76.9500,76.8800,76.9200,638728
2009-03-16 09:52:00,76.8100,76.9600,76.7900,76.9500,502808
2009-03-16 09:51:00,76.8400,76.8700,76.8000,76.8112,821633
2009-03-16 09:50:00,76.9600,77.0100,76.7800,76.8500,1424297
2009-03-16 09:49:00,76.9100,77.0300,76.9100,76.9600,1196543
2009-03-16 09:48:00,76.9600,77.0500,76.9100,76.9200,1656274
2009-03-16 09:47:00,77.0700,77.0900,76.9300,76.9700,1131728
2009-03-16 09:46:00,77.0206,77.1200,77.0000,77.0700,1299799
2009-03-16 09:45:00,76.9500,77.0500,76.9400,77.0300,856820
2009-03-16 09:44:00,76.9500,77.0800,76.9000,76.9500,1342632
2009-03-16 09:43:00,76.9400,77.0700,76.9300,76.9600,998062
2009-03-16 09:42:00,77.1800,77.2190,76.9400,76.9494,1336297
2009-03-16 09:41:00,77.0700,77.2300,77.0500,77.1800,1613057
2009-03-16 09:40:00,77.1401,77.1800,77.0400,77.0700,1571325
2009-03-16 09:39:00,77.1500,77.2100,77.0700,77.1400,2313518
2009-03-16 09:38:00,76.9300,77.1600,76.8690,77.1400,1597888
2009-03-16 09:37:00,76.8800,76.9400,76.8200,76.9300,1770873
2009-03-16 09:36:00,76.8800,76.9800,76.8600,76.8800,1769014
2009-03-16 09:35:00,76.7910,76.8800,76.7900,76.8800,2464154
2009-03-16 09:34:00,76.7700,76.8500,76.7100,76.8000,1282182
2009-03-16 09:33:00,76.8600,76.8600,76.6900,76.7600,1444646
2009-03-16 09:32:00,76.9700,76.9700,76.8300,76.8600,1720990
2009-03-16 09:31:00,77.0900,77.1300,76.9200,76.9700,962067
2009-03-16 09:30:00,76.9500,77.0900,76.9400,77.0900,2384729
2009-03-16 09:29:00,76.9400,76.9700,76.9200,76.9500,161606
2009-03-16 09:28:00,76.8600,76.9400,76.8300,76.9300,269854
2009-03-16 09:27:00,76.9000,76.9300,76.8700,76.8700,110550
2009-03-16 09:26:00,76.9900,77.0100,76.9000,76.9000,135659
2009-03-16 09:25:00,76.9400,77.0000,76.9300,77.0000,36234
2009-03-16 09:24:00,76.9600,76.9600,76.9000,76.9500,94895
2009-03-16 09:23:00,76.9400,77.0200,76.9400,76.9600,418170
2009-03-16 09:22:00,76.9200,76.9300,76.8900,76.9300,49508
2009-03-16 09:21:00,76.9800,76.9900,76.9100,76.9300,244806
2009-03-16 09:20:00,77.0000,77.0100,76.9800,76.9800,21191
2009-03-16 09:19:00,76.9800,77.0100,76.9700,77.0100,165034
2009-03-16 09:18:00,77.0400,77.0500,76.9800,76.9800,88704
2009-03-16 09:17:00,77.0600,77.0600,77.0400,77.0400,34303
2009-03-16 09:16:00,77.0500,77.0700,77.0500,77.0600,19921
2009-03-16 09:15:00,77.0900,77.1100,77.0500,77.0500,32147
2009-03-16 09:14:00,77.0700,77.1000,77.0600,77.1000,22200
2009-03-16 09:13:00,77.0700,77.1000,77.0600,77.0600,35329
2009-03-16 09:12:00,77.0300,77.0900,77.0300,77.0800,109821
2009-03-16 09:11:00,77.0700,77.0900,77.0300,77.0400,73920
2009-03-16 09:10:00,77.0600,77.0900,77.0500,77.0600,67153
2009-03-16 09:09:00,77.0300,77.0700,77.0300,77.0700,17329
2009-03-16 09:08:00,77.0500,77.0500,77.0300,77.0300,5375
2009-03-16 09:07:00,77.0500,77.0600,77.0300,77.0500,21563
2009-03-16 09:06:00,77.0600,77.0700,77.0600,77.0700,2800
2009-03-16 09:05:00,77.0600,77.0800,77.0500,77.0600,26380
2009-03-16 09:04:00,77.1100,77.1100,77.0500,77.0700,26759
2009-03-16 09:03:00,77.0700,77.1100,77.0500,77.1100,24003
2009-03-16 09:02:00,77.0200,77.0700,77.0100,77.0500,60086
2009-03-16 09:01:00,76.9800,77.0200,76.9700,77.0200,18052
2009-03-16 09:00:00,76.9900,76.9900,76.9500,76.9600,59292
2009-03-16 08:59:00,76.9600,76.9900,76.9500,76.9900,318620
2009-03-16 08:58:00,76.9800,77.0100,76.9500,76.9600,45037
2009-03-16 08:57:00,77.0100,77.0100,76.9800,76.9900,62159
2009-03-16 08:56:00,77.0200,77.0300,76.9800,77.0000,43203
2009-03-16 08:55:00,77.0400,77.0400,77.0000,77.0200,179579
2009-03-16 08:54:00,77.0200,77.0400,76.9800,77.0400,49548
2009-03-16 08:53:00,77.0500,77.0800,77.0200,77.0300,35268
2009-03-16 08:52:00,77.1300,77.1400,77.0700,77.0700,36928
2009-03-16 08:51:00,77.0800,77.1000,77.0200,77.1000,46512
2009-03-16 08:50:00,77.1200,77.1200,77.0800,77.0800,22066
2009-03-16 08:49:00,77.1100,77.1400,77.1100,77.1200,27486
2009-03-16 08:48:00,77.1000,77.1300,77.1000,77.1000,46416
2009-03-16 08:47:00,77.0800,77.0800,77.0800,77.0800,3600
2009-03-16 08:46:00,77.1000,77.1000,77.0700,77.0800,17894
2009-03-16 08:45:00,77.0900,77.1400,77.0800,77.1300,153482
2009-03-16 08:44:00,77.0800,77.1000,77.0700,77.0800,50551
2009-03-16 08:43:00,77.0800,77.0900,77.0700,77.0900,10350
2009-03-16 08:42:00,77.1000,77.1100,77.0700,77.0700,44867
2009-03-16 08:41:00,77.1500,77.1500,77.0600,77.0900,99060
2009-03-16 08:40:00,77.1300,77.1600,77.1300,77.1400,35336
2009-03-16 08:39:00,77.1700,77.1800,77.1300,77.1300,42890
2009-03-16 08:38:00,77.2100,77.2200,77.1700,77.1700,72650
2009-03-16 08:37:00,77.1900,77.2100,77.1300,77.2100,60304
2009-03-16 08:36:00,77.2000,77.2000,77.1700,77.1800,28350
2009-03-16 08:35:00,77.1700,77.2000,77.1700,77.1900,450540
2009-03-16 08:34:00,77.1800,77.1800,77.1600,77.1600,38610
2009-03-16 08:33:00,77.0900,77.1800,77.0900,77.1800,88926
2009-03-16 08:32:00,77.1000,77.1000,77.0800,77.0800,814400
2009-03-16 08:31:00,77.0500,77.1200,77.0100,77.1000,115204
2009-03-16 08:30:00,77.0700,77.0800,77.0100,77.0400,101704
2009-03-16 08:29:00,77.0600,77.1100,77.0600,77.0800,31692
2009-03-16 08:28:00,77.0600,77.0700,77.0500,77.0700,11900
2009-03-16 08:27:00,77.0500,77.0600,77.0400,77.0600,33274
2009-03-16 08:26:00,77.0500,77.0600,77.0500,77.0500,15156
2009-03-16 08:25:00,77.0600,77.0600,77.0500,77.0500,11000
2009-03-16 08:24:00,77.0500,77.0600,77.0400,77.0600,2920
2009-03-16 08:23:00,77.0700,77.0900,77.0500,77.0600,53700
2009-03-16 08:22:00,77.1000,77.1100,77.0700,77.0700,62264
2009-03-16 08:21:00,77.1000,77.1300,77.1000,77.1100,79000
2009-03-16 08:20:00,77.1400,77.1400,77.1000,77.1000,76500
2009-03-16 08:19:00,77.0600,77.1600,77.0500,77.1400,89019
2009-03-16 08:18:00,77.0500,77.0600,77.0300,77.0600,66200
2009-03-16 08:17:00,77.1400,77.1400,77.0500,77.0500,29362
2009-03-16 08:16:00,77.1600,77.1600,77.0800,77.1300,25425
2009-03-16 08:15:00,77.1600,77.1600,77.1500,77.1500,15780
2009-03-16 08:14:00,77.1700,77.1800,77.1700,77.1700,12993
2009-03-16 08:13:00,77.1600,77.1800,77.1600,77.1700,16724
2009-03-16 08:12:00,77.1700,77.1700,77.1500,77.1500,3800
2009-03-16 08:11:00,77.1600,77.1900,77.1500,77.1600,23648
2009-03-16 08:10:00,77.2500,77.2500,77.1500,77.1600,77038
2009-03-16 08:09:00,77.1600,77.1800,77.1600,77.1600,17464
2009-03-16 08:08:00,77.1800,77.1800,77.1600,77.1600,22536
2009-03-16 08:07:00,77.1900,77.1900,77.1800,77.1800,3880
2009-03-16 08:06:00,77.1800,77.1900,77.1500,77.1600,58599
2009-03-16 08:05:00,77.1600,77.1800,77.1600,77.1700,11169
2009-03-16 08:04:00,77.1800,77.1800,77.1600,77.1700,216345
2009-03-16 08:03:00,77.1800,77.1800,77.1500,77.1700,41582
2009-03-16 08:02:00,77.1800,77.1900,77.1600,77.1800,32585
2009-03-16 08:01:00,77.1800,77.1900,77.1800,77.1800,4640
2009-03-16 08:00:00,77.2200,77.2262,77.1800,77.1900,571685
2009-03-16 07:59:00,77.2000,77.2200,77.2000,77.2200,6734
2009-03-16 07:58:00,77.1700,77.1900,77.1700,77.1700,5800
2009-03-16 07:57:00,77.1800,77.1800,77.1500,77.1600,15775
2009-03-16 07:56:00,77.1800,77.1800,77.1600,77.1600,1588
2009-03-16 07:55:00,77.1800,77.1900,77.1700,77.1900,6700
2009-03-16 07:54:00,77.1900,77.1900,77.1700,77.1700,11600
2009-03-16 07:53:00,77.2500,77.2500,77.1800,77.1800,19125
2009-03-16 07:52:00,77.2500,77.2700,77.2500,77.2500,67200
2009-03-16 07:51:00,77.2700,77.2700,77.2500,77.2500,4500
2009-03-16 07:50:00,77.2800,77.2800,77.2600,77.2800,17800
2009-03-16 07:49:00,77.2700,77.2900,77.2700,77.2800,7500
2009-03-16 07:48:00,77.2800,77.2900,77.2700,77.2700,8796
2009-03-16 07:47:00,77.2900,77.2900,77.2700,77.2700,204
2009-03-16 07:46:00,77.2500,77.2500,77.2500,77.2500,1100
2009-03-16 07:45:00,77.3000,77.3000,77.2500,77.2500,16000
2009-03-16 07:44:00,77.2800,77.2900,77.2800,77.2900,1600
2009-03-16 07:43:00,77.2500,77.2700,77.2500,77.2700,5100
2009-03-16 07:42:00,77.2500,77.2900,77.2500,77.2900,16700
2009-03-16 07:41:00,77.2400,77.2400,77.2300,77.2300,26000
2009-03-16 07:40:00,77.2000,77.2600,77.1900,77.2400,12800
2009-03-16 07:39:00,77.1900,77.2000,77.1700,77.2000,65438
2009-03-16 07:38:00,77.2500,77.2500,77.1600,77.1600,127062
2009-03-16 07:37:00,77.2500,77.2500,77.2500,77.2500,2500
2009-03-16 07:36:00,77.2500,77.2700,77.2500,77.2700,33140
2009-03-16 07:35:00,77.2400,77.2500,77.2400,77.2500,5700
2009-03-16 07:34:00,77.2200,77.2500,77.2200,77.2400,16100
2009-03-16 07:33:00,77.2100,77.2200,77.2100,77.2200,1100
2009-03-16 07:32:00,77.1600,77.1700,77.1600,77.1700,2200
2009-03-16 07:31:00,77.2100,77.2100,77.1300,77.1300,8384
2009-03-16 07:30:00,77.2100,77.2100,77.2100,77.2100,200
2009-03-16 07:29:00,77.2200,77.2200,77.1900,77.1900,1100
2009-03-16 07:28:00,77.2200,77.2500,77.2000,77.2200,18400
2009-03-16 07:27:00,77.2000,77.2000,77.1900,77.1900,4355
2009-03-16 07:26:00,77.1800,77.2000,77.1800,77.2000,30000
2009-03-16 07:25:00,77.1800,77.1800,77.1800,77.1800,2000
2009-03-16 07:24:00,77.1400,77.1700,77.1400,77.1700,200
2009-03-16 07:22:00,77.1500,77.1500,77.1500,77.1500,17900
2009-03-16 07:21:00,77.1300,77.1500,77.1300,77.1500,79515
2009-03-16 07:20:00,77.1400,77.1400,77.1100,77.1100,24550
2009-03-16 07:19:00,77.1600,77.2000,77.1600,77.1900,24800
2009-03-16 07:18:00,77.1500,77.1500,77.1500,77.1500,20700
2009-03-16 07:17:00,77.0900,77.1200,77.0900,77.1200,15500
2009-03-16 07:16:00,77.0600,77.0900,77.0600,77.0900,6375
2009-03-16 07:15:00,77.1200,77.1600,77.1200,77.1400,52105
2009-03-16 07:14:00,77.0700,77.1000,77.0600,77.0900,50900
2009-03-16 07:13:00,77.0300,77.0700,77.0200,77.0400,37800
2009-03-16 07:12:00,77.0000,77.0400,77.0000,77.0400,46600
2009-03-16 07:11:00,76.9700,76.9900,76.9500,76.9900,36000
2009-03-16 07:10:00,77.0200,77.0200,77.0000,77.0000,6100
2009-03-16 07:09:00,77.0700,77.0700,77.0400,77.0600,7200
2009-03-16 07:08:00,77.1000,77.1100,77.0800,77.0800,5700
2009-03-16 07:07:00,77.0800,77.1000,77.0800,77.1000,15000
2009-03-16 07:06:00,77.0700,77.0800,77.0700,77.0800,39600
2009-03-16 07:05:00,77.1200,77.1200,77.1200,77.1200,400
2009-03-16 07:04:00,77.1000,77.1500,77.1000,77.1300,1400
2009-03-16 07:03:00,77.1200,77.1200,77.1200,77.1200,6000
2009-03-16 07:02:00,77.1200,77.1200,77.1200,77.1200,2000
2009-03-16 07:01:00,77.1400,77.1700,77.1000,77.1000,54724
2009-03-16 07:00:00,77.0700,77.1300,77.0700,77.1300,26000
2009-03-16 06:57:00,77.0600,77.0600,77.0600,77.0600,7200
2009-03-16 06:55:00,77.0700,77.0700,77.0700,77.0700,100
2009-03-16 06:53:00,77.1500,77.1500,77.1500,77.1500,2500
2009-03-16 06:50:00,77.2100,77.2100,77.1400,77.1400,1534
2009-03-16 06:49:00,77.2100,77.2100,77.2100,77.2100,200
2009-03-16 06:48:00,77.2200,77.2200,77.2200,77.2200,100
2009-03-16 06:46:00,77.3100,77.3100,77.3100,77.3100,5000
2009-03-16 06:45:00,77.2100,77.3000,77.2100,77.3000,9000
2009-03-16 06:44:00,77.2000,77.2000,77.2000,77.2000,100
2009-03-16 06:43:00,77.1500,77.1500,77.1500,77.1500,10000
2009-03-16 06:42:00,77.1300,77.1300,77.1300,77.1300,5000
2009-03-16 06:39:00,77.1000,77.1000,77.1000,77.1000,4900
2009-03-16 06:37:00,77.0800,77.1000,77.0800,77.1000,5200
2009-03-16 06:36:00,77.1200,77.1200,77.1200,77.1200,955
2009-03-16 06:34:00,77.1200,77.1200,77.1000,77.1000,8500
2009-03-16 06:33:00,77.1600,77.1600,77.1400,77.1400,20100
2009-03-16 06:32:00,77.2100,77.2100,77.2100,77.2100,3000
2009-03-16 06:31:00,77.1800,77.2200,77.1800,77.2100,46500
2009-03-16 06:30:00,77.1800,77.1800,77.1800,77.1800,3000
2009-03-16 06:29:00,77.2000,77.2000,77.1900,77.1900,2500
2009-03-16 06:25:00,77.1900,77.1900,77.1900,77.1900,100
2009-03-16 06:24:00,77.2700,77.2700,77.2700,77.2700,200
2009-03-16 06:23:00,77.2700,77.2700,77.2700,77.2700,400
2009-03-16 06:20:00,77.2600,77.2600,77.2600,77.2600,100
2009-03-16 06:17:00,77.2600,77.2600,77.2300,77.2300,2100
2009-03-16 06:13:00,77.3100,77.3100,77.3100,77.3100,5000
2009-03-16 06:12:00,77.2600,77.2800,77.2600,77.2800,10100
2009-03-16 06:11:00,77.2800,77.2800,77.2600,77.2600,2200
2009-03-16 06:10:00,77.2800,77.2800,77.2800,77.2800,8000
2009-03-16 06:09:00,77.2800,77.2800,77.2800,77.2800,10000
2009-03-16 06:08:00,77.2800,77.2900,77.2800,77.2900,2600
2009-03-16 06:07:00,77.3100,77.3100,77.2800,77.2900,22100
2009-03-16 06:06:00,77.3300,77.3300,77.3300,77.3300,955
2009-03-16 06:05:00,77.3100,77.3100,77.2900,77.2900,8200
2009-03-16 06:03:00,77.3100,77.3100,77.3100,77.3100,100
2009-03-16 06:02:00,77.3300,77.3300,77.3300,77.3300,100
2009-03-16 06:01:00,77.2800,77.2800,77.2800,77.2800,300
2009-03-16 05:55:00,77.3100,77.3100,77.3100,77.3100,100
2009-03-16 05:54:00,77.2600,77.2900,77.2600,77.2900,200
2009-03-16 05:53:00,77.1200,77.1600,77.1200,77.1600,4100
2009-03-16 05:52:00,77.1000,77.1000,77.1000,77.1000,4000
2009-03-16 05:51:00,77.0800,77.0800,77.0800,77.0800,5000
2009-03-16 05:50:00,77.0900,77.1000,77.0800,77.1000,10200
2009-03-16 05:49:00,77.1100,77.1100,77.1100,77.1100,5100
2009-03-16 05:46:00,77.0700,77.0900,77.0700,77.0900,1100
2009-03-16 05:45:00,76.9700,77.0000,76.9700,77.0000,4100
2009-03-16 05:42:00,77.0700,77.0700,77.0700,77.0700,4000
2009-03-16 05:41:00,77.1000,77.1000,77.0700,77.0700,6400
2009-03-16 05:40:00,77.1000,77.1000,77.1000,77.1000,1000
2009-03-16 05:39:00,77.0200,77.0200,77.0200,77.0200,5000
2009-03-16 05:37:00,76.9700,76.9700,76.9500,76.9500,15000
2009-03-16 05:36:00,76.9600,76.9600,76.9400,76.9400,10000
2009-03-16 05:35:00,76.9500,76.9700,76.9500,76.9700,15000
2009-03-16 05:28:00,76.8500,76.8500,76.8500,76.8500,190
2009-03-16 05:16:00,76.8000,76.8000,76.8000,76.8000,100
2009-03-16 05:11:00,76.8200,76.8200,76.8200,76.8200,200
2009-03-16 04:57:00,77.0000,77.0000,77.0000,77.0000,500
2009-03-16 04:56:00,77.0300,77.0300,77.0300,77.0300,500
2009-03-16 04:55:00,76.9900,77.0000,76.9900,77.0000,1400
2009-03-16 04:50:00,76.9300,76.9500,76.9300,76.9500,330
2009-03-16 04:46:00,76.9100,76.9100,76.9100,76.9100,2500
2009-03-16 04:34:00,76.7300,76.7300,76.7300,76.7300,4500
2009-03-16 04:33:00,76.7300,76.7300,76.7300,76.7300,500
2009-03-16 04:25:00,76.6300,76.6300,76.6300,76.6300,1000
2009-03-16 04:24:00,76.6300,76.6300,76.6300,76.6300,1000
2009-03-16 04:18:00,76.8100,76.8100,76.8100,76.8100,1000
2009-03-16 04:15:00,76.8300,76.9100,76.8300,76.9100,800
2009-03-13 20:00:00,76.3900,76.3900,76.3900,76.3900,350
2009-03-13 19:59:00,76.3800,76.3900,76.3100,76.3100,2200
2009-03-13 19:58:00,76.3900,76.3900,76.3800,76.3800,1400
2009-03-13 19:56:00,76.3500,76.3500,76.3000,76.3000,1000
2009-03-13 19:55:00,76.3500,76.3500,76.3500,76.3500,100
2009-03-13 19:54:00,76.3500,76.3500,76.3400,76.3400,575
2009-03-13 19:52:00,76.3500,76.3500,76.3500,76.3500,100
2009-03-13 19:50:00,76.3500,76.3500,76.3400,76.3400,600
2009-03-13 19:49:00,76.3800,76.3800,76.3000,76.3000,2500
2009-03-13 19:45:00,76.2500,76.2500,76.2500,76.2500,100
2009-03-13 19:42:00,76.3100,76.4000,76.3100,76.4000,200
2009-03-13 19:40:00,76.3100,76.3100,76.3100,76.3100,200
2009-03-13 19:39:00,76.3100,76.3100,76.3100,76.3100,630
2009-03-13 19:37:00,76.3100,76.3100,76.3100,76.3100,300
2009-03-13 19:36:00,76.2800,76.2800,76.2800,76.2800,750
2009-03-13 19:33:00,76.2900,76.2900,76.2900,76.2900,400
2009-03-13 19:32:00,76.2500,76.2600,76.2500,76.2600,2780
2009-03-13 19:31:00,76.2500,76.2500,76.2500,76.2500,16000
2009-03-13 19:30:00,76.2500,76.2500,76.2500,76.2500,72726
2009-03-13 19:29:00,76.2500,76.2500,76.2500,76.2500,29350
2009-03-13 19:28:00,76.2500,76.2500,76.2200,76.2400,50727
2009-03-13 19:27:00,76.2500,76.2500,76.2500,76.2500,49600
2009-03-13 19:25:00,76.2500,76.2500,76.2500,76.2500,51300
2009-03-13 19:24:00,76.2500,76.2500,76.2500,76.2500,86971
2009-03-13 19:23:00,76.2500,76.2500,76.2500,76.2500,9743
2009-03-13 19:22:00,76.2300,76.2500,76.2300,76.2500,38289
2009-03-13 19:21:00,76.2500,76.2500,76.2300,76.2300,5034
2009-03-13 19:20:00,76.2500,76.2500,76.2400,76.2400,10429
2009-03-13 19:18:00,76.2400,76.2500,76.2400,76.2500,400
2009-03-13 19:15:00,76.2300,76.2300,76.2200,76.2200,3312
2009-03-13 19:14:00,76.2500,76.2500,76.2500,76.2500,676
2009-03-13 19:12:00,76.2300,76.2300,76.2300,76.2300,100
2009-03-13 19:11:00,76.2500,76.2500,76.2500,76.2500,986
2009-03-13 19:10:00,76.2500,76.2500,76.2500,76.2500,1572
2009-03-13 19:06:00,76.2500,76.2500,76.2500,76.2500,300
2009-03-13 19:03:00,76.2300,76.2300,76.2300,76.2300,200
2009-03-13 19:02:00,76.2300,76.2300,76.2300,76.2300,100
2009-03-13 19:00:00,76.2500,76.2500,76.2500,76.2500,6688
2009-03-13 18:59:00,76.2500,76.2500,76.2500,76.2500,40000
2009-03-13 18:55:00,76.2400,76.2400,76.2400,76.2400,100
2009-03-13 18:54:00,76.2300,76.2300,76.2300,76.2300,1300
2009-03-13 18:53:00,76.2500,76.2500,76.2500,76.2500,500
2009-03-13 18:52:00,76.2400,76.2400,76.2400,76.2400,100
2009-03-13 18:51:00,76.2300,76.2300,76.2300,76.2300,200
2009-03-13 18:50:00,76.2500,76.2500,76.2500,76.2500,5000
2009-03-13 18:49:00,76.2500,76.2500,76.2500,76.2500,18800
2009-03-13 18:48:00,76.2500,76.2500,76.2500,76.2500,16000
2009-03-13 18:46:00,76.2200,76.2200,76.2200,76.2200,2161
2009-03-13 18:44:00,76.2300,76.2400,76.2300,76.2400,300
2009-03-13 18:43:00,76.2500,76.2500,76.2400,76.2500,17939
2009-03-13 18:42:00,76.2300,76.2500,76.2300,76.2500,10283
2009-03-13 18:39:00,76.2200,76.2200,76.2200,76.2200,692
2009-03-13 18:38:00,76.2300,76.2300,76.2300,76.2300,200
2009-03-13 18:37:00,76.2300,76.2300,76.2300,76.2300,1100
2009-03-13 18:36:00,76.2200,76.2200,76.2200,76.2200,150
2009-03-13 18:34:00,76.2400,76.2500,76.2400,76.2500,3999
2009-03-13 18:32:00,76.2400,76.2500,76.2400,76.2500,585
2009-03-13 18:29:00,76.2400,76.2500,76.2400,76.2500,2090
2009-03-13 18:27:00,76.2500,76.2500,76.2500,76.2500,338
2009-03-13 18:24:00,76.2500,76.2500,76.2500,76.2500,200
2009-03-13 18:23:00,76.2400,76.2500,76.2400,76.2500,300
2009-03-13 18:22:00,76.2500,76.2500,76.2400,76.2400,1675
2009-03-13 18:21:00,76.2500,76.2500,76.2400,76.2400,1750
2009-03-13 18:20:00,76.2500,76.2500,76.2500,76.2500,711
2009-03-13 18:18:00,76.2500,76.2500,76.2500,76.2500,745
2009-03-13 18:15:00,76.2400,76.2400,76.2400,76.2400,20000
2009-03-13 18:14:00,76.2500,76.2500,76.2400,76.2400,10000
2009-03-13 18:13:00,76.2500,76.2500,76.2500,76.2500,700
2009-03-13 18:12:00,76.2500,76.2500,76.2500,76.2500,520
2009-03-13 18:11:00,76.2500,76.2500,76.2500,76.2500,28141
2009-03-13 18:09:00,76.2400,76.2500,76.2400,76.2500,10225
2009-03-13 18:08:00,76.2400,76.2500,76.2400,76.2500,1925
2009-03-13 18:07:00,76.2300,76.2500,76.2300,76.2500,1000
2009-03-13 18:06:00,76.2300,76.2500,76.2300,76.2500,1200
2009-03-13 18:05:00,76.2400,76.2500,76.2400,76.2500,900
2009-03-13 18:04:00,76.2400,76.2400,76.2400,76.2400,100
2009-03-13 18:02:00,76.2500,76.2500,76.2400,76.2400,3800
2009-03-13 18:01:00,76.2500,76.2500,76.2500,76.2500,3000
2009-03-13 18:00:00,76.2500,76.2500,76.2500,76.2500,6166
2009-03-13 17:59:00,76.2800,76.2800,76.2500,76.2500,10841
2009-03-13 17:55:00,76.3000,76.3000,76.3000,76.3000,952
2009-03-13 17:53:00,76.2900,76.3000,76.2900,76.3000,1400
2009-03-13 17:51:00,76.2800,76.2800,76.2800,76.2800,200
2009-03-13 17:50:00,76.2800,76.2800,76.2800,76.2800,1200
2009-03-13 17:49:00,76.2800,76.2800,76.2800,76.2800,1300
2009-03-13 17:48:00,76.2900,76.2900,76.2800,76.2800,600
2009-03-13 17:46:00,76.2900,76.2900,76.2900,76.2900,752
2009-03-13 17:45:00,76.2900,76.2900,76.2900,76.2900,6600
2009-03-13 17:43:00,76.2900,76.2900,76.2900,76.2900,448
2009-03-13 17:40:00,76.2800,76.2800,76.2800,76.2800,1000
2009-03-13 17:39:00,76.2900,76.2900,76.2900,76.2900,152
2009-03-13 17:37:00,76.2700,76.2700,76.2700,76.2700,5000
2009-03-13 17:33:00,76.2600,76.2600,76.2600,76.2600,500
2009-03-13 17:32:00,76.2700,76.2700,76.2700,76.2700,5988
2009-03-13 17:31:00,76.2600,76.2700,76.2600,76.2700,21276
2009-03-13 17:30:00,76.2700,76.2700,76.2700,76.2700,14676
2009-03-13 17:29:00,76.2700,76.2700,76.2600,76.2600,11388
2009-03-13 17:28:00,76.2600,76.2700,76.2600,76.2600,5300
2009-03-13 17:27:00,76.2600,76.2600,76.2600,76.2600,1477
2009-03-13 17:26:00,76.2700,76.2700,76.2700,76.2700,1500
2009-03-13 17:25:00,76.2700,76.2700,76.2700,76.2700,3500
2009-03-13 17:24:00,76.2800,76.2800,76.2800,76.2800,1000
2009-03-13 17:23:00,76.2800,76.2800,76.2800,76.2800,200
2009-03-13 17:22:00,76.2800,76.2800,76.2800,76.2800,100
2009-03-13 17:20:00,76.2800,76.2800,76.2800,76.2800,8996
2009-03-13 17:19:00,76.3000,76.3000,76.2800,76.2900,35378
2009-03-13 17:18:00,76.2700,76.2800,76.2700,76.2800,13448
2009-03-13 17:17:00,76.2700,76.2800,76.2700,76.2800,1652
2009-03-13 17:16:00,76.2900,76.2900,76.2900,76.2900,10600
2009-03-13 17:14:00,76.3000,76.3000,76.3000,76.3000,1500
2009-03-13 17:13:00,76.3000,76.3000,76.3000,76.3000,3250
2009-03-13 17:12:00,76.3000,76.3000,76.3000,76.3000,11250
2009-03-13 17:11:00,76.2600,76.3000,76.2600,76.3000,1100
2009-03-13 17:10:00,76.3400,76.3400,76.2500,76.2500,88536
2009-03-13 17:09:00,76.3700,76.3800,76.3300,76.3300,4041
2009-03-13 17:07:00,76.3200,76.3900,76.3200,76.3700,4800
2009-03-13 17:06:00,76.3500,76.3500,76.3500,76.3500,250
2009-03-13 17:04:00,76.3500,76.3500,76.3000,76.3000,1915
2009-03-13 17:03:00,76.4100,76.4100,76.3700,76.3700,27000
2009-03-13 17:02:00,76.4000,76.4100,76.4000,76.4100,23700
2009-03-13 17:01:00,76.4000,76.4200,76.3500,76.3500,2925
2009-03-13 17:00:00,76.3400,76.4000,76.3400,76.4000,2525
2009-03-13 16:59:00,76.3400,76.3400,76.3400,76.3400,200
2009-03-13 16:58:00,76.3800,76.4000,76.3300,76.3300,4400
2009-03-13 16:57:00,76.3500,76.3500,76.3500,76.3500,200
2009-03-13 16:56:00,76.3400,76.3400,76.3200,76.3200,1406
2009-03-13 16:55:00,76.3500,76.3500,76.3300,76.3300,1262
2009-03-13 16:54:00,76.3300,76.3300,76.3300,76.3300,333
2009-03-13 16:52:00,76.3300,76.3300,76.3300,76.3300,500
2009-03-13 16:51:00,76.3300,76.3300,76.3300,76.3300,633
2009-03-13 16:50:00,76.3300,76.3500,76.3000,76.3500,1038
2009-03-13 16:49:00,76.3300,76.3300,76.3300,76.3300,438
2009-03-13 16:48:00,76.3300,76.3300,76.3300,76.3300,450
2009-03-13 16:47:00,76.3300,76.3900,76.3200,76.3300,1399
2009-03-13 16:46:00,76.3300,76.3300,76.3300,76.3300,500
2009-03-13 16:45:00,76.3200,76.3200,76.3200,76.3200,1600
2009-03-13 16:44:00,76.3200,76.3200,76.3200,76.3200,800
2009-03-13 16:43:00,76.3300,76.3300,76.3200,76.3200,1400
2009-03-13 16:42:00,76.3300,76.3400,76.3300,76.3300,2500
2009-03-13 16:41:00,76.3700,76.3700,76.3700,76.3700,669
2009-03-13 16:40:00,76.3800,76.4000,76.3800,76.4000,1278
2009-03-13 16:39:00,76.3800,76.3800,76.3700,76.3700,300
2009-03-13 16:38:00,76.3800,76.3800,76.3700,76.3700,1499
2009-03-13 16:36:00,76.4200,76.4500,76.4200,76.4200,554240
2009-03-13 16:35:00,76.3800,76.4400,76.3800,76.4000,3869
2009-03-13 16:34:00,76.3800,76.4900,76.3500,76.3600,20017
2009-03-13 16:33:00,76.3300,76.4000,76.3300,76.3800,36732
2009-03-13 16:32:00,76.3100,76.3500,76.3100,76.3500,13381
2009-03-13 16:31:00,76.3000,76.3000,76.3000,76.3000,5819
2009-03-13 16:30:00,76.3000,76.3000,76.2900,76.3000,15126
2009-03-13 16:29:00,76.3000,76.3000,76.2900,76.3000,7316
2009-03-13 16:28:00,76.3000,76.3000,76.3000,76.3000,8086
2009-03-13 16:27:00,76.3000,76.3000,76.3000,76.3000,1212225
2009-03-13 16:26:00,76.2400,76.2700,76.2400,76.2700,4158
2009-03-13 16:25:00,76.2400,76.2500,76.2400,76.2400,1635458
2009-03-13 16:24:00,76.2600,76.2600,76.2500,76.2600,2969
2009-03-13 16:23:00,76.2600,76.2900,76.2600,76.2600,4700
2009-03-13 16:22:00,76.2500,76.3000,76.2500,76.2600,2120
2009-03-13 16:21:00,76.2300,76.2400,76.2200,76.2400,7269
2009-03-13 16:20:00,76.2200,76.2700,76.2200,76.2200,24917
2009-03-13 16:19:00,76.1600,76.2100,76.1600,76.2100,31650
2009-03-13 16:18:00,76.2300,76.2300,76.1000,76.1600,66550
2009-03-13 16:17:00,76.2900,76.3000,76.1637,76.2300,3244999
2009-03-13 16:16:00,76.2600,76.3000,76.2200,76.3000,42807
2009-03-13 16:15:00,76.3200,76.3400,76.2300,76.2500,77363
2009-03-13 16:14:00,76.2800,76.3300,76.2200,76.3200,252736
2009-03-13 16:13:00,76.2200,76.2800,76.2200,76.2600,221949
2009-03-13 16:12:00,76.2000,76.2200,76.2000,76.2200,207563
2009-03-13 16:11:00,76.2300,76.2400,76.1491,76.2000,317047
2009-03-13 16:10:00,76.1900,76.2600,76.1900,76.2400,97791
2009-03-13 16:09:00,76.1900,76.2000,76.1500,76.2000,224032
2009-03-13 16:08:00,76.2100,76.2100,76.1900,76.1900,55650
2009-03-13 16:07:00,76.2200,76.2300,76.2000,76.2100,374965
2009-03-13 16:06:00,76.2100,76.2300,76.1500,76.2200,165659
2009-03-13 16:05:00,76.1500,76.2500,76.1400,76.2000,183624
2009-03-13 16:04:00,76.1900,76.2000,76.1500,76.1500,307659
2009-03-13 16:03:00,76.2100,76.2300,76.1900,76.1900,420444
2009-03-13 16:02:00,76.2000,76.2500,76.1800,76.2000,424958
2009-03-13 16:01:00,76.1100,76.2500,76.1100,76.2000,950612
2009-03-13 16:00:00,76.1000,76.1800,76.1000,76.1100,5774723
2009-03-13 15:59:00,76.0100,76.1300,76.0000,76.1000,4473215
2009-03-13 15:58:00,76.1600,76.1600,76.0000,76.0000,2494333
2009-03-13 15:57:00,76.1400,76.1600,76.0800,76.1600,1241685
2009-03-13 15:56:00,76.1200,76.1700,76.1000,76.1499,679270
2009-03-13 15:55:00,76.1400,76.1500,76.0700,76.1200,1010609
2009-03-13 15:54:00,75.9800,76.1600,75.9800,76.1483,1628902
2009-03-13 15:53:00,75.9800,75.9901,75.9500,75.9800,723700
2009-03-13 15:52:00,75.9200,75.9900,75.9000,75.9800,613651
2009-03-13 15:51:00,75.9800,76.0200,75.8900,75.9300,855969
2009-03-13 15:50:00,75.8900,76.0600,75.8700,75.9800,1273167
2009-03-13 15:49:00,75.9699,76.9800,75.8800,75.8900,1217048
2009-03-13 15:48:00,76.0000,76.0100,75.8700,75.9700,1452741
2009-03-13 15:47:00,76.0400,76.0800,75.9900,75.9900,501649
2009-03-13 15:46:00,76.1100,76.1300,76.0200,76.0305,1012823
2009-03-13 15:45:00,76.1400,76.2000,76.1100,76.1100,619854
2009-03-13 15:44:00,76.1200,76.1600,76.0800,76.1500,696886
2009-03-13 15:43:00,76.0400,76.2200,76.0400,76.1300,1359816
2009-03-13 15:42:00,76.0600,76.0988,76.0100,76.0400,455485
2009-03-13 15:41:00,76.0600,76.1100,76.0300,76.0500,714177
2009-03-13 15:40:00,76.0200,76.1400,76.0200,76.0600,1035799
2009-03-13 15:39:00,75.9400,76.0800,75.9100,76.0200,639650
2009-03-13 15:38:00,75.9100,75.9600,75.9000,75.9400,440551
2009-03-13 15:37:00,75.9000,75.9500,75.8700,75.9100,661624
2009-03-13 15:36:00,75.9700,75.9900,75.8800,75.9000,944479
2009-03-13 15:35:00,76.0300,76.0600,75.9700,75.9800,358139
2009-03-13 15:34:00,76.0100,76.0400,75.9700,76.0300,886802
2009-03-13 15:33:00,75.9800,76.0100,75.9100,76.0000,943047
2009-03-13 15:32:00,76.0700,76.1000,75.9700,75.9900,712370
2009-03-13 15:31:00,76.1700,76.2400,76.0600,76.0800,1484522
2009-03-13 15:30:00,76.2200,76.2700,76.1375,76.1700,583268
2009-03-13 15:29:00,76.3000,76.3000,76.1900,76.2100,519580
2009-03-13 15:28:00,76.2400,76.3100,76.2100,76.3000,520880
2009-03-13 15:27:00,76.2300,76.3200,76.2300,76.2400,441301
2009-03-13 15:26:00,76.3000,76.3200,76.2300,76.2301,334778
2009-03-13 15:25:00,76.2500,76.3300,76.2500,76.3000,793561
2009-03-13 15:24:00,76.2098,76.2900,76.2000,76.2500,769310
2009-03-13 15:23:00,76.1700,76.2300,76.1600,76.2000,359640
2009-03-13 15:22:00,76.1900,76.2300,76.1700,76.1910,383273
2009-03-13 15:21:00,76.1400,76.2200,76.1400,76.1900,400265
2009-03-13 15:20:00,76.1700,76.2100,76.0900,76.1400,674531
2009-03-13 15:19:00,76.1700,76.2100,76.1400,76.1800,1274737
2009-03-13 15:18:00,76.1400,76.2300,76.1300,76.1700,1159903
2009-03-13 15:17:00,76.0000,76.1600,75.9900,76.1400,1946999
2009-03-13 15:16:00,75.9000,76.0300,75.9000,76.0000,402578
2009-03-13 15:15:00,75.8800,75.9200,75.8600,75.9000,258791
2009-03-13 15:14:00,75.8900,75.9400,75.8700,75.8800,166042
2009-03-13 15:13:00,75.8690,75.9000,75.8500,75.8900,198237
2009-03-13 15:12:00,75.9100,75.9300,75.8600,75.8600,138664
2009-03-13 15:11:00,75.9300,75.9325,75.8500,75.9100,230240
2009-03-13 15:10:00,75.9500,75.9700,75.8800,75.9395,232949
2009-03-13 15:09:00,75.8500,75.9500,75.8000,75.9400,284612
2009-03-13 15:08:00,75.9100,75.9100,75.8300,75.8401,136031
2009-03-13 15:07:00,75.9100,75.9200,75.8800,75.9000,194399
2009-03-13 15:06:00,75.8800,75.9500,75.7900,75.9100,569238
2009-03-13 15:05:00,75.8500,75.9000,75.8400,75.8800,325719
2009-03-13 15:04:00,75.8700,75.9100,75.8400,75.8600,359622
2009-03-13 15:03:00,75.8800,75.9300,75.8300,75.8700,608560
2009-03-13 15:02:00,75.8200,75.9000,75.8100,75.8800,264868
2009-03-13 15:01:00,75.8400,75.8500,75.7700,75.8200,300205
2009-03-13 15:00:00,75.7900,75.8500,75.7500,75.8425,271870
2009-03-13 14:59:00,75.7900,75.8300,75.7500,75.8000,587492
2009-03-13 14:58:00,75.8700,75.9225,75.7400,75.7800,1193008
2009-03-13 14:57:00,75.9400,75.9500,75.7900,75.8825,1714108
2009-03-13 14:56:00,76.0000,76.0200,75.9400,75.9401,217856
2009-03-13 14:55:00,76.0100,76.0300,75.9600,76.0000,412523
2009-03-13 14:54:00,75.9700,76.0500,75.9600,76.0200,646623
2009-03-13 14:53:00,75.9499,76.0000,75.9300,75.9700,522255
2009-03-13 14:52:00,76.0000,76.0200,75.9000,75.9400,811332
2009-03-13 14:51:00,76.0203,76.0400,75.9900,76.0000,321705
2009-03-13 14:50:00,76.0104,76.0400,75.9900,76.0300,292841
2009-03-13 14:49:00,76.0400,76.0800,75.9900,76.0104,504737
2009-03-13 14:48:00,76.1000,76.1500,76.0300,76.0300,886122
2009-03-13 14:47:00,76.1200,76.1400,76.0500,76.1000,2516922
2009-03-13 14:46:00,75.9600,76.1900,75.9401,76.1200,2097364
2009-03-13 14:45:00,75.9002,75.9700,75.8700,75.9600,610924
2009-03-13 14:44:00,75.9600,75.9700,75.8600,75.9000,527742
2009-03-13 14:43:00,75.8484,75.9700,75.8300,75.9600,679437
2009-03-13 14:42:00,75.8500,75.9000,75.8400,75.8400,111903
2009-03-13 14:41:00,75.8400,75.8800,75.8100,75.8500,291170
2009-03-13 14:40:00,75.8700,75.8900,75.8100,75.8500,419808
2009-03-13 14:39:00,75.9300,75.9400,75.8400,75.8700,628661
2009-03-13 14:38:00,75.9600,75.9700,75.9100,75.9300,308441
2009-03-13 14:37:00,75.8995,76.0300,75.8995,75.9600,1743480
2009-03-13 14:36:00,75.8825,75.9000,75.8300,75.9000,380901
2009-03-13 14:35:00,75.8000,75.8900,75.7900,75.8700,371100
2009-03-13 14:34:00,75.7580,75.8700,75.7500,75.8000,988351
2009-03-13 14:33:00,75.7300,75.7700,75.7300,75.7594,213944
2009-03-13 14:32:00,75.6700,75.8000,75.6600,75.7300,1137031
2009-03-13 14:31:00,75.6500,75.6800,75.6000,75.6500,573352
2009-03-13 14:30:00,75.6800,75.6800,75.6100,75.6500,316813
2009-03-13 14:29:00,75.6200,75.6800,75.5800,75.6800,606284
2009-03-13 14:28:00,75.6100,75.6400,75.5500,75.6100,498399
2009-03-13 14:27:00,75.6600,75.6700,75.5800,75.6100,288561
2009-03-13 14:26:00,75.6000,75.7000,75.5700,75.6700,858059
2009-03-13 14:25:00,75.5300,75.6100,75.5300,75.6000,251376
2009-03-13 14:24:00,75.5800,75.6100,75.5300,75.5301,388482
2009-03-13 14:23:00,75.5900,75.5900,75.5600,75.5800,142593
2009-03-13 14:22:00,75.5500,75.6000,75.5000,75.5900,887957
2009-03-13 14:21:00,75.6300,75.6800,75.5500,75.5500,718962
2009-03-13 14:20:00,75.6495,75.6495,75.5500,75.6200,737821
2009-03-13 14:19:00,75.6300,75.6900,75.6200,75.6400,643325
2009-03-13 14:18:00,75.6700,75.7000,75.5700,75.6300,1157207
2009-03-13 14:17:00,75.6900,75.7400,75.6100,75.6700,1457514
2009-03-13 14:16:00,75.8300,75.8500,75.6800,75.6900,687224
2009-03-13 14:15:00,75.8200,75.8525,75.8200,75.8300,148604
2009-03-13 14:14:00,75.8900,75.9000,75.5872,75.8299,2836713
2009-03-13 14:13:00,75.8500,75.9000,75.7800,75.8900,542944
2009-03-13 14:12:00,75.8400,75.8600,75.8000,75.8500,292152
2009-03-13 14:11:00,75.8700,75.8800,75.7900,75.8400,869635
2009-03-13 14:10:00,75.9200,75.9300,75.8400,75.8700,258105
2009-03-13 14:09:00,75.8600,76.0000,75.8200,75.9100,803887
2009-03-13 14:08:00,75.8400,75.8700,75.7900,75.8500,331742
2009-03-13 14:07:00,75.7300,75.8500,75.6900,75.8400,801764
2009-03-13 14:06:00,75.7200,75.7500,75.6900,75.7200,216964
2009-03-13 14:05:00,75.7200,75.7500,75.6900,75.7300,331064
2009-03-13 14:04:00,75.7206,75.7400,75.6800,75.7200,521453
2009-03-13 14:03:00,75.7600,75.7700,75.7000,75.7200,586466
2009-03-13 14:02:00,75.8499,75.8499,75.7200,75.7600,668432
2009-03-13 14:01:00,75.7400,75.8800,75.7300,75.8500,1155990
2009-03-13 14:00:00,75.7200,75.7600,75.6800,75.7400,1097734
2009-03-13 13:59:00,75.6800,75.7600,75.6500,75.7200,399376
2009-03-13 13:58:00,75.6100,75.7000,75.6100,75.6900,246258
2009-03-13 13:57:00,75.6299,75.7400,75.6100,75.6100,705186
2009-03-13 13:56:00,75.6400,75.6500,75.6100,75.6294,137445
2009-03-13 13:55:00,75.6300,75.6525,75.6000,75.6400,236231
2009-03-13 13:54:00,75.6700,75.6800,75.5800,75.6300,470210
2009-03-13 13:53:00,75.7000,75.7100,75.6400,75.6799,498542
2009-03-13 13:52:00,75.6700,75.7700,75.6600,75.6900,386271
2009-03-13 13:51:00,75.6700,75.7200,75.6600,75.6700,410853
2009-03-13 13:50:00,75.5601,75.6800,75.5600,75.6800,455633
2009-03-13 13:49:00,75.5500,75.5700,75.4900,75.5700,325214
2009-03-13 13:48:00,75.5194,75.6000,75.5100,75.5400,371295
2009-03-13 13:47:00,75.5500,75.5500,75.5000,75.5100,131691
2009-03-13 13:46:00,75.5500,75.5900,75.5100,75.5500,392113
2009-03-13 13:45:00,75.5900,75.6000,75.5000,75.5500,366792
2009-03-13 13:44:00,75.5900,75.6600,75.5800,75.5900,310981
2009-03-13 13:43:00,75.6000,75.6100,75.5400,75.5800,334583
2009-03-13 13:42:00,75.5900,75.6000,75.5600,75.6000,272429
2009-03-13 13:41:00,75.5100,75.6000,75.5000,75.5900,508421
2009-03-13 13:40:00,75.5300,75.5600,75.4900,75.5200,442365
2009-03-13 13:39:00,75.4900,75.5400,75.4700,75.5300,496471
2009-03-13 13:38:00,75.6100,75.6200,75.4800,75.4900,1325288
2009-03-13 13:37:00,75.6700,75.7500,75.6100,75.6100,954701
2009-03-13 13:36:00,75.7300,75.7800,75.6600,75.6700,395051
2009-03-13 13:35:00,75.7100,75.7600,75.7100,75.7300,312094
2009-03-13 13:34:00,75.7200,75.7400,75.7100,75.7195,143917
2009-03-13 13:33:00,75.6900,75.7200,75.6700,75.7200,231122
2009-03-13 13:32:00,75.7000,75.7100,75.6300,75.6900,1021219
2009-03-13 13:31:00,75.7800,75.8000,75.6900,75.7100,585112
2009-03-13 13:30:00,75.7700,75.8200,75.7400,75.7800,643170
2009-03-13 13:29:00,75.7900,75.8100,75.7300,75.7800,402159
2009-03-13 13:28:00,75.7500,75.8400,75.7400,75.7890,803215
2009-03-13 13:27:00,75.7300,75.7800,75.7200,75.7510,374616
2009-03-13 13:26:00,75.7100,75.7500,75.6900,75.7300,361794
2009-03-13 13:25:00,75.7500,75.7700,75.6400,75.7000,776971
2009-03-13 13:24:00,75.6500,75.7500,75.6200,75.7500,560950
2009-03-13 13:23:00,75.6400,75.6500,75.6200,75.6500,134022
2009-03-13 13:22:00,75.6500,75.6600,75.6200,75.6500,203239
2009-03-13 13:21:00,75.6825,75.6825,75.6200,75.6400,394402
2009-03-13 13:20:00,75.6800,75.7100,75.6600,75.7025,131533
2009-03-13 13:19:00,75.7000,75.7325,75.6700,75.6700,348177
2009-03-13 13:18:00,75.6000,75.7200,75.6000,75.7000,438139
2009-03-13 13:17:00,75.6400,75.6600,75.5900,75.6000,392959
2009-03-13 13:16:00,75.7500,75.7600,75.6400,75.6400,403654
2009-03-13 13:15:00,75.7000,75.7900,75.6900,75.7500,1004342
2009-03-13 13:14:00,75.6100,75.7200,75.6100,75.7000,835873
2009-03-13 13:13:00,75.4800,75.6200,75.4400,75.6106,1666407
2009-03-13 13:12:00,75.4100,75.4900,75.3900,75.4900,402605
2009-03-13 13:11:00,75.4300,75.4300,75.4000,75.4020,46586
2009-03-13 13:10:00,75.4000,75.4500,75.3900,75.4200,112474
2009-03-13 13:09:00,75.3800,75.4300,75.3500,75.4000,208507
2009-03-13 13:08:00,75.4600,75.4600,75.3500,75.3700,250446
2009-03-13 13:07:00,75.3800,75.4600,75.3600,75.4500,320014
2009-03-13 13:06:00,75.3700,75.4100,75.3606,75.3800,164581
2009-03-13 13:05:00,75.3500,75.3700,75.3000,75.3622,286681
2009-03-13 13:04:00,75.3500,75.3800,75.3300,75.3500,264365
2009-03-13 13:03:00,75.4104,75.4300,75.3100,75.3500,471502
2009-03-13 13:02:00,75.4100,75.4600,75.3900,75.4200,420909
2009-03-13 13:01:00,75.3400,75.4200,75.3300,75.4000,209566
2009-03-13 13:00:00,75.4000,75.4200,75.3300,75.3500,672833
2009-03-13 12:59:00,75.3200,75.4300,75.3200,75.4000,392946
2009-03-13 12:58:00,75.3800,75.3900,75.2800,75.3300,509757
2009-03-13 12:57:00,75.2300,75.3800,75.2200,75.3700,609499
2009-03-13 12:56:00,75.2800,75.3000,75.1900,75.2200,282525
2009-03-13 12:55:00,75.2600,75.3100,75.2200,75.2799,391066
2009-03-13 12:54:00,75.1900,75.2500,75.1400,75.2500,427241
2009-03-13 12:53:00,75.2600,75.2900,75.1900,75.1900,454615
2009-03-13 12:52:00,75.3000,75.3400,75.2500,75.2600,393591
2009-03-13 12:51:00,75.2900,75.3200,75.2500,75.2900,440427
2009-03-13 12:50:00,75.3099,75.3600,75.2800,75.3000,461565
2009-03-13 12:49:00,75.3200,75.3500,75.2300,75.3000,746628
2009-03-13 12:48:00,75.4300,75.4500,75.2700,75.3300,1116073
2009-03-13 12:47:00,75.3900,75.4500,75.3600,75.4300,404016
2009-03-13 12:46:00,75.3700,75.4600,75.3700,75.4000,1135935
2009-03-13 12:45:00,75.2400,75.3800,75.2300,75.3700,619873
2009-03-13 12:44:00,75.1200,75.2800,75.1000,75.2300,2933275
2009-03-13 12:43:00,75.2500,75.2600,75.1200,75.1200,468269
2009-03-13 12:42:00,75.2000,75.2700,75.1900,75.2500,860296
2009-03-13 12:41:00,75.0500,75.2200,75.0400,75.1900,725194
2009-03-13 12:40:00,74.9700,75.0600,74.9600,75.0500,229657
2009-03-13 12:39:00,74.9700,75.0401,74.9600,74.9800,472652
2009-03-13 12:38:00,74.9801,75.0000,74.9600,74.9600,113706
2009-03-13 12:37:00,75.0878,75.1100,74.9600,74.9804,684633
2009-03-13 12:36:00,75.0600,75.1300,75.0500,75.0900,536226
2009-03-13 12:35:00,74.9800,75.0700,74.9800,75.0575,485235
2009-03-13 12:34:00,75.0400,75.0400,74.9500,74.9810,250836
2009-03-13 12:33:00,74.9800,75.0600,74.9650,75.0320,308023
2009-03-13 12:32:00,75.0300,75.0500,74.9600,74.9800,475314
2009-03-13 12:31:00,74.9900,75.0700,74.9900,75.0400,269448
2009-03-13 12:30:00,74.9400,75.0025,74.9200,74.9910,430102
2009-03-13 12:29:00,74.9300,74.9800,74.9100,74.9300,645123
2009-03-13 12:28:00,75.0500,75.0700,74.9300,74.9400,743542
2009-03-13 12:27:00,75.0401,75.1000,75.0100,75.0600,377505
2009-03-13 12:26:00,75.0100,75.0500,74.9900,75.0400,359311
2009-03-13 12:25:00,74.9200,75.0600,74.8906,75.0100,1330328
2009-03-13 12:24:00,74.8500,74.9300,74.8500,74.9200,651940
2009-03-13 12:23:00,74.8300,74.8600,74.7900,74.8500,648326
2009-03-13 12:22:00,74.8200,74.8800,74.7900,74.8200,764686
2009-03-13 12:21:00,74.7700,74.8400,74.7400,74.8200,1147997
2009-03-13 12:20:00,74.8200,74.8225,74.7300,74.7700,592646
2009-03-13 12:19:00,74.8400,74.8400,74.7700,74.8201,676927
2009-03-13 12:18:00,74.8200,74.8600,74.8000,74.8300,319494
2009-03-13 12:17:00,74.7800,74.8700,74.7600,74.8200,809293
2009-03-13 12:16:00,74.9200,74.9200,74.7800,74.7900,1499770
2009-03-13 12:15:00,74.9400,74.9500,74.9000,74.9200,383645
2009-03-13 12:14:00,74.9300,74.9700,74.9100,74.9590,666873
2009-03-13 12:13:00,74.9400,74.9600,74.9100,74.9300,760257
2009-03-13 12:12:00,75.0900,75.1000,74.9400,74.9400,537905
2009-03-13 12:11:00,75.0000,75.1000,75.0000,75.0900,896113
2009-03-13 12:10:00,75.1325,75.1325,75.0000,75.0000,248847
2009-03-13 12:09:00,75.0700,75.1400,75.0600,75.1300,198073
2009-03-13 12:08:00,75.1200,75.1350,75.0700,75.0700,279732
2009-03-13 12:07:00,75.1000,75.1600,75.1000,75.1200,372366
2009-03-13 12:06:00,75.1200,75.1300,75.1000,75.1000,198591
2009-03-13 12:05:00,75.1800,75.2000,75.1000,75.1300,431903
2009-03-13 12:04:00,75.2200,75.2590,75.1400,75.1600,511651
2009-03-13 12:03:00,75.2700,75.2800,75.2200,75.2300,489080
2009-03-13 12:02:00,75.2300,75.2800,75.1700,75.2600,464363
2009-03-13 12:01:00,75.2000,75.2800,75.2000,75.2100,628071
2009-03-13 12:00:00,75.1000,75.2200,75.0900,75.2000,800133
2009-03-13 11:59:00,75.1400,75.1600,75.0900,75.1100,454481
2009-03-13 11:58:00,75.0600,75.1500,75.0600,75.1400,400697
2009-03-13 11:57:00,75.0085,75.1100,75.0085,75.0600,923191
2009-03-13 11:56:00,74.9500,75.0500,74.9500,75.0100,654718
2009-03-13 11:55:00,74.9000,74.9500,74.8900,74.9500,336423
2009-03-13 11:54:00,74.9100,74.9600,74.9000,74.9000,846682
2009-03-13 11:53:00,75.0000,75.0200,74.9100,74.9100,604868
2009-03-13 11:52:00,75.0000,75.0400,74.9800,75.0000,380917
2009-03-13 11:51:00,75.0500,75.0700,75.0000,75.0000,811164
2009-03-13 11:50:00,75.0000,75.0500,74.9400,75.0500,801979
2009-03-13 11:49:00,74.9800,75.0100,74.9100,75.0100,845016
2009-03-13 11:48:00,74.9400,75.0000,74.9200,74.9900,891462
2009-03-13 11:47:00,74.9800,75.0100,74.8900,74.9500,963552
2009-03-13 11:46:00,75.1300,75.1600,74.9700,74.9800,1067154
2009-03-13 11:45:00,75.1400,75.2100,75.0900,75.1300,545298
2009-03-13 11:44:00,75.2900,75.3300,75.1000,75.1400,843449
2009-03-13 11:43:00,75.1800,75.3000,75.1800,75.2800,670291
2009-03-13 11:42:00,75.1800,75.2100,75.1100,75.1700,389493
2009-03-13 11:41:00,75.2200,75.2300,75.1600,75.1800,215501
2009-03-13 11:40:00,75.2200,75.2400,75.1800,75.2300,417445
2009-03-13 11:39:00,75.3000,75.3800,75.2200,75.2200,696927
2009-03-13 11:38:00,75.2400,75.3300,75.1700,75.2900,799654
2009-03-13 11:37:00,75.1600,75.2400,75.0900,75.2400,812235
2009-03-13 11:36:00,75.1900,75.2400,75.1500,75.1500,678907
2009-03-13 11:35:00,75.2000,75.2900,75.1500,75.2000,655291
2009-03-13 11:34:00,75.2200,75.2800,75.1800,75.2000,544293
2009-03-13 11:33:00,75.3400,75.3600,75.2100,75.2200,557903
2009-03-13 11:32:00,75.4500,75.4600,75.3100,75.3300,692474
2009-03-13 11:31:00,75.3700,75.4625,75.3000,75.4500,1780014
2009-03-13 11:30:00,75.4700,75.4800,75.3300,75.3799,433938
2009-03-13 11:29:00,75.3900,75.5000,75.3900,75.4700,385194
2009-03-13 11:28:00,75.4800,75.4800,75.3900,75.3900,305330
2009-03-13 11:27:00,75.4500,75.4800,75.4200,75.4700,198870
2009-03-13 11:26:00,75.4100,75.4725,75.3600,75.4200,475774
2009-03-13 11:25:00,75.5000,75.5000,75.3900,75.4000,618668
2009-03-13 11:24:00,75.3700,75.5200,75.3400,75.5000,958581
2009-03-13 11:23:00,75.2800,75.3800,75.2500,75.3700,488276
2009-03-13 11:22:00,75.1900,75.2800,75.1900,75.2800,512835
2009-03-13 11:21:00,75.2500,75.2700,75.1900,75.2000,727514
2009-03-13 11:20:00,75.2700,75.2925,75.1624,75.2500,1069018
2009-03-13 11:19:00,75.3900,75.4000,75.2700,75.2700,638042
2009-03-13 11:18:00,75.4200,75.4700,75.3706,75.3901,526071
2009-03-13 11:17:00,75.3500,75.4700,75.3400,75.4200,800464
2009-03-13 11:16:00,75.3300,75.4300,75.3000,75.3500,703822
2009-03-13 11:15:00,75.3800,75.3900,75.2600,75.3300,733953
2009-03-13 11:14:00,75.3800,75.4100,75.3200,75.3780,638152
2009-03-13 11:13:00,75.3600,75.4100,75.3500,75.3700,506722
2009-03-13 11:12:00,75.3000,75.3700,75.2800,75.3500,1640482
2009-03-13 11:11:00,75.2200,75.3200,75.2100,75.3000,1056393
2009-03-13 11:10:00,75.3100,75.3500,75.2000,75.2200,1176653
2009-03-13 11:09:00,75.3010,75.3600,75.3000,75.3100,701923
2009-03-13 11:08:00,75.2900,75.3700,75.2700,75.3225,1473689
2009-03-13 11:07:00,75.5500,75.5500,75.2800,75.2900,1932034
2009-03-13 11:06:00,75.5195,75.5800,75.4700,75.5500,1097070
2009-03-13 11:05:00,75.7200,75.7300,75.5100,75.5200,790030
2009-03-13 11:04:00,75.7300,75.7800,75.7000,75.7200,481607
2009-03-13 11:03:00,75.7100,75.8200,75.7000,75.7300,1035506
2009-03-13 11:02:00,75.6700,75.7600,75.6400,75.7200,730004
2009-03-13 11:01:00,75.6000,75.6800,75.5700,75.6799,858465
2009-03-13 11:00:00,75.5700,75.6300,75.5000,75.6100,845277
2009-03-13 10:59:00,75.6100,75.6700,75.5300,75.6100,1035037
2009-03-13 10:58:00,75.6500,75.7400,75.6100,75.6100,616362
2009-03-13 10:57:00,75.7000,75.7100,75.6000,75.6400,511643
2009-03-13 10:56:00,75.6500,75.7400,75.6100,75.7000,560842
2009-03-13 10:55:00,75.7600,75.8100,75.6400,75.6400,915353
2009-03-13 10:54:00,75.7200,75.7800,75.7100,75.7600,490141
2009-03-13 10:53:00,75.8190,75.8190,75.7000,75.7200,877468
2009-03-13 10:52:00,75.8694,75.9100,75.7600,75.8200,818200
2009-03-13 10:51:00,76.0000,76.0000,75.8500,75.8610,797852
2009-03-13 10:50:00,76.1500,76.1600,75.9900,76.0100,932296
2009-03-13 10:49:00,76.0699,76.1500,76.0500,76.1500,661322
2009-03-13 10:48:00,76.1400,76.1400,76.0500,76.0606,612274
2009-03-13 10:47:00,76.0900,76.2400,76.0900,76.1400,1181153
2009-03-13 10:46:00,76.0283,76.1100,76.0200,76.0900,1481814
2009-03-13 10:45:00,75.9100,76.0600,75.8300,76.0299,2067581
2009-03-13 10:44:00,75.8700,75.9300,75.8600,75.9100,379898
2009-03-13 10:43:00,75.8700,75.9400,75.8000,75.8600,1029655
2009-03-13 10:42:00,75.8500,75.8800,75.8200,75.8800,813651
2009-03-13 10:41:00,75.7600,75.8900,75.7500,75.8500,669147
2009-03-13 10:40:00,75.6600,75.7700,75.6500,75.7700,673923
2009-03-13 10:39:00,75.6600,75.7100,75.6500,75.6600,347796
2009-03-13 10:38:00,75.6900,75.7000,75.6000,75.6594,666265
2009-03-13 10:37:00,75.6100,75.7100,75.5800,75.6994,542890
2009-03-13 10:36:00,75.5800,75.6500,75.5300,75.6425,720201
2009-03-13 10:35:00,75.6500,75.6700,75.5500,75.5900,815126
2009-03-13 10:34:00,75.6300,75.7100,75.5900,75.6600,922271
2009-03-13 10:33:00,75.5700,75.7000,75.5600,75.6300,1530187
2009-03-13 10:32:00,75.5000,75.5700,75.4700,75.5678,1683096
2009-03-13 10:31:00,75.5600,75.6200,75.4600,75.5000,2828734
2009-03-13 10:30:00,75.6600,75.7300,75.5500,75.5500,1412276
2009-03-13 10:29:00,75.8000,75.8100,75.6400,75.6600,1204313
2009-03-13 10:28:00,75.7700,75.8500,75.7300,75.8000,1069477
2009-03-13 10:27:00,75.7700,75.9500,75.7300,75.7700,1619216
2009-03-13 10:26:00,75.8700,75.9200,75.7500,75.7700,1276606
2009-03-13 10:25:00,75.8700,75.9300,75.8500,75.8700,1076658
2009-03-13 10:24:00,75.9900,76.0500,75.8600,75.8890,1398077
2009-03-13 10:23:00,76.1900,76.2600,75.9600,75.9900,1558614
2009-03-13 10:22:00,76.2900,76.2900,76.1500,76.2000,634768
2009-03-13 10:21:00,76.2200,76.3000,76.1600,76.2800,469561
2009-03-13 10:20:00,76.1800,76.2300,76.1100,76.2118,944150
2009-03-13 10:19:00,76.1600,76.2700,76.1500,76.1700,812490
2009-03-13 10:18:00,76.1700,76.2000,76.0800,76.1500,717934
2009-03-13 10:17:00,76.0900,76.2100,76.0800,76.1700,1023994
2009-03-13 10:16:00,76.1700,76.1800,76.0900,76.1110,792656
2009-03-13 10:15:00,76.1400,76.2300,76.1300,76.1600,872370
2009-03-13 10:14:00,76.1100,76.2000,76.0900,76.2000,1210669
2009-03-13 10:13:00,76.2400,76.2700,76.1000,76.1000,885346
2009-03-13 10:12:00,76.1700,76.3200,76.0700,76.2810,1668838
2009-03-13 10:11:00,76.2300,76.3900,76.1500,76.1700,1561535
2009-03-13 10:10:00,76.2600,76.3000,76.1300,76.2190,1613739
2009-03-13 10:09:00,76.2400,76.2994,76.2200,76.2600,915881
2009-03-13 10:08:00,76.3000,76.3300,76.2300,76.2399,1126556
2009-03-13 10:07:00,76.1800,76.3300,76.1600,76.3000,1247122
2009-03-13 10:06:00,76.0700,76.2100,76.0150,76.1800,1298630
2009-03-13 10:05:00,75.9800,76.0800,75.9200,76.0700,710093
2009-03-13 10:04:00,75.9600,76.0600,75.9300,76.0200,1106768
2009-03-13 10:03:00,76.0000,76.0500,75.9100,75.9600,859514
2009-03-13 10:02:00,75.8500,76.0300,75.8300,76.0000,1259572
2009-03-13 10:01:00,75.9500,75.9600,75.7100,75.8500,1282310
2009-03-13 10:00:00,76.0100,76.0400,75.9400,75.9500,1757257
2009-03-13 09:59:00,75.8500,76.0100,75.8100,76.0000,1366071
2009-03-13 09:58:00,75.7400,75.8700,75.7200,75.8500,781881
2009-03-13 09:57:00,75.7500,75.8200,75.7100,75.7400,976041
2009-03-13 09:56:00,75.7200,75.7800,75.6100,75.7400,1264262
2009-03-13 09:55:00,75.8300,75.8800,75.6800,75.7100,1968428
2009-03-13 09:54:00,75.5700,75.8400,75.5600,75.8300,1515912
2009-03-13 09:53:00,75.5500,75.6400,75.4900,75.5700,2021936
2009-03-13 09:52:00,75.5200,75.6100,75.5100,75.5500,903151
2009-03-13 09:51:00,75.6700,75.6800,75.5200,75.5200,847061
2009-03-13 09:50:00,75.6700,75.7400,75.6400,75.6700,414521
2009-03-13 09:49:00,75.6900,75.7900,75.6400,75.6699,732391
2009-03-13 09:48:00,75.7700,75.7800,75.6200,75.6900,1029714
2009-03-13 09:47:00,75.7200,75.9100,75.7000,75.7799,1731025
2009-03-13 09:46:00,75.6300,75.7500,75.5700,75.7200,1264589
2009-03-13 09:45:00,75.5200,75.7100,75.4400,75.6400,2203299
2009-03-13 09:44:00,75.7800,75.7820,75.4100,75.5200,2489126
2009-03-13 09:43:00,75.6000,75.8300,75.5100,75.7780,2394927
2009-03-13 09:42:00,75.7400,75.7700,75.5900,75.6100,1588520
2009-03-13 09:41:00,76.0000,76.0000,75.7300,75.7300,1868579
2009-03-13 09:40:00,75.9100,76.0800,75.9000,76.0000,2040809
2009-03-13 09:39:00,75.7800,75.9700,75.7800,75.9100,1583114
2009-03-13 09:38:00,75.8200,75.8900,75.7300,75.7800,1410696
2009-03-13 09:37:00,75.9900,76.0100,75.8000,75.8100,893678
2009-03-13 09:36:00,75.9500,76.0400,75.9300,75.9900,1211591
2009-03-13 09:35:00,75.7100,75.9600,75.6850,75.9490,1955645
2009-03-13 09:34:00,75.7000,75.7200,75.6400,75.7000,1286212
2009-03-13 09:33:00,75.7300,75.8100,75.6900,75.7000,1446206
2009-03-13 09:32:00,75.7800,75.8300,75.6700,75.7300,1902150
2009-03-13 09:31:00,75.8600,75.9200,75.7800,75.7800,1004927
2009-03-13 09:30:00,76.0000,76.0300,75.8300,75.8600,1107939
2009-03-13 09:29:00,75.9900,76.0300,75.9500,75.9900,280433
2009-03-13 09:28:00,75.9800,76.0000,75.9500,75.9900,105538
2009-03-13 09:27:00,76.0200,76.0200,75.9300,75.9700,186036
2009-03-13 09:26:00,75.9900,76.0100,75.9600,76.0100,22912
2009-03-13 09:25:00,76.0300,76.0300,76.0000,76.0000,425232
2009-03-13 09:24:00,76.0200,76.0300,76.0200,76.0300,17357
2009-03-13 09:23:00,76.0200,76.0300,76.0200,76.0300,7460
2009-03-13 09:22:00,76.0200,76.0300,76.0200,76.0300,21380
2009-03-13 09:21:00,76.0400,76.0400,76.0000,76.0200,60208
2009-03-13 09:20:00,76.0200,76.0300,76.0100,76.0300,22749
2009-03-13 09:19:00,75.9500,76.0100,75.9500,76.0100,71426
2009-03-13 09:18:00,75.9300,75.9600,75.9200,75.9500,50552
2009-03-13 09:17:00,75.9800,75.9900,75.9200,75.9200,58752
2009-03-13 09:16:00,76.0300,76.0300,75.9700,75.9900,65232
2009-03-13 09:15:00,76.0200,76.0300,76.0200,76.0200,8000
2009-03-13 09:14:00,76.0200,76.0400,76.0100,76.0300,69756
2009-03-13 09:13:00,76.0200,76.0300,76.0100,76.0200,14000
2009-03-13 09:12:00,76.0200,76.0600,76.0100,76.0300,70593
2009-03-13 09:11:00,76.0300,76.0300,76.0000,76.0100,15796
2009-03-13 09:10:00,76.0400,76.0500,76.0200,76.0500,4556
2009-03-13 09:09:00,76.0400,76.0700,76.0400,76.0500,7771
2009-03-13 09:08:00,76.0700,76.0800,76.0300,76.0300,39094
2009-03-13 09:07:00,76.0700,76.0700,76.0500,76.0700,10376
2009-03-13 09:06:00,76.0000,76.0900,76.0000,76.0700,72513
2009-03-13 09:05:00,75.9500,76.0200,75.9500,76.0000,149240
2009-03-13 09:04:00,76.0200,76.0300,75.9600,75.9600,17481
2009-03-13 09:03:00,76.0600,76.0800,75.9700,76.0100,49836
2009-03-13 09:02:00,76.0300,76.0700,76.0100,76.0700,235575
2009-03-13 09:01:00,76.0100,76.0300,76.0000,76.0300,32501
2009-03-13 09:00:00,75.9600,76.0100,75.9400,76.0100,73609
2009-03-13 08:59:00,75.9200,75.9600,75.9000,75.9600,44454
2009-03-13 08:58:00,75.9800,75.9900,75.9200,75.9200,20877
2009-03-13 08:57:00,75.9600,76.0000,75.9600,75.9900,21082
2009-03-13 08:56:00,75.9500,76.0000,75.9300,75.9600,38458
2009-03-13 08:55:00,76.0500,76.0500,75.9300,75.9600,166061
2009-03-13 08:54:00,76.0600,76.0600,76.0500,76.0500,18300
2009-03-13 08:53:00,76.1100,76.1100,76.0500,76.0500,552386
2009-03-13 08:52:00,76.0800,76.1200,76.0600,76.1100,50938
2009-03-13 08:51:00,76.0700,76.1100,76.0600,76.0900,79525
2009-03-13 08:50:00,76.1400,76.1500,76.0700,76.0900,127250
2009-03-13 08:49:00,76.1500,76.1700,76.1300,76.1500,68616
2009-03-13 08:48:00,76.2800,76.3400,76.1500,76.1500,433814
2009-03-13 08:47:00,76.3700,76.3900,76.2900,76.2900,52305
2009-03-13 08:46:00,76.4100,76.4100,76.3400,76.3600,24754
2009-03-13 08:45:00,76.3600,76.4300,76.3600,76.4300,30378
2009-03-13 08:44:00,76.3900,76.4300,76.3500,76.3600,13382
2009-03-13 08:43:00,76.4100,76.4600,76.4000,76.4000,20555
2009-03-13 08:42:00,76.4100,76.4400,76.3900,76.4100,70084
2009-03-13 08:41:00,76.4200,76.4400,76.4000,76.4300,44825
2009-03-13 08:40:00,76.5000,76.5000,76.4300,76.4300,130399
2009-03-13 08:39:00,76.4700,76.5100,76.4700,76.5000,28971
2009-03-13 08:38:00,76.4900,76.5000,76.4600,76.4800,21302
2009-03-13 08:37:00,76.4900,76.5000,76.4800,76.4800,162301
2009-03-13 08:36:00,76.4600,76.5000,76.4500,76.4900,141202
2009-03-13 08:35:00,76.4500,76.5100,76.4500,76.4600,228143
2009-03-13 08:34:00,76.4200,76.4500,76.3600,76.4500,89347
2009-03-13 08:33:00,76.3700,76.4300,76.3300,76.4200,118577
2009-03-13 08:32:00,76.3200,76.3900,76.3000,76.3800,331970
2009-03-13 08:31:00,76.3100,76.3400,76.2800,76.3300,151840
2009-03-13 08:30:00,76.4200,76.4400,76.3100,76.3100,290852
2009-03-13 08:29:00,76.4000,76.4100,76.3900,76.4000,20856
2009-03-13 08:28:00,76.3600,76.3900,76.3400,76.3900,25156
2009-03-13 08:27:00,76.3600,76.3600,76.3500,76.3500,41110
2009-03-13 08:26:00,76.3200,76.3600,76.3000,76.3500,179724
2009-03-13 08:25:00,76.3100,76.3200,76.3100,76.3200,4900
2009-03-13 08:24:00,76.3100,76.3200,76.3000,76.3100,5232
2009-03-13 08:23:00,76.2900,76.3100,76.2800,76.3100,7254
2009-03-13 08:22:00,76.2500,76.2800,76.2500,76.2800,12200
2009-03-13 08:21:00,76.2400,76.2600,76.2200,76.2600,96413
2009-03-13 08:20:00,76.2800,76.2800,76.2400,76.2500,34800
2009-03-13 08:19:00,76.2500,76.2900,76.2500,76.2800,12342
2009-03-13 08:18:00,76.2400,76.2900,76.2400,76.2500,12648
2009-03-13 08:17:00,76.2300,76.2900,76.2300,76.2400,40395
2009-03-13 08:16:00,76.2500,76.2500,76.1800,76.2500,25450
2009-03-13 08:15:00,76.2000,76.2700,76.1900,76.2600,12100
2009-03-13 08:14:00,76.3200,76.3200,76.2000,76.2000,90206
2009-03-13 08:13:00,76.3100,76.3400,76.3000,76.3200,7100
2009-03-13 08:12:00,76.3200,76.3200,76.3000,76.3200,8860
2009-03-13 08:11:00,76.3400,76.3400,76.3200,76.3200,6836
2009-03-13 08:10:00,76.3500,76.3800,76.3200,76.3400,27900
2009-03-13 08:09:00,76.3500,76.3600,76.3000,76.3600,62100
2009-03-13 08:08:00,76.3400,76.3400,76.3400,76.3400,132700
2009-03-13 08:07:00,76.3200,76.3400,76.3100,76.3300,10300
2009-03-13 08:06:00,76.3100,76.3400,76.3100,76.3200,25950
2009-03-13 08:05:00,76.4000,76.4000,76.3000,76.3100,55744
2009-03-13 08:04:00,76.4200,76.4300,76.4000,76.4100,47394
2009-03-13 08:03:00,76.3900,76.4400,76.3900,76.4000,193120
2009-03-13 08:02:00,76.3600,76.4000,76.3600,76.3800,27500
2009-03-13 08:01:00,76.3400,76.4000,76.3400,76.3700,35769
2009-03-13 08:00:00,76.3000,76.3600,76.3000,76.3500,101723
2009-03-13 07:59:00,76.2800,76.3100,76.2800,76.3000,12100
2009-03-13 07:58:00,76.2500,76.2900,76.2500,76.2900,17100
2009-03-13 07:57:00,76.2900,76.2900,76.2600,76.2600,6000
2009-03-13 07:56:00,76.3000,76.3000,76.2900,76.2900,1200
2009-03-13 07:55:00,76.2800,76.2800,76.2500,76.2800,6308
2009-03-13 07:54:00,76.2500,76.2700,76.2300,76.2700,5093
2009-03-13 07:53:00,76.2500,76.2600,76.2300,76.2500,104269
2009-03-13 07:52:00,76.3200,76.3200,76.2300,76.2400,9288
2009-03-13 07:51:00,76.3000,76.3000,76.3000,76.3000,500
2009-03-13 07:50:00,76.3200,76.3200,76.3000,76.3200,6100
2009-03-13 07:48:00,76.3000,76.3000,76.3000,76.3000,3700
2009-03-13 07:47:00,76.3300,76.3300,76.3000,76.3100,3746
2009-03-13 07:46:00,76.4000,76.4000,76.3500,76.3500,30266
2009-03-13 07:45:00,76.3800,76.4200,76.3700,76.4200,54069
2009-03-13 07:44:00,76.4100,76.4100,76.4100,76.4100,200
2009-03-13 07:43:00,76.3800,76.3800,76.3600,76.3800,32069
2009-03-13 07:42:00,76.3500,76.4100,76.3500,76.4100,33900
2009-03-13 07:41:00,76.2300,76.3400,76.2300,76.3300,14845
2009-03-13 07:40:00,76.2100,76.2200,76.2100,76.2200,8500
2009-03-13 07:39:00,76.2600,76.2600,76.2100,76.2100,72838
2009-03-13 07:38:00,76.2500,76.2500,76.2400,76.2400,1869
2009-03-13 07:37:00,76.2500,76.2600,76.2500,76.2600,27809
2009-03-13 07:36:00,76.2000,76.2100,76.2000,76.2100,8800
2009-03-13 07:35:00,76.2500,76.2500,76.1800,76.1800,19750
2009-03-13 07:34:00,76.2800,76.3000,76.2300,76.2300,13126
2009-03-13 07:33:00,76.2500,76.2800,76.2500,76.2800,18233
2009-03-13 07:32:00,76.2500,76.2700,76.2400,76.2600,14686
2009-03-13 07:31:00,76.2500,76.2600,76.2400,76.2500,45869
2009-03-13 07:30:00,76.2700,76.2800,76.2500,76.2500,32045
2009-03-13 07:29:00,76.2900,76.2900,76.2600,76.2800,1869
2009-03-13 07:28:00,76.3400,76.3500,76.3000,76.3000,10538
2009-03-13 07:27:00,76.3500,76.3500,76.3500,76.3500,2769
2009-03-13 07:26:00,76.4500,76.4500,76.3500,76.3500,1000
2009-03-13 07:25:00,76.4400,76.4500,76.4000,76.4000,3900
2009-03-13 07:24:00,76.4200,76.4500,76.4200,76.4400,7400
2009-03-13 07:23:00,76.4200,76.4500,76.4000,76.4200,11000
2009-03-13 07:22:00,76.4300,76.4300,76.4300,76.4300,500
2009-03-13 07:21:00,76.4300,76.4300,76.4300,76.4300,5000
2009-03-13 07:20:00,76.4000,76.4000,76.4000,76.4000,1700
2009-03-13 07:19:00,76.4100,76.4600,76.4000,76.4200,5800
2009-03-13 07:18:00,76.4000,76.4000,76.4000,76.4000,6396
2009-03-13 07:16:00,76.4600,76.4700,76.4500,76.4500,10800
2009-03-13 07:15:00,76.4800,76.4800,76.4600,76.4600,1000
2009-03-13 07:14:00,76.5200,76.5200,76.4700,76.4700,10500
2009-03-13 07:13:00,76.5900,76.5900,76.4700,76.5000,14000
2009-03-13 07:12:00,76.5500,76.5500,76.5200,76.5200,12000
2009-03-13 07:11:00,76.5500,76.5700,76.5500,76.5600,7200
2009-03-13 07:10:00,76.5400,76.5500,76.5200,76.5500,8700
2009-03-13 07:09:00,76.4200,76.5900,76.4200,76.5900,23638
2009-03-13 07:08:00,76.3700,76.4300,76.3700,76.4300,6302
2009-03-13 07:07:00,76.3600,76.4100,76.3400,76.3900,27273
2009-03-13 07:06:00,76.3300,76.3500,76.3200,76.3300,21100
2009-03-13 07:05:00,76.3000,76.3200,76.2800,76.3200,24000
2009-03-13 07:04:00,76.3500,76.3700,76.3000,76.3000,26200
2009-03-13 07:03:00,76.3500,76.3800,76.3500,76.3600,4300
2009-03-13 07:02:00,76.3600,76.3800,76.3600,76.3600,2700
2009-03-13 07:01:00,76.3900,76.4200,76.3900,76.4200,16758
2009-03-13 07:00:00,76.4200,76.4600,76.3900,76.4100,32900
2009-03-13 06:59:00,76.3200,76.3400,76.3200,76.3400,3059
2009-03-13 06:58:00,76.2700,76.3400,76.2700,76.3400,6200
2009-03-13 06:57:00,76.2500,76.2500,76.2500,76.2500,500
2009-03-13 06:56:00,76.2300,76.2400,76.2300,76.2400,734
2009-03-13 06:55:00,76.1900,76.1900,76.1900,76.1900,400
2009-03-13 06:52:00,76.1900,76.2000,76.1900,76.2000,700
2009-03-13 06:50:00,76.1200,76.1300,76.1200,76.1200,4000
2009-03-13 06:48:00,76.2000,76.2000,76.2000,76.2000,1500
2009-03-13 06:47:00,76.1400,76.1400,76.1400,76.1400,2700
2009-03-13 06:46:00,76.1000,76.1000,76.1000,76.1000,1300
2009-03-13 06:45:00,76.0700,76.0700,76.0700,76.0700,200
2009-03-13 06:39:00,76.1000,76.1000,76.1000,76.1000,200
2009-03-13 06:34:00,76.1100,76.1100,76.1100,76.1100,100
2009-03-13 06:32:00,76.0900,76.0900,76.0900,76.0900,2600
2009-03-13 06:31:00,76.0700,76.0700,76.0700,76.0700,100
2009-03-13 06:30:00,76.0700,76.0700,76.0700,76.0700,100
2009-03-13 06:28:00,76.1400,76.1400,76.1200,76.1200,5200
2009-03-13 06:21:00,76.0700,76.0700,76.0700,76.0700,500
2009-03-13 06:16:00,76.1500,76.1500,76.1500,76.1500,1350
2009-03-13 06:13:00,76.1600,76.1600,76.1600,76.1600,500
2009-03-13 06:09:00,76.1300,76.1300,76.1300,76.1300,5000
2009-03-13 06:08:00,76.1000,76.1000,76.1000,76.1000,5000
2009-03-13 06:05:00,76.0200,76.0200,76.0200,76.0200,2500
2009-03-13 06:03:00,76.0500,76.0500,76.0500,76.0500,2000
2009-03-13 05:54:00,76.0500,76.0500,76.0500,76.0500,230
2009-03-13 05:48:00,76.0700,76.0700,76.0700,76.0700,7500
2009-03-13 05:45:00,76.0000,76.0000,76.0000,76.0000,10000
2009-03-13 05:44:00,76.0500,76.0600,76.0300,76.0600,39200
2009-03-13 05:43:00,76.0800,76.0800,76.0600,76.0600,10800
2009-03-13 05:07:00,76.2300,76.2300,76.2300,76.2300,100
2009-03-13 05:04:00,76.2200,76.2200,76.2200,76.2200,300
2009-03-13 04:58:00,76.2100,76.2100,76.2100,76.2100,600
2009-03-13 04:54:00,76.1100,76.1100,76.1100,76.1100,100
2009-03-13 04:52:00,76.1400,76.1400,76.1400,76.1400,100
2009-03-13 04:42:00,76.2100,76.2100,76.2100,76.2100,243
2009-03-13 04:23:00,76.3100,76.3100,76.3100,76.3100,400
2009-03-13 04:21:00,76.2400,76.2400,76.2400,76.2400,600
2009-03-13 04:20:00,76.1500,76.1500,76.1500,76.1500,5000
2009-03-13 04:19:00,76.0900,76.0900,76.0900,76.0900,239
2009-03-13 04:18:00,76.0400,76.0400,76.0400,76.0400,525
2009-03-13 04:17:00,76.0700,76.0700,76.0400,76.0700,358
2009-03-13 04:15:00,76.0300,76.0400,75.9900,76.0400,28734
2009-03-12 19:59:00,75.4800,75.4800,75.4800,75.4800,1184
2009-03-12 19:58:00,75.4500,75.4500,75.4500,75.4500,500
2009-03-12 19:57:00,75.4800,75.4800,75.4700,75.4800,1400
2009-03-12 19:56:00,75.4500,75.4800,75.4500,75.4800,916
2009-03-12 19:54:00,75.4400,75.4500,75.4400,75.4500,1300
2009-03-12 19:53:00,75.4200,75.4500,75.4200,75.4500,2336
2009-03-12 19:52:00,75.4200,75.4200,75.4000,75.4200,3100
2009-03-12 19:51:00,75.4100,75.4100,75.4100,75.4100,14860
2009-03-12 19:50:00,75.4300,75.4300,75.4300,75.4300,500
2009-03-12 19:48:00,75.4300,75.4300,75.4300,75.4300,1000
2009-03-12 19:44:00,75.4200,75.4300,75.4200,75.4300,1300
2009-03-12 19:43:00,75.4000,75.4000,75.4000,75.4000,2500
2009-03-12 19:42:00,75.4100,75.4100,75.4000,75.4000,1400
2009-03-12 19:40:00,75.3800,75.4100,75.3800,75.4100,614
2009-03-12 19:39:00,75.4000,75.4000,75.3800,75.3800,1286
2009-03-12 19:38:00,75.4400,75.4500,75.4000,75.4000,12627
2009-03-12 19:37:00,75.4500,75.4500,75.4400,75.4400,1800
2009-03-12 19:35:00,75.4400,75.4400,75.4400,75.4400,200
2009-03-12 19:34:00,75.4300,75.4400,75.4300,75.4400,1000
2009-03-12 19:32:00,75.4300,75.4300,75.4300,75.4300,500
2009-03-12 19:31:00,75.4500,75.4500,75.4500,75.4500,1000
2009-03-12 19:30:00,75.4100,75.4100,75.4100,75.4100,300
2009-03-12 19:29:00,75.4500,75.4500,75.4500,75.4500,700
2009-03-12 19:28:00,75.4300,75.4500,75.4300,75.4500,600
2009-03-12 19:27:00,75.4000,75.4000,75.4000,75.4000,100
2009-03-12 19:25:00,75.4200,75.4200,75.3700,75.3700,1210
2009-03-12 19:24:00,75.4000,75.4000,75.4000,75.4000,200
2009-03-12 19:23:00,75.4200,75.4200,75.4000,75.4100,1200
2009-03-12 19:22:00,75.4200,75.4300,75.4200,75.4300,8400
2009-03-12 19:21:00,75.4500,75.4500,75.4500,75.4500,100
2009-03-12 19:19:00,75.4400,75.4400,75.4400,75.4400,200
2009-03-12 19:17:00,75.4400,75.4500,75.4400,75.4500,400
2009-03-12 19:16:00,75.4500,75.4500,75.4300,75.4500,4293
2009-03-12 19:15:00,75.4400,75.4400,75.4400,75.4400,133
2009-03-12 19:14:00,75.4500,75.4500,75.4500,75.4500,225
2009-03-12 19:11:00,75.4500,75.4500,75.4500,75.4500,1275
2009-03-12 19:10:00,75.4400,75.4400,75.4400,75.4400,1133
2009-03-12 19:09:00,75.4200,75.4200,75.4200,75.4200,200
2009-03-12 19:08:00,75.4200,75.4200,75.4200,75.4200,230
2009-03-12 19:07:00,75.4200,75.4200,75.4200,75.4200,370
2009-03-12 19:04:00,75.4200,75.4200,75.4200,75.4200,500
2009-03-12 19:03:00,75.4400,75.4400,75.4400,75.4400,400
2009-03-12 19:01:00,75.4200,75.4200,75.4200,75.4200,100
2009-03-12 19:00:00,75.4200,75.4200,75.4000,75.4200,500
2009-03-12 18:58:00,75.4000,75.4000,75.4000,75.4000,200
2009-03-12 18:55:00,75.4100,75.4100,75.4100,75.4100,1500
2009-03-12 18:53:00,75.3900,75.3900,75.3900,75.3900,750
2009-03-12 18:51:00,75.4200,75.4200,75.4200,75.4200,140
2009-03-12 18:49:00,75.4200,75.4200,75.4200,75.4200,100
2009-03-12 18:48:00,75.4100,75.4100,75.4100,75.4100,1000
2009-03-12 18:47:00,75.4400,75.4400,75.4400,75.4400,100
2009-03-12 18:46:00,75.4500,75.4500,75.4400,75.4400,9735
2009-03-12 18:45:00,75.4400,75.4400,75.4400,75.4400,970
2009-03-12 18:43:00,75.4400,75.4400,75.4400,75.4400,638
2009-03-12 18:42:00,75.4500,75.4500,75.4500,75.4500,1300
2009-03-12 18:41:00,75.4500,75.4500,75.4500,75.4500,939
2009-03-12 18:40:00,75.4200,75.4400,75.4200,75.4400,2690
2009-03-12 18:36:00,75.4000,75.4000,75.4000,75.4000,2300
2009-03-12 18:35:00,75.4200,75.4200,75.4200,75.4200,200
2009-03-12 18:33:00,75.4300,75.4300,75.4300,75.4300,250
2009-03-12 18:32:00,75.3900,75.4000,75.3900,75.3900,2550
2009-03-12 18:31:00,75.4000,75.4100,75.4000,75.4000,1186
2009-03-12 18:30:00,75.4200,75.4200,75.4000,75.4000,1800
2009-03-12 18:29:00,75.4400,75.4400,75.4100,75.4100,3200
2009-03-12 18:27:00,75.4500,75.4500,75.4500,75.4500,160
2009-03-12 18:26:00,75.4100,75.4500,75.4000,75.4500,1400
2009-03-12 18:25:00,75.4500,75.4500,75.4100,75.4100,3300
2009-03-12 18:24:00,75.4100,75.4500,75.4100,75.4100,2050
2009-03-12 18:23:00,75.4400,75.4400,75.4300,75.4300,435
2009-03-12 18:22:00,75.4400,75.4400,75.4400,75.4400,100
2009-03-12 18:19:00,75.4400,75.4400,75.4200,75.4200,1053
2009-03-12 18:16:00,75.4500,75.4500,75.4500,75.4500,1185
2009-03-12 18:15:00,75.4700,75.4700,75.4500,75.4500,633
2009-03-12 18:14:00,75.4700,75.4700,75.4700,75.4700,1184
2009-03-12 18:13:00,75.4700,75.4700,75.4700,75.4700,400
2009-03-12 18:12:00,75.4800,75.4800,75.4800,75.4800,600
2009-03-12 18:11:00,75.4700,75.5000,75.4700,75.4800,4944
2009-03-12 18:10:00,75.4700,75.4700,75.4700,75.4700,2400
2009-03-12 18:09:00,75.4400,75.4600,75.4400,75.4600,27232
2009-03-12 18:07:00,75.5000,75.5000,75.4300,75.4300,14305
2009-03-12 18:06:00,75.4800,75.4800,75.4800,75.4800,7950
2009-03-12 18:05:00,75.4900,75.5000,75.4800,75.4800,11500
2009-03-12 18:04:00,75.4600,75.4900,75.4600,75.4900,200
2009-03-12 18:02:00,75.4600,75.4600,75.4600,75.4600,4005
2009-03-12 18:01:00,75.4600,75.4600,75.4600,75.4600,312
2009-03-12 18:00:00,75.4900,75.4900,75.4500,75.4600,3279
2009-03-12 17:59:00,75.4700,75.4700,75.4700,75.4700,2995
2009-03-12 17:58:00,75.5000,75.5300,75.4800,75.5300,8600
2009-03-12 17:57:00,75.5000,75.5000,75.5000,75.5000,1200
2009-03-12 17:56:00,75.5000,75.5000,75.5000,75.5000,300
2009-03-12 17:55:00,75.5200,75.5200,75.5000,75.5000,775
2009-03-12 17:54:00,75.5200,75.5200,75.5100,75.5100,700
2009-03-12 17:53:00,75.5300,75.5300,75.5000,75.5000,1375
2009-03-12 17:52:00,75.5200,75.5200,75.5200,75.5200,500
2009-03-12 17:51:00,75.5300,75.5300,75.5200,75.5200,700
2009-03-12 17:49:00,75.5300,75.5300,75.5300,75.5300,1900
2009-03-12 17:48:00,75.5300,75.5300,75.5300,75.5300,1970
2009-03-12 17:47:00,75.5300,75.5700,75.5000,75.5300,9360
2009-03-12 17:46:00,75.5300,75.5300,75.5300,75.5300,7200
2009-03-12 17:45:00,75.5300,75.5300,75.5100,75.5100,2295
2009-03-12 17:44:00,75.5300,75.5300,75.5300,75.5300,2000
2009-03-12 17:42:00,75.5300,75.5300,75.5300,75.5300,1700
2009-03-12 17:41:00,75.5100,75.5500,75.5100,75.5300,23378
2009-03-12 17:40:00,75.5100,75.5100,75.5100,75.5100,500
2009-03-12 17:38:00,75.5100,75.5100,75.4800,75.4800,1060
2009-03-12 17:35:00,75.5100,75.5100,75.5100,75.5100,300
2009-03-12 17:34:00,75.4900,75.4900,75.4900,75.4900,23900
2009-03-12 17:33:00,75.4600,75.4600,75.4600,75.4600,6812
2009-03-12 17:32:00,75.4600,75.4600,75.4100,75.4100,2700
2009-03-12 17:31:00,75.4800,75.4800,75.4800,75.4800,1158
2009-03-12 17:30:00,75.4900,75.4900,75.4900,75.4900,1000
2009-03-12 17:28:00,75.4900,75.4900,75.4900,75.4900,100
2009-03-12 17:27:00,75.4900,75.5000,75.4900,75.4900,9271063
2009-03-12 17:26:00,75.5100,75.5100,75.5100,75.5100,400
2009-03-12 17:25:00,75.5200,75.5200,75.5200,75.5200,1156
2009-03-12 17:24:00,75.5100,75.5100,75.4900,75.4900,2982
2009-03-12 17:23:00,75.5500,75.5500,75.5200,75.5200,1041
2009-03-12 17:22:00,75.5500,75.5500,75.5100,75.5100,629
2009-03-12 17:20:00,73.7500,73.8600,73.6700,73.6700,6900
2009-03-12 17:19:00,73.7000,73.7800,73.7000,73.7800,6200
2009-03-12 17:18:00,73.8400,75.5400,73.7600,73.7700,8200
2009-03-12 17:17:00,73.9000,75.5200,73.7775,73.8300,26400
2009-03-12 17:16:00,73.7275,75.5000,73.7100,73.8900,27094
2009-03-12 17:15:00,73.7400,75.5400,73.6300,73.7100,20800
2009-03-12 17:14:00,75.5000,75.5200,75.5000,75.5200,600
2009-03-12 17:13:00,75.5100,75.5100,75.5000,75.5000,1100
2009-03-12 17:11:00,75.5000,75.5100,75.5000,75.5000,1800
2009-03-12 17:10:00,75.4800,75.4800,75.4800,75.4800,100
2009-03-12 17:09:00,75.4700,75.4800,75.4600,75.4700,1569
2009-03-12 17:08:00,75.4700,75.4900,75.4600,75.4600,850
2009-03-12 17:07:00,75.4800,75.4900,75.4800,75.4900,500
2009-03-12 17:06:00,75.4800,75.4800,75.4800,75.4800,500
2009-03-12 17:05:00,75.4800,75.4800,75.4800,75.4800,369
2009-03-12 17:04:00,75.5100,75.5100,75.4900,75.4900,21658
2009-03-12 17:03:00,75.4900,75.4900,75.4900,75.4900,1169
2009-03-12 17:02:00,75.5000,75.5000,75.5000,75.5000,1703
2009-03-12 17:01:00,75.5200,75.5300,75.5200,75.5300,1200
2009-03-12 17:00:00,75.5100,75.5100,75.5100,75.5100,1878731
2009-03-12 16:59:00,75.5100,75.5100,75.5100,75.5100,5509200
2009-03-12 16:58:00,75.5100,75.5200,75.5100,75.5200,1000
2009-03-12 16:57:00,75.5000,75.5500,75.5000,75.5200,1962853
2009-03-12 16:56:00,75.5000,75.5000,75.5000,75.5000,1002393
2009-03-12 16:55:00,75.5000,75.5100,75.4600,75.5100,20171
2009-03-12 16:54:00,75.5200,75.5200,75.5000,75.5000,3673
2009-03-12 16:53:00,75.5100,75.5300,75.5000,75.5200,6955
2009-03-12 16:52:00,75.5000,75.5000,75.5000,75.5000,14062
2009-03-12 16:51:00,75.5100,75.5100,75.5100,75.5100,4711
2009-03-12 16:50:00,75.5200,75.5200,75.5100,75.5100,7507
2009-03-12 16:49:00,75.5400,75.5400,75.5100,75.5100,6195
2009-03-12 16:48:00,75.5500,75.5500,75.5500,75.5500,190
2009-03-12 16:47:00,75.5500,75.5500,75.5500,75.5500,100
2009-03-12 16:46:00,75.5400,75.5600,75.5400,75.5500,1630
2009-03-12 16:45:00,75.5500,75.5500,75.5500,75.5500,2100
2009-03-12 16:44:00,75.5300,75.5300,75.5300,75.5300,10512
2009-03-12 16:43:00,75.5400,75.5400,75.5300,75.5300,2876
2009-03-12 16:42:00,75.5400,75.5500,75.5200,75.5500,17212
2009-03-12 16:41:00,75.5200,75.5500,75.5200,75.5400,1003023
2009-03-12 16:40:00,75.5700,75.5700,75.5200,75.5300,83617
2009-03-12 16:39:00,75.5600,75.5700,75.5600,75.5700,950
2009-03-12 16:38:00,75.5500,75.5500,75.5400,75.5400,11400
2009-03-12 16:37:00,75.5600,75.5700,75.5500,75.5500,9869
2009-03-12 16:36:00,75.5700,75.5800,75.5600,75.5600,13000
2009-03-12 16:35:00,75.5600,75.5600,75.5600,75.5600,100
2009-03-12 16:34:00,75.5900,75.5900,75.5600,75.5600,5338
2009-03-12 16:33:00,75.6000,75.6100,75.5900,75.5900,1700
2009-03-12 16:32:00,75.6600,75.6600,75.6600,75.6600,2500
2009-03-12 16:31:00,75.6500,75.6500,75.6500,75.6500,55014
2009-03-12 16:30:00,75.5900,75.5900,75.5500,75.5600,18864
2009-03-12 16:29:00,75.6000,75.6000,75.5900,75.5900,4438
2009-03-12 16:28:00,75.5900,75.6000,75.5900,75.6000,32413
2009-03-12 16:27:00,75.6300,75.6300,75.6000,75.6000,9945
2009-03-12 16:26:00,75.6400,75.6400,75.6300,75.6300,5100
2009-03-12 16:25:00,75.6700,75.6900,75.6300,75.6300,7895
2009-03-12 16:24:00,75.6800,75.7000,75.6800,75.7000,5790
2009-03-12 16:23:00,75.6800,75.7000,75.6800,75.6800,2238677
2009-03-12 16:22:00,75.6500,75.7000,75.6300,75.6800,50481
2009-03-12 16:21:00,75.6400,75.6500,75.6200,75.6500,72441
2009-03-12 16:20:00,75.6300,75.6500,75.6300,75.6500,36500
2009-03-12 16:19:00,75.6200,75.6400,75.6100,75.6200,31100
2009-03-12 16:18:00,75.6300,75.6400,75.6000,75.6400,34180
2009-03-12 16:17:00,75.6500,75.6500,75.6500,75.6500,1015101
2009-03-12 16:16:00,75.6200,75.6700,75.6200,75.6500,33097
2009-03-12 16:15:00,75.6500,75.6700,75.6000,75.6700,249209
2009-03-12 16:14:00,75.6500,75.6800,75.6200,75.6400,389106
2009-03-12 16:13:00,75.5500,75.6900,75.5500,75.5500,392899
2009-03-12 16:12:00,75.7100,75.7200,75.6900,75.6900,409148
2009-03-12 16:11:00,75.7200,75.7200,75.6700,75.7100,145421
2009-03-12 16:10:00,75.7800,75.7800,75.7100,75.7200,100209
2009-03-12 16:09:00,75.7900,75.8000,75.7500,75.7700,187220
2009-03-12 16:08:00,75.7200,75.7900,73.5365,75.7800,2579017
2009-03-12 16:07:00,75.7400,75.7500,73.5727,75.7200,912255
2009-03-12 16:06:00,75.7300,75.7500,75.2700,75.7400,381365
2009-03-12 16:05:00,75.6600,75.7400,75.6400,75.7200,638149
2009-03-12 16:04:00,75.6100,75.6700,75.6000,75.6600,439962
2009-03-12 16:03:00,75.6100,75.6200,75.4416,75.6100,289211
2009-03-12 16:02:00,75.5700,75.6200,75.5300,75.6100,1044151
2009-03-12 16:01:00,75.5300,75.5800,74.1400,75.5800,720349
2009-03-12 16:00:00,75.4990,75.5500,75.4800,75.5200,3695879
2009-03-12 15:59:00,75.4000,75.5300,75.0000,75.5100,5950823
2009-03-12 15:58:00,75.3300,75.4200,75.3000,75.4000,3047186
2009-03-12 15:57:00,75.3900,75.4300,75.3200,75.3300,2885907
2009-03-12 15:56:00,75.4900,75.5100,75.3800,75.3900,2496882
2009-03-12 15:55:00,75.5000,75.5400,75.4600,75.4800,1442942
2009-03-12 15:54:00,75.4700,75.5400,75.4600,75.5100,1669349
2009-03-12 15:53:00,75.5400,75.5525,75.4300,75.4705,2323197
2009-03-12 15:52:00,75.5600,75.5800,75.5000,75.5400,1802199
2009-03-12 15:51:00,75.6200,75.6600,75.5200,75.5600,1756981
2009-03-12 15:50:00,75.6700,75.7200,75.6200,75.6300,1709695
2009-03-12 15:49:00,75.7200,75.7300,75.6500,75.6600,1548301
2009-03-12 15:48:00,75.7000,75.7500,75.6900,75.7200,1132669
2009-03-12 15:47:00,75.7100,75.7200,75.6300,75.7000,1272000
2009-03-12 15:46:00,75.6400,75.7200,75.6300,75.7100,2039282
2009-03-12 15:45:00,75.5400,75.6500,75.5100,75.6500,1413541
2009-03-12 15:44:00,75.5600,75.5900,75.4800,75.5300,1478509
2009-03-12 15:43:00,75.5300,75.5600,75.4700,75.5590,1499657
2009-03-12 15:42:00,75.4900,75.5500,75.4600,75.5300,1181496
2009-03-12 15:41:00,75.4400,75.5000,75.4100,75.4800,1474200
2009-03-12 15:40:00,75.4200,75.4900,75.4000,75.4500,1717159
2009-03-12 15:39:00,75.4100,75.4600,75.3900,75.4200,1539856
2009-03-12 15:38:00,75.3500,75.4300,75.3500,75.4099,1045524
2009-03-12 15:37:00,75.3600,75.3700,75.2900,75.3500,877818
2009-03-12 15:36:00,75.1900,75.3700,75.1700,75.3600,1435542
2009-03-12 15:35:00,75.2400,75.2500,75.1500,75.1900,715627
2009-03-12 15:34:00,75.2900,75.3200,75.2000,75.2400,1428287
2009-03-12 15:33:00,75.2100,75.2900,75.1800,75.2900,733616
2009-03-12 15:32:00,75.2400,75.2600,75.1900,75.2110,778021
2009-03-12 15:31:00,75.1200,75.3000,75.0800,75.2406,1432502
2009-03-12 15:30:00,75.1600,75.2100,75.1200,75.1250,491957
2009-03-12 15:29:00,75.1600,75.2100,75.0900,75.1600,1015166
2009-03-12 15:28:00,75.0700,75.1700,75.0300,75.1600,762310
2009-03-12 15:27:00,75.0600,75.1100,75.0300,75.0700,605645
2009-03-12 15:26:00,75.0400,75.1200,75.0300,75.0500,920453
2009-03-12 15:25:00,75.0650,75.0700,74.9700,75.0406,810390
2009-03-12 15:24:00,75.0700,75.1000,75.0300,75.0700,732531
2009-03-12 15:23:00,75.0600,75.1400,75.0400,75.0700,814554
2009-03-12 15:22:00,75.2000,75.2100,75.0300,75.0600,1018416
2009-03-12 15:21:00,75.2100,75.2700,75.2000,75.2000,364670
2009-03-12 15:20:00,75.2500,75.2600,75.1500,75.2200,781650
2009-03-12 15:19:00,75.1600,75.2500,75.1450,75.2500,554061
2009-03-12 15:18:00,75.2700,75.2700,75.1300,75.1600,1214357
2009-03-12 15:17:00,75.1700,75.2900,75.1300,75.2700,1112722
2009-03-12 15:16:00,75.1300,75.2000,75.0900,75.1700,981263
2009-03-12 15:15:00,75.2900,75.3100,75.1300,75.1300,1349063
2009-03-12 15:14:00,75.1900,75.2900,75.1800,75.2800,1339154
2009-03-12 15:13:00,75.1600,75.2200,75.1400,75.1900,607817
2009-03-12 15:12:00,74.9862,75.2100,74.9800,75.1600,1105190
2009-03-12 15:11:00,75.0300,75.0500,74.9700,74.9800,311600
2009-03-12 15:10:00,75.0400,75.0800,75.0200,75.0300,846726
2009-03-12 15:09:00,74.9600,75.0500,74.9400,75.0400,665542
2009-03-12 15:08:00,74.9600,74.9600,74.9300,74.9600,621995
2009-03-12 15:07:00,74.9400,74.9900,74.9400,74.9600,994963
2009-03-12 15:06:00,74.9000,74.9900,74.8900,74.9450,796803
2009-03-12 15:05:00,74.8900,74.9500,74.8900,74.8999,876740
2009-03-12 15:04:00,74.9850,75.0000,74.8900,74.9000,1176100
2009-03-12 15:03:00,74.9600,75.0000,74.9300,74.9899,751881
2009-03-12 15:02:00,75.0400,75.0400,74.9400,74.9500,1024343
2009-03-12 15:01:00,75.0500,75.0774,75.0400,75.0400,325424
2009-03-12 15:00:00,75.0301,75.0800,75.0100,75.0500,1070747
2009-03-12 14:59:00,75.1200,75.1210,75.0300,75.0400,647978
2009-03-12 14:58:00,75.0700,75.1400,75.0700,75.1200,767814
2009-03-12 14:57:00,75.1005,75.1100,75.0700,75.0700,571590
2009-03-12 14:56:00,75.1400,75.1400,75.0900,75.1000,761217
2009-03-12 14:55:00,75.1200,75.2100,75.1100,75.1400,831641
2009-03-12 14:54:00,75.2000,75.2200,75.1200,75.1300,801412
2009-03-12 14:53:00,75.2400,75.2700,75.2000,75.2000,511812
2009-03-12 14:52:00,75.2200,75.2900,75.1800,75.2300,1031887
2009-03-12 14:51:00,75.2300,75.2900,75.2000,75.2200,1482091
2009-03-12 14:50:00,75.2200,75.2400,75.1900,75.2400,772815
2009-03-12 14:49:00,75.1800,75.2200,75.1700,75.2100,500097
2009-03-12 14:48:00,75.1900,75.1900,75.1100,75.1900,1003985
2009-03-12 14:47:00,75.1000,75.1900,75.0600,75.1894,982903
2009-03-12 14:46:00,75.0900,75.1200,75.0200,75.0810,824974
2009-03-12 14:45:00,74.9900,75.1500,74.9800,75.0900,2623356
2009-03-12 14:44:00,75.0000,75.0400,74.9800,74.9900,673019
2009-03-12 14:43:00,75.0200,75.0600,74.9600,75.0000,1313071
2009-03-12 14:42:00,75.0400,75.0500,74.9600,75.0100,991911
2009-03-12 14:41:00,74.9500,75.0600,74.9300,75.0400,951685
2009-03-12 14:40:00,74.8900,74.9800,74.8750,74.9500,1346463
2009-03-12 14:39:00,74.8900,74.9000,74.8100,74.8885,611145
2009-03-12 14:38:00,74.9100,74.9800,74.8700,74.8800,886504
2009-03-12 14:37:00,74.8199,75.0000,74.8100,74.9100,880113
2009-03-12 14:36:00,74.8500,74.9200,74.8100,74.8100,1032682
2009-03-12 14:35:00,74.8000,74.8800,74.7800,74.8500,680658
2009-03-12 14:34:00,74.8300,74.8400,74.7800,74.8000,333058
2009-03-12 14:33:00,74.7700,74.8400,74.7500,74.8300,404920
2009-03-12 14:32:00,74.7700,74.8300,74.7600,74.7600,439729
2009-03-12 14:31:00,74.7800,74.8600,74.7600,74.7700,817997
2009-03-12 14:30:00,74.8200,74.8400,74.7300,74.7800,756602
2009-03-12 14:29:00,74.8000,74.8700,74.7400,74.8300,956400
2009-03-12 14:28:00,74.8350,74.8700,74.7900,74.7900,748607
2009-03-12 14:27:00,74.8400,74.8500,74.8100,74.8400,483956
2009-03-12 14:26:00,74.8200,74.8600,74.8000,74.8500,694003
2009-03-12 14:25:00,74.7500,74.8400,74.7410,74.8200,663315
2009-03-12 14:24:00,74.8400,74.8500,74.7200,74.7500,1204665
2009-03-12 14:23:00,74.8700,74.9100,74.8300,74.8400,1080362
2009-03-12 14:22:00,74.8700,74.8900,74.8100,74.8700,696266
2009-03-12 14:21:00,74.9200,74.9300,74.8500,74.8800,1098599
2009-03-12 14:20:00,74.8700,74.9800,74.8600,74.9300,1072863
2009-03-12 14:19:00,74.8600,74.8900,74.8500,74.8700,465153
2009-03-12 14:18:00,74.8300,74.8900,74.8300,74.8700,554805
2009-03-12 14:17:00,74.8200,74.8800,74.8000,74.8301,860781
2009-03-12 14:16:00,74.8000,74.9300,74.7700,74.8200,2895300
2009-03-12 14:15:00,74.6900,74.8100,74.6600,74.8000,681568
2009-03-12 14:14:00,74.7600,74.7700,74.6600,74.6800,1386372
2009-03-12 14:13:00,74.6300,74.8000,74.6200,74.7600,1540633
2009-03-12 14:12:00,74.5100,74.6800,74.5000,74.6300,1646838
2009-03-12 14:11:00,74.4400,74.5500,74.4100,74.5100,1148462
2009-03-12 14:10:00,74.3590,74.4500,74.3500,74.4300,614657
2009-03-12 14:09:00,74.3000,74.3800,74.2900,74.3600,923820
2009-03-12 14:08:00,74.2900,74.3300,74.2600,74.3100,942396
2009-03-12 14:07:00,74.4300,74.4600,74.2600,74.2800,1388798
2009-03-12 14:06:00,74.5099,74.5800,74.4200,74.4300,937400
2009-03-12 14:05:00,74.5000,74.5200,74.4800,74.5100,512845
2009-03-12 14:04:00,74.4500,74.5000,74.4300,74.4910,207526
2009-03-12 14:03:00,74.4400,74.4600,74.4200,74.4400,275694
2009-03-12 14:02:00,74.4200,74.4500,74.4100,74.4400,650801
2009-03-12 14:01:00,74.4800,74.4800,74.3900,74.4200,534128
2009-03-12 14:00:00,74.4400,74.5200,74.4200,74.4800,802917
2009-03-12 13:59:00,74.4300,74.4600,74.3800,74.4525,709446
2009-03-12 13:58:00,74.4700,74.5000,74.4300,74.4300,524578
2009-03-12 13:57:00,74.5000,74.5000,74.4400,74.4700,445782
2009-03-12 13:56:00,74.5000,74.5400,74.4900,74.4900,201730
2009-03-12 13:55:00,74.5601,74.5700,74.4700,74.5000,568579
2009-03-12 13:54:00,74.5400,74.5700,74.5100,74.5600,520452
2009-03-12 13:53:00,74.5500,74.5800,74.4700,74.5400,1369729
2009-03-12 13:52:00,74.3600,74.5500,74.3600,74.5500,1719362
2009-03-12 13:51:00,74.4300,74.4600,74.3300,74.3600,690668
2009-03-12 13:50:00,74.4300,74.4600,74.4200,74.4300,366972
2009-03-12 13:49:00,74.4200,74.4400,74.4100,74.4300,351251
2009-03-12 13:48:00,74.4400,74.4600,74.4100,74.4200,332232
2009-03-12 13:47:00,74.4700,74.4800,74.3800,74.4300,457289
2009-03-12 13:46:00,74.4100,74.4800,74.3900,74.4699,457385
2009-03-12 13:45:00,74.4000,74.4400,74.3800,74.4100,269342
2009-03-12 13:44:00,74.4200,74.4300,74.3500,74.4096,402593
2009-03-12 13:43:00,74.4399,74.4800,74.4000,74.4200,468154
2009-03-12 13:42:00,74.4000,74.4800,74.3900,74.4300,519078
2009-03-12 13:41:00,74.4600,74.4600,74.3900,74.4100,858849
2009-03-12 13:40:00,74.3300,74.4600,74.3100,74.4600,625476
2009-03-12 13:39:00,74.3200,74.3500,74.2200,74.3400,1319334
2009-03-12 13:38:00,74.2900,74.3300,74.2800,74.3200,263009
2009-03-12 13:37:00,74.2700,74.3200,74.2400,74.2900,508717
2009-03-12 13:36:00,74.2200,74.2900,74.2100,74.2700,268440
2009-03-12 13:35:00,74.1878,74.2400,74.1800,74.2200,325585
2009-03-12 13:34:00,74.1600,74.2400,74.1600,74.1900,386004
2009-03-12 13:33:00,74.1300,74.1900,74.1200,74.1600,279431
2009-03-12 13:32:00,74.1700,74.2200,74.1100,74.1300,957764
2009-03-12 13:31:00,74.1800,74.2200,74.1600,74.1700,286702
2009-03-12 13:30:00,74.1700,74.2200,74.1700,74.1800,275262
2009-03-12 13:29:00,74.1200,74.1800,74.1000,74.1700,662885
2009-03-12 13:28:00,74.1300,74.1400,74.1000,74.1200,550840
2009-03-12 13:27:00,74.1500,74.1700,74.1200,74.1380,1196866
2009-03-12 13:26:00,74.2600,74.2600,74.1300,74.1600,1420683
2009-03-12 13:25:00,74.3700,74.3950,74.2300,74.2550,825886
2009-03-12 13:24:00,74.4300,74.4600,74.3500,74.3700,596937
2009-03-12 13:23:00,74.3900,74.4494,74.3500,74.4200,394259
2009-03-12 13:22:00,74.4100,74.4800,74.3700,74.3801,636162
2009-03-12 13:21:00,74.3500,74.4300,74.3499,74.4100,293480
2009-03-12 13:20:00,74.2800,74.3500,74.2600,74.3400,209362
2009-03-12 13:19:00,74.3399,74.3400,74.2200,74.2900,1006634
2009-03-12 13:18:00,74.3500,74.3700,74.3000,74.3399,281754
2009-03-12 13:17:00,74.2700,74.3400,74.2600,74.3400,446850
2009-03-12 13:16:00,74.3400,74.3500,74.2300,74.2700,710280
2009-03-12 13:15:00,74.3300,74.3700,74.2600,74.3400,821726
2009-03-12 13:14:00,74.3400,74.3600,74.2600,74.3300,881633
2009-03-12 13:13:00,74.4100,74.4100,74.3300,74.3400,594910
2009-03-12 13:12:00,74.4400,74.4500,74.3900,74.4100,479691
2009-03-12 13:11:00,74.4100,74.4600,74.3400,74.4400,888848
2009-03-12 13:10:00,74.3700,74.4300,74.3700,74.4200,357398
2009-03-12 13:09:00,74.3800,74.4200,74.3600,74.3700,401610
2009-03-12 13:08:00,74.2800,74.4000,74.2800,74.3800,567834
2009-03-12 13:07:00,74.2800,74.3100,74.2300,74.2800,437811
2009-03-12 13:06:00,74.2200,74.3200,74.1600,74.2750,841445
2009-03-12 13:05:00,74.3000,74.3000,74.2100,74.2200,500825
2009-03-12 13:04:00,74.1600,74.3100,74.1600,74.3000,418972
2009-03-12 13:03:00,74.2500,74.2600,74.1600,74.1600,1138345
2009-03-12 13:02:00,74.2401,74.3200,74.2300,74.2500,564033
2009-03-12 13:01:00,74.3900,74.4300,74.2400,74.2500,1300099
2009-03-12 13:00:00,74.3700,74.4300,74.3600,74.3900,686291
2009-03-12 12:59:00,74.3100,74.3900,74.3000,74.3700,638535
2009-03-12 12:58:00,74.3100,74.3500,74.2600,74.3200,754702
2009-03-12 12:57:00,74.3000,74.3500,74.3000,74.3190,318458
2009-03-12 12:56:00,74.3600,74.4100,74.3000,74.3100,1347776
2009-03-12 12:55:00,74.2700,74.3900,74.2200,74.3600,1661191
2009-03-12 12:54:00,74.2600,74.2800,74.1800,74.2800,901421
2009-03-12 12:53:00,74.2300,74.2700,74.2000,74.2699,802372
2009-03-12 12:52:00,74.0700,74.2500,74.0700,74.2300,1367666
2009-03-12 12:51:00,74.0400,74.0800,73.9500,74.0682,540193
2009-03-12 12:50:00,74.0800,74.0900,74.0100,74.0400,359380
2009-03-12 12:49:00,73.9500,74.0900,73.9500,74.0800,652955
2009-03-12 12:48:00,74.0100,74.0100,73.9300,73.9400,809070
2009-03-12 12:47:00,74.0200,74.0400,73.9700,74.0200,275245
2009-03-12 12:46:00,74.0300,74.0500,73.9900,74.0200,345449
2009-03-12 12:45:00,74.0500,74.0700,74.0300,74.0300,99040
2009-03-12 12:44:00,74.0800,74.0800,74.0400,74.0600,159953
2009-03-12 12:43:00,74.0200,74.0800,74.0000,74.0700,450635
2009-03-12 12:42:00,74.0700,74.0700,74.0000,74.0200,196860
2009-03-12 12:41:00,74.0494,74.0700,74.0200,74.0700,249493
2009-03-12 12:40:00,74.0200,74.0500,73.9900,74.0401,234216
2009-03-12 12:39:00,73.9710,74.0200,73.9700,74.0200,241985
2009-03-12 12:38:00,74.0000,74.0200,73.9600,73.9800,367486
2009-03-12 12:37:00,74.0400,74.0800,73.9900,74.0000,346695
2009-03-12 12:36:00,74.0900,74.1000,74.0100,74.0300,2169692
2009-03-12 12:35:00,73.9700,74.1300,73.9700,74.0900,1536049
2009-03-12 12:34:00,74.0100,74.0400,73.9600,73.9700,521808
2009-03-12 12:33:00,73.8701,74.0500,73.8700,74.0100,1447530
2009-03-12 12:32:00,73.8100,73.8800,73.8000,73.8800,196708
2009-03-12 12:31:00,73.8500,73.8700,73.7700,73.8200,346896
2009-03-12 12:30:00,73.8400,73.8700,73.8400,73.8600,171614
2009-03-12 12:29:00,73.7700,73.8700,73.7400,73.8500,540278
2009-03-12 12:28:00,73.8000,73.8400,73.7600,73.7700,274098
2009-03-12 12:27:00,73.7906,73.8800,73.7800,73.8000,685972
2009-03-12 12:26:00,73.7700,73.8000,73.7000,73.7900,1759604
2009-03-12 12:25:00,73.9000,73.9100,73.7000,73.7700,2136579
2009-03-12 12:24:00,73.9500,73.9800,73.8800,73.9100,999627
2009-03-12 12:23:00,74.0200,74.0300,73.9300,73.9400,561036
2009-03-12 12:22:00,74.0200,74.0800,73.9900,74.0300,404150
2009-03-12 12:21:00,74.0000,74.0900,73.9800,74.0200,639023
2009-03-12 12:20:00,73.9300,74.0400,73.9300,74.0100,451975
2009-03-12 12:19:00,73.9700,74.0000,73.9000,73.9400,650285
2009-03-12 12:18:00,73.9900,74.0200,73.9400,73.9700,642608
2009-03-12 12:17:00,74.0100,74.0300,73.9700,74.0000,735006
2009-03-12 12:16:00,74.0900,74.1200,74.0000,74.0006,1039270
2009-03-12 12:15:00,73.9600,74.1100,73.9500,74.0900,1368240
2009-03-12 12:14:00,73.9100,73.9600,73.8700,73.9500,284940
2009-03-12 12:13:00,73.9500,73.9994,73.8900,73.9100,571918
2009-03-12 12:12:00,73.8700,73.9600,73.8400,73.9500,491298
2009-03-12 12:11:00,73.9100,73.9400,73.8300,73.8700,449114
2009-03-12 12:10:00,73.9800,74.0000,73.8900,73.9100,349770
2009-03-12 12:09:00,73.9400,74.0300,73.9400,73.9700,1536212
2009-03-12 12:08:00,73.7600,73.9500,73.7400,73.9400,761669
2009-03-12 12:07:00,73.7400,73.7800,73.6800,73.7500,384352
2009-03-12 12:06:00,73.7999,73.7999,73.7300,73.7400,437332
2009-03-12 12:05:00,73.7800,73.8200,73.7100,73.7901,713010
2009-03-12 12:04:00,73.7900,73.8200,73.7600,73.7800,327541
2009-03-12 12:03:00,73.7900,73.8200,73.7500,73.7900,635415
2009-03-12 12:02:00,73.7600,73.8200,73.7500,73.8000,308450
2009-03-12 12:01:00,73.7700,73.7800,73.7200,73.7600,462294
2009-03-12 12:00:00,73.7000,73.7800,73.7000,73.7700,374057
2009-03-12 11:59:00,73.6400,73.7300,73.6400,73.6901,386804
2009-03-12 11:58:00,73.6400,73.6800,73.6100,73.6590,762447
2009-03-12 11:57:00,73.6800,73.7400,73.6200,73.6600,608030
2009-03-12 11:56:00,73.7200,73.7300,73.6700,73.6800,311011
2009-03-12 11:55:00,73.6900,73.7690,73.6900,73.7100,350540
2009-03-12 11:54:00,73.7820,73.7900,73.6900,73.7000,349157
2009-03-12 11:53:00,73.8700,73.8700,73.7800,73.7801,441518
2009-03-12 11:52:00,73.8300,73.9200,73.8200,73.8700,648848
2009-03-12 11:51:00,73.7900,73.8500,73.7600,73.8200,254032
2009-03-12 11:50:00,73.7300,73.8000,73.7300,73.7900,406542
2009-03-12 11:49:00,73.7600,73.8300,73.7300,73.7300,285315
2009-03-12 11:48:00,73.7800,73.7900,73.7300,73.7600,593107
2009-03-12 11:47:00,73.8200,73.8300,73.7700,73.7800,410370
2009-03-12 11:46:00,73.8900,73.9200,73.8200,73.8200,627130
2009-03-12 11:45:00,73.8300,73.9200,73.8200,73.8800,861025
2009-03-12 11:44:00,73.7300,73.8800,73.7201,73.8394,1680668
2009-03-12 11:43:00,73.5500,73.7300,73.5200,73.7201,714955
2009-03-12 11:42:00,73.6600,73.6800,73.5500,73.5600,449269
2009-03-12 11:41:00,73.6500,73.6700,73.6100,73.6500,630096
2009-03-12 11:40:00,73.5000,73.6700,73.4900,73.6500,1071880
2009-03-12 11:39:00,73.4600,73.5200,73.4500,73.5000,440221
2009-03-12 11:38:00,73.4000,73.4900,73.3700,73.4600,637089
2009-03-12 11:37:00,73.4100,73.4190,73.3800,73.4000,309940
2009-03-12 11:36:00,73.3700,73.4300,73.3500,73.4100,337971
2009-03-12 11:35:00,73.3800,73.4000,73.3500,73.3900,737856
2009-03-12 11:34:00,73.3900,73.4500,73.3300,73.3800,746133
2009-03-12 11:33:00,73.4100,73.4400,73.3800,73.3900,341759
2009-03-12 11:32:00,73.4800,73.4800,73.3800,73.4200,533289
2009-03-12 11:31:00,73.3900,73.5000,73.3500,73.4800,548755
2009-03-12 11:30:00,73.4200,73.4700,73.3800,73.3900,314069
2009-03-12 11:29:00,73.4400,73.4500,73.3800,73.4300,344445
2009-03-12 11:28:00,73.3700,73.4900,73.3700,73.4400,592000
2009-03-12 11:27:00,73.4500,73.4500,73.3700,73.3700,354645
2009-03-12 11:26:00,73.4900,73.5300,73.4100,73.4599,560798
2009-03-12 11:25:00,73.4400,73.5500,73.3700,73.4800,1614825
2009-03-12 11:24:00,73.5100,73.5500,73.4300,73.4400,488154
2009-03-12 11:23:00,73.4600,73.5500,73.4600,73.5100,456507
2009-03-12 11:22:00,73.5100,73.5200,73.4000,73.4600,1557819
2009-03-12 11:21:00,73.6600,73.6600,73.5000,73.5100,811763
2009-03-12 11:20:00,73.7000,73.7200,73.6200,73.6600,557367
2009-03-12 11:19:00,73.7300,73.7600,73.6900,73.7100,449783
2009-03-12 11:18:00,73.7800,73.7900,73.7200,73.7200,353216
2009-03-12 11:17:00,73.7300,73.7800,73.7100,73.7700,636906
2009-03-12 11:16:00,73.7400,73.7700,73.7100,73.7200,425713
2009-03-12 11:15:00,73.7100,73.7700,73.6300,73.7500,995391
2009-03-12 11:14:00,73.7025,73.7500,73.6900,73.7100,682764
2009-03-12 11:13:00,73.5706,73.7200,73.5400,73.7000,1355889
2009-03-12 11:12:00,73.5600,73.6300,73.5600,73.5799,335640
2009-03-12 11:11:00,73.5500,73.5800,73.5300,73.5700,442232
2009-03-12 11:10:00,73.6301,73.6400,73.5500,73.5500,375080
2009-03-12 11:09:00,73.5200,73.6400,73.5000,73.6391,865453
2009-03-12 11:08:00,73.5600,73.5900,73.5100,73.5200,464239
2009-03-12 11:07:00,73.5500,73.5700,73.5100,73.5500,967430
2009-03-12 11:06:00,73.6400,73.6400,73.5400,73.5400,829425
2009-03-12 11:05:00,73.6800,73.7100,73.6200,73.6400,777905
2009-03-12 11:04:00,73.6500,73.7325,73.6400,73.6700,389000
2009-03-12 11:03:00,73.7100,73.7300,73.6300,73.6600,599036
2009-03-12 11:02:00,73.6900,73.7400,73.6700,73.7100,679294
2009-03-12 11:01:00,73.6799,73.7300,73.6500,73.6900,628126
2009-03-12 11:00:00,73.7200,73.8700,73.6700,73.6700,1330064
2009-03-12 10:59:00,73.7300,73.7900,73.7200,73.7200,387928
2009-03-12 10:58:00,73.7800,73.7900,73.7000,73.7300,369940
2009-03-12 10:57:00,73.7106,73.7800,73.7000,73.7800,305034
2009-03-12 10:56:00,73.7000,73.7900,73.6700,73.7106,859164
2009-03-12 10:55:00,73.7900,73.8025,73.6800,73.7000,1331534
2009-03-12 10:54:00,73.8600,73.8900,73.7600,73.7906,864812
2009-03-12 10:53:00,73.8401,73.9000,73.8400,73.8699,713237
2009-03-12 10:52:00,73.7800,73.8590,73.7700,73.8500,931291
2009-03-12 10:51:00,73.7900,73.8300,73.7700,73.7800,1070874
2009-03-12 10:50:00,73.8500,73.8700,73.7900,73.8000,1409415
2009-03-12 10:49:00,73.9200,73.9700,73.8300,73.8499,1651506
2009-03-12 10:48:00,73.8400,74.0200,73.8300,73.9200,2552936
2009-03-12 10:47:00,73.7000,73.8500,73.7000,73.8400,1345416
2009-03-12 10:46:00,73.6301,73.7400,73.6200,73.7000,774544
2009-03-12 10:45:00,73.7100,73.7100,73.6100,73.6400,925595
2009-03-12 10:44:00,73.6400,73.7600,73.6300,73.7094,1555161
2009-03-12 10:43:00,73.4800,73.7000,73.4800,73.6400,1896141
2009-03-12 10:42:00,73.4000,73.5000,73.4000,73.4800,803282
2009-03-12 10:41:00,73.2800,73.4500,73.2800,73.4000,565670
2009-03-12 10:40:00,73.3100,73.3525,73.2700,73.2800,396435
2009-03-12 10:39:00,73.2700,73.3300,73.2600,73.3000,301417
2009-03-12 10:38:00,73.2600,73.3500,73.2600,73.2825,379150
2009-03-12 10:37:00,73.3300,73.3400,73.2200,73.2600,620100
2009-03-12 10:36:00,73.2000,73.3300,73.2000,73.3300,664434
2009-03-12 10:35:00,73.2700,73.2900,73.2000,73.2000,639232
2009-03-12 10:34:00,73.2701,73.3300,73.2400,73.2700,622880
2009-03-12 10:33:00,73.2800,73.3100,73.2200,73.2700,714053
2009-03-12 10:32:00,73.3100,73.3600,73.2700,73.2801,980647
2009-03-12 10:31:00,73.5000,73.5000,73.2700,73.3100,980645
2009-03-12 10:30:00,73.3800,73.5500,73.3700,73.5000,1348438
2009-03-12 10:29:00,73.3600,73.4100,73.3400,73.3700,414154
2009-03-12 10:28:00,73.3900,73.4050,73.3300,73.3700,370814
2009-03-12 10:27:00,73.4600,73.4700,73.3400,73.3900,890203
2009-03-12 10:26:00,73.4290,73.5100,73.4000,73.4700,517884
2009-03-12 10:25:00,73.3700,73.4500,73.3700,73.4300,1390264
2009-03-12 10:24:00,73.4500,73.4600,73.3200,73.3700,1420019
2009-03-12 10:23:00,73.4330,73.4700,73.3600,73.4500,940699
2009-03-12 10:22:00,73.5200,73.5500,73.3900,73.4300,1525658
2009-03-12 10:21:00,73.2900,73.5950,73.2900,73.5100,3025846
2009-03-12 10:20:00,73.1700,73.3100,73.1600,73.3000,1010114
2009-03-12 10:19:00,73.2600,73.2900,73.1600,73.1700,822984
2009-03-12 10:18:00,73.1700,73.2600,73.1500,73.2500,489564
2009-03-12 10:17:00,73.1600,73.2000,73.0700,73.1700,1526334
2009-03-12 10:16:00,73.2200,73.2700,73.1300,73.1600,1595482
2009-03-12 10:15:00,73.0200,73.3100,72.9800,73.2200,2364038
2009-03-12 10:14:00,73.0000,73.0900,72.9700,73.0200,656043
2009-03-12 10:13:00,73.1100,73.1600,72.9600,73.0000,917338
2009-03-12 10:12:00,73.0200,73.1200,72.9300,73.1000,2066010
2009-03-12 10:11:00,72.9700,73.0600,72.9300,73.0200,892192
2009-03-12 10:10:00,73.0100,73.0700,72.9700,72.9700,1371901
2009-03-12 10:09:00,72.8900,73.0300,72.8900,73.0100,1719408
2009-03-12 10:08:00,72.8800,72.9200,72.8400,72.8900,1101536
2009-03-12 10:07:00,72.7700,72.8700,72.7600,72.8600,838567
2009-03-12 10:06:00,72.8500,72.9300,72.7600,72.7700,1450307
2009-03-12 10:05:00,72.8300,72.8800,72.8000,72.8500,743315
2009-03-12 10:04:00,72.8700,72.9000,72.7700,72.8300,1156491
2009-03-12 10:03:00,72.7194,72.9100,72.6700,72.8600,1405287
2009-03-12 10:02:00,72.7400,72.7800,72.6700,72.7200,965597
2009-03-12 10:01:00,72.6300,72.7500,72.6200,72.7400,1066524
2009-03-12 10:00:00,72.5100,72.7400,72.4800,72.6300,2015120
2009-03-12 09:59:00,72.3500,72.5400,72.3400,72.5100,746733
2009-03-12 09:58:00,72.4700,72.4800,72.3200,72.3500,670222
2009-03-12 09:57:00,72.4000,72.4825,72.3900,72.4700,702171
2009-03-12 09:56:00,72.2500,72.4200,72.2300,72.4000,950134
2009-03-12 09:55:00,72.2600,72.2700,72.2200,72.2400,356292
2009-03-12 09:54:00,72.2800,72.2800,72.2000,72.2700,1027935
2009-03-12 09:53:00,72.2300,72.2900,72.2100,72.2800,566975
2009-03-12 09:52:00,72.2600,72.3100,72.2000,72.2300,922335
2009-03-12 09:51:00,72.2200,72.2800,72.1800,72.2600,984333
2009-03-12 09:50:00,72.2300,72.2700,72.1200,72.2100,1045087
2009-03-12 09:49:00,72.1100,72.2400,72.1100,72.2394,1237784
2009-03-12 09:48:00,72.0500,72.1300,72.0400,72.1190,735772
2009-03-12 09:47:00,72.0803,72.1200,72.0400,72.0500,792795
2009-03-12 09:46:00,72.0300,72.1100,71.9700,72.0800,917809
2009-03-12 09:45:00,72.1500,72.2000,72.0000,72.0400,929820
2009-03-12 09:44:00,72.1300,72.2400,72.0700,72.1600,1300487
2009-03-12 09:43:00,72.2100,72.2722,72.1200,72.1300,1203919
2009-03-12 09:42:00,72.2600,72.3600,72.2100,72.2200,1631034
2009-03-12 09:41:00,72.2300,72.2700,72.2100,72.2600,556332
2009-03-12 09:40:00,72.3500,72.3700,72.2200,72.2500,1479104
2009-03-12 09:39:00,72.4500,72.5200,72.3400,72.3500,802896
2009-03-12 09:38:00,72.4199,72.5000,72.3500,72.4600,1179364
2009-03-12 09:37:00,72.5300,72.5600,72.4100,72.4200,2724034
2009-03-12 09:36:00,72.5100,72.5400,72.4250,72.5200,1110305
2009-03-12 09:35:00,72.7700,72.8000,72.4200,72.5100,1578057
2009-03-12 09:34:00,72.6000,72.8100,72.5800,72.7700,1583590
2009-03-12 09:33:00,72.6700,72.7100,72.5600,72.6000,1472824
2009-03-12 09:32:00,72.5500,72.7300,72.5100,72.6796,1622633
2009-03-12 09:31:00,72.7600,72.7900,72.5300,72.5300,1069146
2009-03-12 09:30:00,72.6200,72.7900,72.4800,72.7600,2563890
2009-03-12 09:29:00,72.6000,72.6400,72.5900,72.6200,211036
2009-03-12 09:28:00,72.5300,72.6100,72.4600,72.6000,248968
2009-03-12 09:27:00,72.5600,72.5600,72.4900,72.5500,62654
2009-03-12 09:26:00,72.5400,72.5700,72.5100,72.5600,89623
2009-03-12 09:25:00,72.5400,72.6000,72.5100,72.5500,150342
2009-03-12 09:24:00,72.6200,72.6300,72.5400,72.5400,234994
2009-03-12 09:23:00,72.6800,72.6900,72.5900,72.6200,59717
2009-03-12 09:22:00,72.7400,72.7600,72.7000,72.7000,346749
2009-03-12 09:21:00,72.7600,72.8000,72.7300,72.7500,315803
2009-03-12 09:20:00,72.6500,72.7600,72.6200,72.7600,106808
2009-03-12 09:19:00,72.5600,72.6900,72.5400,72.6400,195086
2009-03-12 09:18:00,72.6300,72.6900,72.5600,72.5700,312924
2009-03-12 09:17:00,72.5900,72.7900,72.5280,72.6500,907937
2009-03-12 09:16:00,72.5100,72.6200,72.5100,72.5900,431584
2009-03-12 09:15:00,72.3900,72.5600,72.3900,72.5300,370839
2009-03-12 09:14:00,72.2500,72.3800,72.2400,72.3800,217832
2009-03-12 09:13:00,72.1900,72.3100,72.1100,72.2400,697670
2009-03-12 09:12:00,72.2100,72.2500,72.0600,72.1900,592096
2009-03-12 09:11:00,72.4000,72.4000,72.0100,72.1900,928406
2009-03-12 09:10:00,72.4000,72.4100,72.3700,72.3900,34561
2009-03-12 09:09:00,72.3500,72.4100,72.3300,72.4100,19446
2009-03-12 09:08:00,72.3400,72.3500,72.3200,72.3400,36460
2009-03-12 09:07:00,72.3200,72.3800,72.3100,72.3300,65529
2009-03-12 09:06:00,72.3500,72.3500,72.3100,72.3100,49802
2009-03-12 09:05:00,72.3200,72.3600,72.3200,72.3500,86302
2009-03-12 09:04:00,72.3500,72.3600,72.3000,72.3200,126355
2009-03-12 09:03:00,72.4100,72.4600,72.3500,72.3500,101477
2009-03-12 09:02:00,72.4700,72.4800,72.4000,72.4000,76979
2009-03-12 09:01:00,72.4800,72.4900,72.4600,72.4800,105668
2009-03-12 09:00:00,72.4900,72.5700,72.4800,72.4900,75424
2009-03-12 08:59:00,72.5500,72.5800,72.4800,72.5000,57189
2009-03-12 08:58:00,72.6400,72.6400,72.5600,72.5600,131800
2009-03-12 08:57:00,72.6300,72.6600,72.6100,72.6400,39198
2009-03-12 08:56:00,72.5500,72.6300,72.5500,72.6200,83484
2009-03-12 08:55:00,72.5600,72.6000,72.5500,72.5500,27613
2009-03-12 08:54:00,72.6400,72.6600,72.5700,72.5700,179076
2009-03-12 08:53:00,72.6600,72.6700,72.6200,72.6300,93495
2009-03-12 08:52:00,72.6200,72.6800,72.5900,72.6700,31484
2009-03-12 08:51:00,72.6100,72.6400,72.5900,72.6400,96464
2009-03-12 08:50:00,72.5500,72.6000,72.5500,72.6000,165285
2009-03-12 08:49:00,72.5000,72.5500,72.4800,72.5300,51324
2009-03-12 08:48:00,72.4500,72.5200,72.4500,72.5000,85717
2009-03-12 08:47:00,72.4400,72.4800,72.4400,72.4600,2941
2009-03-12 08:46:00,72.4200,72.4600,72.3800,72.4600,27283
2009-03-12 08:45:00,72.5000,72.5000,72.4100,72.4100,17269
2009-03-12 08:44:00,72.4300,72.5100,72.4300,72.5100,10518
2009-03-12 08:43:00,72.4000,72.4400,72.3900,72.4400,15143
2009-03-12 08:42:00,72.3800,72.4100,72.3800,72.3800,22944
2009-03-12 08:41:00,72.5000,72.5000,72.3800,72.3900,86138
2009-03-12 08:40:00,72.4700,72.5000,72.4500,72.4900,164856
2009-03-12 08:39:00,72.4100,72.5000,72.4100,72.4800,52537
2009-03-12 08:38:00,72.4700,72.4700,72.3900,72.4100,27572
2009-03-12 08:37:00,72.5100,72.5200,72.4800,72.4900,69170
2009-03-12 08:36:00,72.4600,72.5200,72.4600,72.5100,72350
2009-03-12 08:35:00,72.4500,72.4600,72.3500,72.4500,68895
2009-03-12 08:34:00,72.5200,72.5700,72.3200,72.4500,264398
2009-03-12 08:33:00,72.6100,72.6100,72.3500,72.5200,99894
2009-03-12 08:32:00,72.4500,72.6100,72.4500,72.6000,419527
2009-03-12 08:31:00,72.5100,72.5400,72.3000,72.4500,710224
2009-03-12 08:30:00,72.2700,72.6100,72.2100,72.5000,699139
2009-03-12 08:29:00,72.2500,72.3300,72.2400,72.2800,71176
2009-03-12 08:28:00,72.3200,72.3500,72.2300,72.2500,191492
2009-03-12 08:27:00,72.2000,72.4000,72.2000,72.3100,185274
2009-03-12 08:26:00,72.1700,72.2300,72.1600,72.1800,53396
2009-03-12 08:25:00,72.1100,72.1700,72.1100,72.1600,24820
2009-03-12 08:24:00,72.1300,72.1300,72.1000,72.1000,3300
2009-03-12 08:23:00,72.1000,72.1300,71.8600,72.0900,26858
2009-03-12 08:22:00,72.1000,72.1000,71.9000,71.9000,10129
2009-03-12 08:21:00,72.1000,72.1100,72.1000,72.1000,22709
2009-03-12 08:20:00,72.0800,72.1000,72.0700,72.1000,61759
2009-03-12 08:19:00,72.1000,72.1400,72.0500,72.0800,30366
2009-03-12 08:18:00,72.1800,72.1800,72.1000,72.1200,40097
2009-03-12 08:17:00,72.1600,72.2000,72.1500,72.1600,181963
2009-03-12 08:16:00,72.0900,72.1400,72.0800,72.1400,43604
2009-03-12 08:15:00,72.1700,72.1800,72.0700,72.0700,118887
2009-03-12 08:14:00,72.2000,72.2000,72.1700,72.1700,1900
2009-03-12 08:13:00,72.2200,72.2500,72.1800,72.1800,9300
2009-03-12 08:12:00,72.2100,72.2400,72.1800,72.2200,8039
2009-03-12 08:11:00,72.1900,72.2100,72.1900,72.2000,10400
2009-03-12 08:10:00,72.2200,72.2200,72.2000,72.2100,20969
2009-03-12 08:09:00,72.2000,72.2200,72.1900,72.2100,8839
2009-03-12 08:08:00,72.2200,72.2200,72.1900,72.2000,7894
2009-03-12 08:07:00,72.2300,72.2500,72.2000,72.2300,20529
2009-03-12 08:06:00,72.2500,72.3100,72.1900,72.2500,310090
2009-03-12 08:05:00,72.3000,72.3200,72.2400,72.2500,22517
2009-03-12 08:04:00,72.3200,72.3300,72.2800,72.2800,27383
2009-03-12 08:03:00,72.3400,72.3500,72.3100,72.3200,50850
2009-03-12 08:02:00,72.3300,72.4100,72.3300,72.3500,64350
2009-03-12 08:01:00,72.2200,72.3400,72.1900,72.3300,182987
2009-03-12 08:00:00,72.0600,72.2500,72.0500,72.2200,126548
2009-03-12 07:59:00,72.0700,72.0800,72.0300,72.0600,15893
2009-03-12 07:58:00,72.0100,72.0700,72.0000,72.0700,19031
2009-03-12 07:57:00,72.0500,72.0600,72.0100,72.0500,81671
2009-03-12 07:56:00,72.0300,72.0300,72.0300,72.0300,5000
2009-03-12 07:55:00,71.9800,72.0300,71.9800,72.0200,13169
2009-03-12 07:54:00,72.0100,72.0100,72.0000,72.0000,1000
2009-03-12 07:52:00,71.9700,71.9700,71.9700,71.9700,131
2009-03-12 07:51:00,71.9900,72.0000,71.9600,71.9600,16869
2009-03-12 07:50:00,71.9900,71.9900,71.9900,71.9900,500
2009-03-12 07:49:00,71.9700,71.9700,71.9700,71.9700,369
2009-03-12 07:48:00,72.0200,72.0200,71.9700,71.9700,1638
2009-03-12 07:47:00,72.0000,72.0200,71.9600,72.0200,5071
2009-03-12 07:46:00,72.0100,72.0100,71.9900,71.9900,9622
2009-03-12 07:45:00,72.0100,72.0300,72.0000,72.0000,20300
2009-03-12 07:44:00,72.0100,72.0400,72.0000,72.0400,25300
2009-03-12 07:43:00,72.0600,72.0600,72.0300,72.0400,26155
2009-03-12 07:42:00,72.0700,72.0700,72.0700,72.0700,1500
2009-03-12 07:41:00,72.0600,72.0900,72.0600,72.0900,24000
2009-03-12 07:40:00,72.0700,72.0900,72.0700,72.0900,5366
2009-03-12 07:39:00,72.0200,72.0700,72.0000,72.0700,67302
2009-03-12 07:38:00,72.0500,72.0500,72.0200,72.0200,300
2009-03-12 07:37:00,72.0400,72.0400,72.0400,72.0400,2500
2009-03-12 07:36:00,72.0200,72.0500,72.0200,72.0400,29600
2009-03-12 07:35:00,72.0500,72.0600,72.0200,72.0200,450
2009-03-12 07:34:00,72.0300,72.0600,72.0300,72.0500,5300
2009-03-12 07:33:00,71.9600,72.0500,71.9600,72.0300,25569
2009-03-12 07:32:00,71.9400,71.9600,71.9400,71.9500,13038
2009-03-12 07:31:00,71.9300,71.9400,71.9300,71.9400,7501
2009-03-12 07:30:00,71.9300,71.9300,71.8900,71.9000,3500
2009-03-12 07:29:00,71.8700,71.9500,71.8700,71.9500,9769
2009-03-12 07:28:00,71.8500,71.8600,71.8500,71.8600,1369
2009-03-12 07:26:00,71.8400,71.8500,71.8400,71.8500,300
2009-03-12 07:25:00,71.8500,71.8500,71.8300,71.8300,869
2009-03-12 07:24:00,71.8400,71.8400,71.8300,71.8300,2000
2009-03-12 07:23:00,71.8500,71.9000,71.8500,71.8500,50631
2009-03-12 07:22:00,71.8500,71.8500,71.8500,71.8500,369
2009-03-12 07:21:00,71.8400,71.8500,71.8400,71.8500,2300
2009-03-12 07:20:00,71.8300,71.8300,71.8300,71.8300,200
2009-03-12 07:18:00,71.7800,71.8400,71.7800,71.8100,24900
2009-03-12 07:17:00,71.8100,71.8100,71.7800,71.7800,16900
2009-03-12 07:16:00,71.8000,71.8400,71.8000,71.8400,24200
2009-03-12 07:15:00,71.7600,71.8100,71.7500,71.8100,1550
2009-03-12 07:14:00,71.7500,71.7500,71.7500,71.7500,10000
2009-03-12 07:13:00,71.7500,71.7500,71.7300,71.7500,4100
2009-03-12 07:12:00,71.7600,71.7600,71.7600,71.7600,2500
2009-03-12 07:11:00,71.7500,71.7500,71.7500,71.7500,300
2009-03-12 07:10:00,71.7600,71.7600,71.7600,71.7600,2500
2009-03-12 07:09:00,71.7500,71.7500,71.7500,71.7500,100
2009-03-12 07:08:00,71.7600,71.7600,71.7300,71.7600,1880
2009-03-12 07:07:00,71.7500,71.7500,71.7300,71.7300,657
2009-03-12 07:06:00,71.7500,71.7600,71.7500,71.7600,4000
2009-03-12 07:05:00,71.7300,71.7300,71.7300,71.7300,100
2009-03-12 07:04:00,71.7200,71.7200,71.7200,71.7200,260
2009-03-12 07:02:00,71.7600,71.7600,71.7500,71.7500,2670
2009-03-12 07:01:00,71.7500,71.7900,71.7500,71.7900,3900
2009-03-12 07:00:00,71.8200,71.8200,71.7400,71.7500,38350
2009-03-12 06:59:00,71.8100,71.8100,71.8100,71.8100,900
2009-03-12 06:56:00,71.8100,71.8100,71.8100,71.8100,500
2009-03-12 06:51:00,71.8600,71.8900,71.8600,71.8900,26200
2009-03-12 06:50:00,71.8600,71.8600,71.8600,71.8600,13900
2009-03-12 06:49:00,71.8100,71.8100,71.8100,71.8100,100
2009-03-12 06:48:00,71.8200,71.8300,71.8200,71.8300,10100
2009-03-12 06:43:00,71.8400,71.8400,71.8400,71.8400,100
2009-03-12 06:38:00,71.8000,71.8000,71.8000,71.8000,750
2009-03-12 06:37:00,71.8300,71.8300,71.8300,71.8300,500
2009-03-12 06:34:00,71.7800,71.7800,71.7800,71.7800,2500
2009-03-12 06:33:00,71.7500,71.7600,71.7500,71.7600,25000
2009-03-12 06:25:00,71.8100,71.8100,71.8100,71.8100,2500
2009-03-12 06:22:00,71.8700,71.8700,71.8700,71.8700,300
2009-03-12 06:19:00,71.8700,71.8700,71.8700,71.8700,100
2009-03-12 06:18:00,71.8500,71.8500,71.8500,71.8500,200
2009-03-12 06:17:00,71.8500,71.8500,71.8500,71.8500,500
2009-03-12 06:14:00,71.7000,71.7000,71.7000,71.7000,500
2009-03-12 06:13:00,71.7000,71.7000,71.7000,71.7000,500
2009-03-12 06:12:00,71.7000,71.7000,71.7000,71.7000,2500
2009-03-12 06:11:00,71.8100,71.8100,71.7500,71.7500,3900
2009-03-12 06:10:00,71.8800,71.8800,71.8700,71.8700,1000
2009-03-12 06:06:00,71.9000,71.9000,71.9000,71.9000,2600
2009-03-12 05:40:00,72.0600,72.0600,72.0600,72.0600,3500
2009-03-12 05:37:00,72.0700,72.0700,72.0700,72.0700,2500
2009-03-12 04:57:00,72.0000,72.0000,72.0000,72.0000,2000
2009-03-12 04:51:00,72.0000,72.0000,71.9800,71.9800,1500
2009-03-12 04:22:00,72.4000,72.4000,72.4000,72.4000,500
2009-03-12 04:20:00,72.4700,72.4700,72.4700,72.4700,200
2009-03-12 04:17:00,72.3900,72.3900,72.3900,72.3900,500
2009-03-12 04:15:00,72.3000,72.3300,72.2800,72.3300,2800
2009-03-11 19:59:00,72.2400,72.2600,72.1900,72.1900,10542
2009-03-11 19:58:00,72.2400,72.2600,72.2400,72.2600,905
2009-03-11 19:57:00,72.2500,72.2500,72.2400,72.2400,600
2009-03-11 19:56:00,72.2400,72.2400,72.2400,72.2400,600
2009-03-11 19:55:00,72.2500,72.2500,72.2500,72.2500,1000
2009-03-11 19:54:00,72.2600,72.2600,72.2600,72.2600,200
2009-03-11 19:53:00,72.2500,72.2600,72.2500,72.2600,2700
2009-03-11 19:52:00,72.2700,72.2700,72.2500,72.2500,800
2009-03-11 19:51:00,72.3100,72.3100,72.3000,72.3000,2300
2009-03-11 19:50:00,72.2800,72.3300,72.2800,72.3300,850
2009-03-11 19:49:00,72.2800,72.2800,72.2500,72.2500,2700
2009-03-11 19:48:00,72.2700,72.2800,72.2700,72.2800,500
2009-03-11 19:47:00,72.2700,72.2700,72.2700,72.2700,218
2009-03-11 19:46:00,72.3100,72.3100,72.2700,72.2800,3063
2009-03-11 19:45:00,72.3100,72.3100,72.3100,72.3100,500
2009-03-11 19:44:00,72.3700,72.3700,72.3200,72.3200,1500
2009-03-11 19:43:00,72.3500,72.3500,72.3400,72.3400,200
2009-03-11 19:41:00,72.4100,72.4100,72.3800,72.3800,2977
2009-03-11 19:40:00,72.4300,72.4300,72.4200,72.4200,617
2009-03-11 19:39:00,72.4300,72.4300,72.4300,72.4300,100
2009-03-11 19:37:00,72.4500,72.4500,72.4500,72.4500,1600
2009-03-11 19:36:00,72.4600,72.4600,72.4600,72.4600,900
2009-03-11 19:35:00,72.4900,72.4900,72.4600,72.4600,2861
2009-03-11 19:34:00,72.4900,72.4900,72.4900,72.4900,1840
2009-03-11 19:33:00,72.4800,72.4900,72.4800,72.4900,1806
2009-03-11 19:32:00,72.5000,72.5000,72.4900,72.4900,1362
2009-03-11 19:31:00,72.5300,72.5300,72.5000,72.5000,11953
2009-03-11 19:30:00,72.5400,72.5400,72.5400,72.5400,200
2009-03-11 19:28:00,72.5400,72.5400,72.5400,72.5400,637
2009-03-11 19:27:00,72.5400,72.5400,72.5400,72.5400,419
2009-03-11 19:26:00,72.5500,72.5500,72.5400,72.5400,4001
2009-03-11 19:25:00,72.5600,72.5600,72.5600,72.5600,11700
2009-03-11 19:23:00,72.5700,72.5800,72.5700,72.5800,5325
2009-03-11 19:20:00,72.5700,72.5700,72.5700,72.5700,675
2009-03-11 19:19:00,72.5500,72.5700,72.5500,72.5700,5100
2009-03-11 19:18:00,72.5500,72.5500,72.5500,72.5500,100
2009-03-11 19:17:00,72.5600,72.5800,72.5600,72.5800,4900
2009-03-11 19:13:00,72.5500,72.5500,72.5500,72.5500,100
2009-03-11 19:12:00,72.5500,72.5600,72.5500,72.5600,2500
2009-03-11 19:11:00,72.5600,72.5600,72.5400,72.5400,6305
2009-03-11 19:10:00,72.5600,72.5600,72.5600,72.5600,1600
2009-03-11 19:09:00,72.5500,72.5500,72.5500,72.5500,200
2009-03-11 19:08:00,72.5500,72.5500,72.5500,72.5500,800
2009-03-11 19:07:00,72.5600,72.5600,72.5600,72.5600,865
2009-03-11 19:06:00,72.5800,72.5800,72.5500,72.5600,7625
2009-03-11 19:05:00,72.5800,72.5800,72.5800,72.5800,1200
2009-03-11 19:04:00,72.6200,72.6200,72.6100,72.6100,6300
2009-03-11 19:03:00,72.6200,72.6200,72.6200,72.6200,100
2009-03-11 19:00:00,72.6200,72.6200,72.6200,72.6200,100
2009-03-11 18:58:00,72.6600,72.6600,72.6600,72.6600,295
2009-03-11 18:55:00,72.6500,72.6500,72.6500,72.6500,5000
2009-03-11 18:53:00,72.6500,72.6500,72.6500,72.6500,500
2009-03-11 18:52:00,72.6500,72.6600,72.6500,72.6600,300
2009-03-11 18:51:00,72.6300,72.6300,72.6300,72.6300,600
2009-03-11 18:50:00,72.6300,72.6300,72.6200,72.6200,15000
2009-03-11 18:49:00,72.6400,72.6400,72.6400,72.6400,950
2009-03-11 18:48:00,72.6700,72.6700,72.6700,72.6700,295
2009-03-11 18:44:00,72.6600,72.6600,72.6600,72.6600,400
2009-03-11 18:43:00,72.6400,72.6500,72.6400,72.6500,3326
2009-03-11 18:40:00,72.6300,72.6300,72.6300,72.6300,450
2009-03-11 18:39:00,72.6400,72.6400,72.6400,72.6400,800
2009-03-11 18:37:00,72.6400,72.6500,72.6400,72.6500,819
2009-03-11 18:35:00,72.6300,72.6400,72.6300,72.6400,800
2009-03-11 18:34:00,72.6400,72.6400,72.6300,72.6300,4000
2009-03-11 18:33:00,72.6400,72.6400,72.6400,72.6400,200
2009-03-11 18:32:00,72.6400,72.6400,72.6400,72.6400,350
2009-03-11 18:30:00,72.6400,72.6400,72.6400,72.6400,1100
2009-03-11 18:29:00,72.6300,72.6400,72.6300,72.6400,1600
2009-03-11 18:28:00,72.6300,72.6300,72.6200,72.6300,2400
2009-03-11 18:27:00,72.6300,72.6300,72.6300,72.6300,1500
2009-03-11 18:26:00,72.6300,72.6300,72.6300,72.6300,1750
2009-03-11 18:25:00,72.6300,72.6300,72.6300,72.6300,250
2009-03-11 18:23:00,72.6100,72.6200,72.6100,72.6200,357
2009-03-11 18:20:00,72.6300,72.6300,72.6300,72.6300,200
2009-03-11 18:16:00,72.6400,72.6400,72.6400,72.6400,200
2009-03-11 18:14:00,72.6600,72.6600,72.6600,72.6600,2200
2009-03-11 18:10:00,72.6200,72.6200,72.6200,72.6200,150
2009-03-11 18:09:00,72.5900,72.5900,72.5900,72.5900,550
2009-03-11 18:06:00,72.5900,72.5900,72.5900,72.5900,2500
2009-03-11 18:05:00,72.6200,72.6300,72.6000,72.6000,2898
2009-03-11 18:04:00,72.6100,72.6100,72.6100,72.6100,650
2009-03-11 18:03:00,72.6100,72.6100,72.6100,72.6100,1350
2009-03-11 18:02:00,72.6000,72.6000,72.6000,72.6000,200
2009-03-11 18:01:00,72.6000,72.6000,72.6000,72.6000,1500
2009-03-11 18:00:00,72.6000,72.6000,72.6000,72.6000,300
2009-03-11 17:59:00,72.6000,72.6000,72.6000,72.6000,17502
2009-03-11 17:58:00,72.6300,72.6300,72.6000,72.6000,2498
2009-03-11 17:57:00,72.6300,72.6300,72.6300,72.6300,200
2009-03-11 17:55:00,72.6400,72.6500,72.6400,72.6500,1907
2009-03-11 17:52:00,72.6600,72.6600,72.6400,72.6400,5469
2009-03-11 17:51:00,72.6500,72.6700,72.6500,72.6700,2955
2009-03-11 17:50:00,72.6500,72.6500,72.6500,72.6500,1000
2009-03-11 17:48:00,72.6300,72.6300,72.6300,72.6300,402
2009-03-11 17:47:00,72.6500,72.6500,72.6500,72.6500,400
2009-03-11 17:45:00,72.6500,72.6500,72.6500,72.6500,300
2009-03-11 17:43:00,72.6400,72.6400,72.6200,72.6300,1130
2009-03-11 17:41:00,72.6600,72.6600,72.6600,72.6600,1200
2009-03-11 17:39:00,72.6400,72.6400,72.6400,72.6400,200
2009-03-11 17:37:00,72.6500,72.6600,72.6500,72.6600,1769
2009-03-11 17:36:00,72.6500,72.6500,72.6500,72.6500,500
2009-03-11 17:35:00,72.6200,72.6200,72.6200,72.6200,541
2009-03-11 17:34:00,72.6200,72.6300,72.6200,72.6300,10000
2009-03-11 17:33:00,72.6500,72.6500,72.6300,72.6300,10100
2009-03-11 17:32:00,72.6300,72.6300,72.6300,72.6300,4300
2009-03-11 17:31:00,72.6400,72.6400,72.6300,72.6300,1500
2009-03-11 17:30:00,73.2656,73.2656,72.6500,72.6500,5550
2009-03-11 17:27:00,72.6500,72.6500,72.6500,72.6500,369
2009-03-11 17:26:00,72.6300,72.6300,72.6300,72.6300,100
2009-03-11 17:25:00,72.6300,72.6400,72.6300,72.6300,18824
2009-03-11 17:23:00,72.6400,72.6400,72.6400,72.6400,1025
2009-03-11 17:22:00,72.6300,72.6300,72.6300,72.6300,2800
2009-03-11 17:20:00,72.6200,72.6300,72.6200,72.6300,13162
2009-03-11 17:19:00,72.6300,72.6300,72.6200,72.6200,4838
2009-03-11 17:18:00,72.6200,72.6200,72.6200,72.6200,6000
2009-03-11 17:17:00,72.6200,72.6400,72.6200,72.6200,6894
2009-03-11 17:15:00,72.6100,72.6100,72.6100,72.6100,345
2009-03-11 17:14:00,72.6500,72.6500,72.6200,72.6200,1600
2009-03-11 17:13:00,72.6300,72.6600,72.6100,72.6600,6745
2009-03-11 17:12:00,72.6500,72.6600,72.6100,72.6100,1310
2009-03-11 17:11:00,72.6700,72.6700,72.6300,72.6300,4040
2009-03-11 17:10:00,72.6500,72.6700,72.6400,72.6700,9903
2009-03-11 17:09:00,72.6300,72.6400,72.6300,72.6400,3973
2009-03-11 17:08:00,72.6000,72.6300,72.6000,72.6300,5828
2009-03-11 17:07:00,72.5800,72.5800,72.5800,72.5800,101
2009-03-11 17:06:00,72.6000,72.6100,72.5900,72.6000,2969
2009-03-11 17:05:00,72.5800,72.6000,72.5800,72.5800,11931
2009-03-11 17:03:00,72.5900,72.5900,72.5900,72.5900,100
2009-03-11 17:02:00,72.5800,72.5800,72.5800,72.5800,369
2009-03-11 17:01:00,72.5700,72.5800,72.5700,72.5700,19304
2009-03-11 17:00:00,72.5700,72.5700,72.5700,72.5700,1151
2009-03-11 16:59:00,72.5800,72.5800,72.5800,72.5800,107
2009-03-11 16:58:00,72.5800,72.5800,72.5800,72.5800,141
2009-03-11 16:57:00,72.5700,72.5700,72.5700,72.5700,1200
2009-03-11 16:56:00,72.5800,72.5800,72.5600,72.5700,2907
2009-03-11 16:55:00,72.5900,72.6000,72.5800,72.5800,43588
2009-03-11 16:54:00,72.5800,72.5800,72.5800,72.5800,3000
2009-03-11 16:53:00,72.6000,72.6000,72.5800,72.5800,24776
2009-03-11 16:52:00,72.5800,72.5900,72.5600,72.5900,7913
2009-03-11 16:51:00,72.5800,72.5800,72.5800,72.5800,102609
2009-03-11 16:50:00,72.5900,72.5900,72.5700,72.5700,8620
2009-03-11 16:49:00,72.6000,72.6000,72.5800,72.5800,3950
2009-03-11 16:48:00,72.5800,72.5800,72.5800,72.5800,1000
2009-03-11 16:46:00,72.6400,72.6400,72.5800,72.5800,587957
2009-03-11 16:45:00,72.5900,72.5900,72.5900,72.5900,120
2009-03-11 16:44:00,72.6000,72.6100,72.5800,72.5800,5280
2009-03-11 16:43:00,72.6000,72.6200,72.6000,72.6200,48090
2009-03-11 16:41:00,72.5900,72.6000,72.5900,72.6000,600
2009-03-11 16:39:00,72.6000,72.6000,72.6000,72.6000,500
2009-03-11 16:38:00,72.6200,72.6200,72.5900,72.6000,5400
2009-03-11 16:37:00,72.6000,72.6300,72.6000,72.6300,7250
2009-03-11 16:36:00,72.5800,72.5800,72.5800,72.5800,1000
2009-03-11 16:35:00,72.5800,72.5900,72.5800,72.5800,6319
2009-03-11 16:34:00,72.5900,72.5900,72.5900,72.5900,300
2009-03-11 16:33:00,72.5900,72.5900,72.5800,72.5800,32300
2009-03-11 16:32:00,72.6000,72.6000,72.5700,72.6000,36376
2009-03-11 16:31:00,72.5900,72.6000,72.5500,72.6000,68808
2009-03-11 16:30:00,72.6300,72.6400,72.5900,72.5900,25570
2009-03-11 16:29:00,72.6000,72.6200,72.5900,72.6200,2373
2009-03-11 16:28:00,72.6000,72.6300,72.5900,72.6200,6626
2009-03-11 16:27:00,72.6000,72.6000,72.5800,72.6000,11100
2009-03-11 16:26:00,72.5800,72.6800,72.5800,72.6800,43620
2009-03-11 16:25:00,72.6000,72.6100,72.5900,72.5900,8946
2009-03-11 16:24:00,72.5800,72.6000,72.5800,72.6000,10160
2009-03-11 16:23:00,72.5800,72.6000,72.5600,72.6000,12550
2009-03-11 16:22:00,72.5700,72.5700,72.5600,72.5600,800
2009-03-11 16:21:00,72.5300,72.5500,72.5300,72.5400,10292
2009-03-11 16:20:00,72.5200,72.5400,72.4800,72.5300,67113
2009-03-11 16:19:00,72.5300,72.5300,72.5200,72.5200,9500
2009-03-11 16:18:00,72.5200,72.9200,72.5200,72.5200,85900
2009-03-11 16:17:00,72.5000,72.5300,72.1100,72.5300,155161
2009-03-11 16:16:00,72.5300,72.5300,72.4900,72.5000,45649
2009-03-11 16:15:00,72.5700,72.5700,72.5200,72.5300,74828
2009-03-11 16:14:00,72.5200,72.6100,72.5100,72.5700,515950
2009-03-11 16:13:00,72.8356,72.8356,72.4900,72.5100,201703
2009-03-11 16:12:00,72.5200,72.8356,72.1100,72.5000,268868
2009-03-11 16:11:00,72.5200,72.5400,72.5200,72.5200,58600
2009-03-11 16:10:00,72.5500,73.2500,72.5100,72.5100,453705
2009-03-11 16:09:00,72.5800,72.8263,72.5000,72.5400,174170
2009-03-11 16:08:00,72.5400,72.5900,72.5400,72.5800,178804
2009-03-11 16:07:00,72.5700,73.0205,72.5200,72.5500,755883
2009-03-11 16:06:00,72.5900,72.5900,72.5500,72.5700,153729
2009-03-11 16:05:00,72.6600,72.6800,72.5800,72.5800,117574
2009-03-11 16:04:00,72.6300,73.1472,72.5600,72.6600,1046242
2009-03-11 16:03:00,72.6400,73.1880,72.6100,72.6400,2268824
2009-03-11 16:02:00,72.6400,72.7175,72.6100,72.6500,1113240
2009-03-11 16:01:00,72.6500,72.6800,72.6000,72.6400,683107
2009-03-11 16:00:00,72.6000,72.7588,72.5800,72.6500,8303210
2009-03-11 15:59:00,72.5700,72.6300,72.5500,72.6000,2817077
2009-03-11 15:58:00,72.6900,72.7000,72.5700,72.5700,1816354
2009-03-11 15:57:00,72.7200,72.7400,72.6900,72.6900,1265307
2009-03-11 15:56:00,72.6900,72.7500,72.6700,72.7200,1153820
2009-03-11 15:55:00,72.8400,72.8500,72.6800,72.6900,1820265
2009-03-11 15:54:00,72.9300,72.9500,72.8400,72.8400,1005016
2009-03-11 15:53:00,72.9000,72.9800,72.8800,72.9399,896696
2009-03-11 15:52:00,72.9000,72.9900,72.8800,72.8990,747449
2009-03-11 15:51:00,72.9900,72.9900,72.8900,72.8980,612350
2009-03-11 15:50:00,72.9300,73.0400,72.9000,72.9900,1282550
2009-03-11 15:49:00,72.9620,72.9620,72.8000,72.9400,1927343
2009-03-11 15:48:00,73.1400,73.1500,72.9400,72.9600,1626188
2009-03-11 15:47:00,73.0900,73.2100,73.0800,73.1401,677070
2009-03-11 15:46:00,73.2575,73.2900,73.0700,73.1000,1422648
2009-03-11 15:45:00,73.2200,73.2800,73.2000,73.2500,802609
2009-03-11 15:44:00,73.2800,73.2900,73.1700,73.2200,897379
2009-03-11 15:43:00,73.2800,73.2806,73.2300,73.2800,508436
2009-03-11 15:42:00,73.2000,73.3200,73.2000,73.2900,1448697
2009-03-11 15:41:00,73.2000,73.2600,73.1800,73.2000,450405
2009-03-11 15:40:00,73.2200,73.2800,73.1700,73.1900,1132131
2009-03-11 15:39:00,73.1100,73.2700,73.0900,73.2300,1260302
2009-03-11 15:38:00,73.0400,73.1600,73.0000,73.1100,1060071
2009-03-11 15:37:00,73.0901,73.1200,72.9900,73.0400,742283
2009-03-11 15:36:00,73.0000,73.1300,72.9600,73.0900,782185
2009-03-11 15:35:00,73.0600,73.0800,72.9800,73.0000,614940
2009-03-11 15:34:00,72.9600,73.0800,72.9300,73.0700,649894
2009-03-11 15:33:00,72.8900,72.9800,72.8500,72.9400,995837
2009-03-11 15:32:00,72.8700,72.9300,72.8400,72.8900,698831
2009-03-11 15:31:00,72.9700,72.9700,72.8300,72.8700,976602
2009-03-11 15:30:00,72.9600,73.0100,72.9300,72.9700,974801
2009-03-11 15:29:00,73.0300,73.0600,72.9100,72.9600,1466427
2009-03-11 15:28:00,73.0700,73.1500,73.0000,73.0300,950609
2009-03-11 15:27:00,73.0700,73.1600,73.0600,73.0800,686451
2009-03-11 15:26:00,73.0800,73.1100,73.0000,73.0701,677236
2009-03-11 15:25:00,73.0400,73.0900,73.0000,73.0700,756301
2009-03-11 15:24:00,72.9100,73.0500,72.8900,73.0300,655383
2009-03-11 15:23:00,73.0000,73.0900,72.9100,72.9100,1107250
2009-03-11 15:22:00,73.1200,73.1300,72.9900,73.0000,863317
2009-03-11 15:21:00,72.9900,73.1700,72.9800,73.1201,1511052
2009-03-11 15:20:00,72.9300,73.0000,72.9200,73.0000,793542
2009-03-11 15:19:00,72.8799,72.9700,72.8600,72.9300,893148
2009-03-11 15:18:00,72.8500,72.8900,72.8000,72.8700,369139
2009-03-11 15:17:00,72.8300,72.9100,72.7900,72.8500,653579
2009-03-11 15:16:00,72.8500,72.8700,72.8100,72.8300,635661
2009-03-11 15:15:00,72.9899,73.0000,72.8400,72.8510,786446
2009-03-11 15:14:00,72.8300,73.0000,72.8100,72.9800,1035396
2009-03-11 15:13:00,72.8700,72.9000,72.8200,72.8300,605883
2009-03-11 15:12:00,72.8100,72.8700,72.7500,72.8475,592098
2009-03-11 15:11:00,72.8800,72.8800,72.7800,72.8100,882455
2009-03-11 15:10:00,72.8000,72.8900,72.7700,72.8800,609678
2009-03-11 15:09:00,72.6500,72.8300,72.6300,72.8000,980738
2009-03-11 15:08:00,72.6400,72.6700,72.5500,72.6600,569289
2009-03-11 15:07:00,72.5800,72.6800,72.5500,72.6400,612548
2009-03-11 15:06:00,72.6300,72.6700,72.5500,72.5800,453862
2009-03-11 15:05:00,72.6900,72.7000,72.6200,72.6400,1033179
2009-03-11 15:04:00,72.5700,72.7200,72.5700,72.6900,1302936
2009-03-11 15:03:00,72.5500,72.6200,72.5075,72.5700,774948
2009-03-11 15:02:00,72.4500,72.5500,72.4400,72.5500,424386
2009-03-11 15:01:00,72.4300,72.5000,72.4000,72.4600,463746
2009-03-11 15:00:00,72.3700,72.4700,72.3600,72.4300,409834
2009-03-11 14:59:00,72.4475,72.5100,72.3400,72.3800,745255
2009-03-11 14:58:00,72.4800,72.4900,72.4400,72.4599,135799
2009-03-11 14:57:00,72.4700,72.5100,72.4200,72.4800,354636
2009-03-11 14:56:00,72.4925,72.5100,72.4250,72.4700,428249
2009-03-11 14:55:00,72.5500,72.5600,72.4300,72.4800,603332
2009-03-11 14:54:00,72.4600,72.6000,71.8700,72.5501,870856
2009-03-11 14:53:00,72.5397,72.5400,72.4500,72.4500,406642
2009-03-11 14:52:00,72.5400,72.5600,72.5000,72.5400,253673
2009-03-11 14:51:00,72.5900,72.6100,72.4800,72.5500,403591
2009-03-11 14:50:00,72.5400,72.6100,72.5200,72.6000,741268
2009-03-11 14:49:00,72.5000,72.5700,72.4800,72.5400,617176
2009-03-11 14:48:00,72.5000,72.5600,72.4900,72.5000,362994
2009-03-11 14:47:00,72.5300,72.5500,72.4700,72.5000,505233
2009-03-11 14:46:00,72.6300,72.6300,72.5100,72.5200,863084
2009-03-11 14:45:00,72.5000,72.7000,72.4700,72.6200,1250518
2009-03-11 14:44:00,72.4700,72.5400,72.4300,72.4906,1067643
2009-03-11 14:43:00,72.4401,72.4900,72.3700,72.4800,869622
2009-03-11 14:42:00,72.3400,72.4600,72.3000,72.4500,1838546
2009-03-11 14:41:00,72.1700,72.3400,72.1500,72.3400,927768
2009-03-11 14:40:00,72.2301,72.2400,72.1200,72.1700,694644
2009-03-11 14:39:00,72.2000,72.2500,72.1800,72.2400,325927
2009-03-11 14:38:00,72.2400,72.2500,72.1500,72.2000,759608
2009-03-11 14:37:00,72.1900,72.2400,72.1700,72.2400,437922
2009-03-11 14:36:00,72.2100,72.2900,72.1400,72.1800,999409
2009-03-11 14:35:00,72.1075,72.2200,72.0900,72.2200,1322986
2009-03-11 14:34:00,72.0801,72.1600,72.0700,72.1500,1125729
2009-03-11 14:33:00,72.1000,72.1900,72.0800,72.0800,1707181
2009-03-11 14:32:00,72.1100,72.1700,72.1000,72.1000,805480
2009-03-11 14:31:00,72.1000,72.1500,72.0800,72.1100,777034
2009-03-11 14:30:00,72.0600,72.1500,72.0300,72.1000,976538
2009-03-11 14:29:00,71.9800,72.0700,71.9300,72.0600,1032180
2009-03-11 14:28:00,71.9599,72.0000,71.9300,71.9900,542807
2009-03-11 14:27:00,71.8800,71.9800,71.8300,71.9600,673855
2009-03-11 14:26:00,71.8800,71.9200,71.8400,71.8900,901088
2009-03-11 14:25:00,71.9700,72.0200,71.8600,71.8800,1280412
2009-03-11 14:24:00,72.0300,72.0500,71.9600,71.9800,517514
2009-03-11 14:23:00,72.0000,72.0400,71.9300,72.0300,520245
2009-03-11 14:22:00,71.9900,72.0100,71.9200,71.9890,385761
2009-03-11 14:21:00,72.0400,72.1000,71.9600,72.0000,521315
2009-03-11 14:20:00,71.9500,72.0400,71.9200,72.0400,819181
2009-03-11 14:19:00,71.9600,72.0500,71.9275,71.9800,833223
2009-03-11 14:18:00,72.0300,72.0300,71.9100,71.9600,1495067
2009-03-11 14:17:00,72.0600,72.5000,72.0100,72.0300,1219766
2009-03-11 14:16:00,72.2300,72.2400,72.0300,72.0600,1350617
2009-03-11 14:15:00,72.3200,72.3300,72.2300,72.2300,289180
2009-03-11 14:14:00,72.2700,72.3300,72.2200,72.3200,742222
2009-03-11 14:13:00,72.2300,72.3100,72.2100,72.2700,562471
2009-03-11 14:12:00,72.1800,72.2700,72.1500,72.2200,555280
2009-03-11 14:11:00,72.2500,72.3000,72.1200,72.1700,1767941
2009-03-11 14:10:00,72.2500,72.3200,72.2300,72.2600,2268350
2009-03-11 14:09:00,72.4000,72.4100,72.2500,72.2500,1320467
2009-03-11 14:08:00,72.5300,72.5300,72.3900,72.4100,625351
2009-03-11 14:07:00,72.4900,72.5700,72.4500,72.5200,451343
2009-03-11 14:06:00,72.5600,72.5800,72.4400,72.4800,830050
2009-03-11 14:05:00,72.7200,72.7300,72.5600,72.5600,743192
2009-03-11 14:04:00,72.8100,72.8200,72.6600,72.7200,543879
2009-03-11 14:03:00,72.7300,72.8200,72.7100,72.8020,480330
2009-03-11 14:02:00,72.7500,72.7700,72.6700,72.7200,449286
2009-03-11 14:01:00,72.7700,72.8200,72.7300,72.7500,756424
2009-03-11 14:00:00,72.6400,72.7900,72.6200,72.7700,874034
2009-03-11 13:59:00,72.5800,72.6700,72.5200,72.6301,732068
2009-03-11 13:58:00,72.5500,72.6000,72.5200,72.5800,391592
2009-03-11 13:57:00,72.5000,72.5600,72.5000,72.5599,248208
2009-03-11 13:56:00,72.5000,72.5600,72.4700,72.5100,428181
2009-03-11 13:55:00,72.4200,72.5200,72.4000,72.5000,758453
2009-03-11 13:54:00,72.5300,72.5700,72.4100,72.4100,807116
2009-03-11 13:53:00,72.5100,72.5600,72.4800,72.5300,678794
2009-03-11 13:52:00,72.5100,72.5700,72.5000,72.5200,481753
2009-03-11 13:51:00,72.5400,72.5600,72.4400,72.5100,704871
2009-03-11 13:50:00,72.5700,72.6400,72.5100,72.5200,562211
2009-03-11 13:49:00,72.7075,72.7300,72.5700,72.5800,641531
2009-03-11 13:48:00,72.7000,72.7300,72.6400,72.7075,502514
2009-03-11 13:47:00,72.6700,72.7400,72.6700,72.7000,394034
2009-03-11 13:46:00,72.7000,72.7800,72.6700,72.6700,420188
2009-03-11 13:45:00,72.7800,72.8100,72.7000,72.7000,383185
2009-03-11 13:44:00,72.7100,72.7800,72.6700,72.7799,894537
2009-03-11 13:43:00,72.7300,72.7600,72.7200,72.7200,394058
2009-03-11 13:42:00,72.8000,72.8075,72.7300,72.7300,421211
2009-03-11 13:41:00,72.7400,72.8300,72.7200,72.8000,1111241
2009-03-11 13:40:00,72.7900,72.8600,72.7200,72.7500,1482772
2009-03-11 13:39:00,72.6600,72.7900,72.6100,72.7800,1683335
2009-03-11 13:38:00,72.4700,72.6600,72.2842,72.6600,1341838
2009-03-11 13:37:00,72.3700,72.5000,72.3500,72.4700,1054606
2009-03-11 13:36:00,72.3500,72.4200,72.3000,72.3800,502398
2009-03-11 13:35:00,72.2800,72.3700,72.2700,72.3500,542475
2009-03-11 13:34:00,72.3100,72.3100,72.2500,72.2800,448564
2009-03-11 13:33:00,72.3600,72.3700,72.2500,72.3100,504453
2009-03-11 13:32:00,72.3300,72.3800,72.3000,72.3600,127943
2009-03-11 13:31:00,72.3400,72.3800,72.3200,72.3300,386760
2009-03-11 13:30:00,72.2700,72.3600,72.2700,72.3405,511565
2009-03-11 13:29:00,72.2700,72.2900,72.2000,72.2800,1367146
2009-03-11 13:28:00,72.3275,72.3800,72.2600,72.2710,778288
2009-03-11 13:27:00,72.4200,72.4300,72.3200,72.3500,1244381
2009-03-11 13:26:00,72.4500,72.4800,72.4000,72.4200,518953
2009-03-11 13:25:00,72.5000,72.5200,72.4200,72.4500,968899
2009-03-11 13:24:00,72.5900,72.6100,72.4800,72.5094,495572
2009-03-11 13:23:00,72.5400,72.6100,72.5375,72.5999,294071
2009-03-11 13:22:00,72.4800,72.5800,72.4800,72.5500,480106
2009-03-11 13:21:00,72.5400,72.5500,72.4800,72.4800,301066
2009-03-11 13:20:00,72.5700,72.6000,72.5200,72.5401,254184
2009-03-11 13:19:00,72.5500,72.6000,72.5400,72.5675,1180266
2009-03-11 13:18:00,72.5800,72.5800,72.4900,72.5400,773386
2009-03-11 13:17:00,72.5900,72.6300,72.5500,72.5800,1203734
2009-03-11 13:16:00,72.3800,72.5900,72.3775,72.5800,1230483
2009-03-11 13:15:00,72.3900,72.4400,72.3700,72.3700,696768
2009-03-11 13:14:00,72.3800,72.4400,72.3500,72.4000,944048
2009-03-11 13:13:00,72.3600,72.4100,72.3000,72.3800,632784
2009-03-11 13:12:00,72.2600,72.3600,72.2500,72.3500,380744
2009-03-11 13:11:00,72.2500,72.3100,72.2475,72.2599,340438
2009-03-11 13:10:00,72.2475,72.2600,72.2300,72.2500,198636
2009-03-11 13:09:00,72.2900,72.3000,72.2100,72.2500,566044
2009-03-11 13:08:00,72.2700,72.3100,72.1800,72.2900,634573
2009-03-11 13:07:00,72.3100,72.3300,72.2300,72.2700,220583
2009-03-11 13:06:00,72.3300,72.3700,72.2900,72.2975,350158
2009-03-11 13:05:00,72.3300,72.4100,72.3100,72.3400,742781
2009-03-11 13:04:00,72.2800,72.3300,72.2500,72.3299,312739
2009-03-11 13:03:00,72.2575,72.3000,72.2400,72.2800,588339
2009-03-11 13:02:00,72.3100,72.3500,72.2400,72.2700,286182
2009-03-11 13:01:00,72.3000,72.3600,72.2600,72.3200,528536
2009-03-11 13:00:00,72.2100,72.3100,72.1900,72.2900,775989
2009-03-11 12:59:00,72.2800,72.3300,72.2000,72.2000,1147973
2009-03-11 12:58:00,72.3500,72.3600,72.2400,72.2800,1073075
2009-03-11 12:57:00,72.4500,72.4800,72.3400,72.3575,609845
2009-03-11 12:56:00,72.4700,72.4700,72.4300,72.4500,372605
2009-03-11 12:55:00,72.4400,72.4700,72.4100,72.4700,240838
2009-03-11 12:54:00,72.4700,72.4900,72.4100,72.4400,240051
2009-03-11 12:53:00,72.4500,72.5200,72.4475,72.4600,390246
2009-03-11 12:52:00,72.4500,72.4700,72.3800,72.4500,575235
2009-03-11 12:51:00,72.4400,72.4600,72.4100,72.4500,243499
2009-03-11 12:50:00,72.4600,72.4700,72.4300,72.4400,243246
2009-03-11 12:49:00,72.4500,72.5000,72.4300,72.4600,581845
2009-03-11 12:48:00,72.4500,72.5200,72.4300,72.4401,945345
2009-03-11 12:47:00,72.4700,72.4800,72.4200,72.4500,641915
2009-03-11 12:46:00,72.4000,72.4600,72.3700,72.4600,596631
2009-03-11 12:45:00,72.3400,72.4300,72.3200,72.4000,705929
2009-03-11 12:44:00,72.3700,72.4500,72.3400,72.3400,1070019
2009-03-11 12:43:00,72.4300,72.4400,72.3300,72.3700,380606
2009-03-11 12:42:00,72.4475,72.4600,72.3800,72.4310,500841
2009-03-11 12:41:00,72.3500,72.4600,72.3400,72.4500,625709
2009-03-11 12:40:00,72.3801,72.3900,72.3200,72.3500,1094683
2009-03-11 12:39:00,72.6000,72.6000,72.3700,72.3810,1805480
2009-03-11 12:38:00,72.6400,72.6900,72.5800,72.5900,619207
2009-03-11 12:37:00,72.6750,72.7300,72.6300,72.6400,292163
2009-03-11 12:36:00,72.7600,72.7700,72.6700,72.6700,147875
2009-03-11 12:35:00,72.7475,72.8000,72.7375,72.7600,266274
2009-03-11 12:34:00,72.7306,72.7700,72.6800,72.7700,401245
2009-03-11 12:33:00,72.7100,72.7500,72.7000,72.7400,140610
2009-03-11 12:32:00,72.7600,72.7600,72.7100,72.7106,138489
2009-03-11 12:31:00,72.7400,72.7600,72.6800,72.7500,522974
2009-03-11 12:30:00,72.6900,72.7500,72.6800,72.7400,374406
2009-03-11 12:29:00,72.7000,72.7100,72.6600,72.6900,564838
2009-03-11 12:28:00,72.6300,72.7100,72.6200,72.7000,413973
2009-03-11 12:27:00,72.6200,72.6400,72.5900,72.6300,291289
2009-03-11 12:26:00,72.5800,72.6600,72.5800,72.6200,321939
2009-03-11 12:25:00,72.6995,72.7000,72.5800,72.5800,402057
2009-03-11 12:24:00,72.7700,72.7800,72.6600,72.6900,448780
2009-03-11 12:23:00,72.6708,72.7800,72.6200,72.7800,375174
2009-03-11 12:22:00,72.6400,72.7000,72.6400,72.6700,521916
2009-03-11 12:21:00,72.6900,72.7150,72.6200,72.6400,983803
2009-03-11 12:20:00,72.8100,72.8300,72.6800,72.6900,1215681
2009-03-11 12:19:00,72.9350,72.9350,72.8000,72.8100,667983
2009-03-11 12:18:00,72.9500,72.9500,72.9100,72.9200,178439
2009-03-11 12:17:00,72.9800,73.0100,72.9500,72.9500,126891
2009-03-11 12:16:00,72.9775,73.0200,72.9600,72.9775,342967
2009-03-11 12:15:00,72.9900,73.0000,72.9400,73.0000,222722
2009-03-11 12:14:00,73.0000,73.0100,72.9700,72.9900,338867
2009-03-11 12:13:00,72.9300,73.0300,72.9300,73.0000,430639
2009-03-11 12:12:00,72.9200,72.9700,72.8900,72.9400,704859
2009-03-11 12:11:00,72.9600,72.9610,72.9000,72.9200,196730
2009-03-11 12:10:00,72.9400,73.0100,72.9400,72.9700,427835
2009-03-11 12:09:00,72.9601,72.9700,72.8900,72.9400,418252
2009-03-11 12:08:00,72.9600,72.9700,72.9275,72.9700,395053
2009-03-11 12:07:00,73.0200,73.0300,72.9600,72.9600,221424
2009-03-11 12:06:00,73.0000,73.0300,72.9300,73.0200,702175
2009-03-11 12:05:00,72.9780,73.0300,72.9300,73.0000,841426
2009-03-11 12:04:00,73.0000,73.0100,72.9500,72.9710,546575
2009-03-11 12:03:00,73.0200,73.0300,72.9600,72.9900,448425
2009-03-11 12:02:00,73.0500,73.0600,73.0000,73.0200,645234
2009-03-11 12:01:00,72.9899,73.0500,72.9800,73.0400,632844
2009-03-11 12:00:00,72.9600,73.0300,72.9500,72.9800,992003
2009-03-11 11:59:00,72.9590,72.9600,72.9075,72.9500,282206
2009-03-11 11:58:00,72.9300,72.9700,72.8800,72.9700,522338
2009-03-11 11:57:00,72.8600,72.9700,72.8575,72.9300,610051
2009-03-11 11:56:00,72.9200,72.9400,72.8500,72.8700,382589
2009-03-11 11:55:00,72.9094,72.9900,72.9000,72.9250,640070
2009-03-11 11:54:00,72.9000,72.9200,72.8700,72.9000,346180
2009-03-11 11:53:00,72.8500,72.9600,72.8475,72.9100,862482
2009-03-11 11:52:00,72.8590,72.8800,72.8200,72.8600,739579
2009-03-11 11:51:00,72.7300,72.8800,72.7300,72.8475,1232738
2009-03-11 11:50:00,72.7300,72.7600,72.7100,72.7300,322336
2009-03-11 11:49:00,72.7300,72.8100,72.7000,72.7300,690068
2009-03-11 11:48:00,72.6700,72.7300,72.6700,72.7300,242496
2009-03-11 11:47:00,72.6700,72.7100,72.6475,72.6675,608796
2009-03-11 11:46:00,72.7000,72.7100,72.6400,72.6700,517672
2009-03-11 11:45:00,72.6600,72.7200,72.6300,72.7000,635168
2009-03-11 11:44:00,72.7450,72.7500,72.5300,72.6500,1052082
2009-03-11 11:43:00,72.7722,72.7800,72.7400,72.7400,299074
2009-03-11 11:42:00,72.7500,72.8000,72.7200,72.7706,437020
2009-03-11 11:41:00,72.7200,72.7800,72.7100,72.7500,255496
2009-03-11 11:40:00,72.8100,72.8600,72.7100,72.7200,684914
2009-03-11 11:39:00,72.7900,72.9100,72.7700,72.8200,964363
2009-03-11 11:38:00,72.7900,72.8100,72.7500,72.7900,829188
2009-03-11 11:37:00,72.5900,72.8000,72.5900,72.8000,1758145
2009-03-11 11:36:00,72.6200,72.6600,72.5900,72.5900,1369605
2009-03-11 11:35:00,72.7400,72.7800,72.6100,72.6175,1345811
2009-03-11 11:34:00,72.8800,72.8800,72.7300,72.7400,1039003
2009-03-11 11:33:00,72.8700,72.8900,72.8375,72.8700,709589
2009-03-11 11:32:00,72.8200,72.9000,72.7900,72.8575,1532168
2009-03-11 11:31:00,72.9400,72.9400,72.8100,72.8100,1757811
2009-03-11 11:30:00,72.9410,73.0000,72.9300,72.9375,541912
2009-03-11 11:29:00,72.9500,72.9600,72.9175,72.9500,404838
2009-03-11 11:28:00,72.9600,73.0400,72.9500,72.9562,855704
2009-03-11 11:27:00,72.9800,73.0100,72.9400,72.9700,1106586
2009-03-11 11:26:00,72.9100,73.0100,72.9000,72.9900,1050309
2009-03-11 11:25:00,72.8900,72.9400,72.8800,72.9100,560253
2009-03-11 11:24:00,72.9300,72.9499,72.8800,72.9000,770274
2009-03-11 11:23:00,72.8475,72.9400,72.8200,72.9300,1234768
2009-03-11 11:22:00,72.9200,72.9350,72.8500,72.8600,1551528
2009-03-11 11:21:00,73.0700,73.0701,72.9100,72.9300,1836949
2009-03-11 11:20:00,73.1800,73.1900,73.0700,73.0800,421887
2009-03-11 11:19:00,73.1800,73.2195,73.1750,73.1800,269941
2009-03-11 11:18:00,73.1700,73.2000,73.1400,73.1800,333743
2009-03-11 11:17:00,73.2010,73.2300,73.1700,73.1700,239115
2009-03-11 11:16:00,73.2400,73.3000,73.2000,73.2000,751644
2009-03-11 11:15:00,73.2100,73.2600,73.1400,73.2400,649830
2009-03-11 11:14:00,73.1800,73.2300,73.1400,73.2090,367049
2009-03-11 11:13:00,73.1800,73.2300,73.1700,73.1800,478967
2009-03-11 11:12:00,73.2000,73.2600,73.1100,73.1800,908532
2009-03-11 11:11:00,73.3400,73.3500,73.1900,73.1900,1003752
2009-03-11 11:10:00,73.3600,73.4200,73.3300,73.3400,737173
2009-03-11 11:09:00,73.3200,73.3700,73.2800,73.3600,427528
2009-03-11 11:08:00,73.3500,73.4100,73.3200,73.3200,643709
2009-03-11 11:07:00,73.2000,73.3600,73.2000,73.3600,906121
2009-03-11 11:06:00,73.3400,73.3500,73.2000,73.2000,566802
2009-03-11 11:05:00,73.3500,73.3701,73.2900,73.3400,558263
2009-03-11 11:04:00,73.2400,73.3600,73.2300,73.3500,448180
2009-03-11 11:03:00,73.3100,73.3500,73.2400,73.2500,478116
2009-03-11 11:02:00,73.3100,73.3800,73.2775,73.3000,372721
2009-03-11 11:01:00,73.3600,73.3700,73.2700,73.3000,553468
2009-03-11 11:00:00,73.2100,73.3700,73.2050,73.3600,717648
2009-03-11 10:59:00,73.2200,73.3000,73.2000,73.2000,849482
2009-03-11 10:58:00,73.2300,73.2500,73.1700,73.2200,502219
2009-03-11 10:57:00,73.1900,73.2500,73.1775,73.2294,700903
2009-03-11 10:56:00,73.2000,73.2300,73.1700,73.1900,483010
2009-03-11 10:55:00,73.2500,73.3100,73.1900,73.2100,695363
2009-03-11 10:54:00,73.2600,73.2700,73.1800,73.2500,735539
2009-03-11 10:53:00,73.1800,73.2850,73.1100,73.2600,806034
2009-03-11 10:52:00,73.1900,73.2000,73.1100,73.1700,495663
2009-03-11 10:51:00,73.0700,73.1900,73.0300,73.1900,600949
2009-03-11 10:50:00,73.0300,73.1100,73.0201,73.0600,609034
2009-03-11 10:49:00,73.0600,73.0900,73.0200,73.0300,952278
2009-03-11 10:48:00,73.0300,73.0600,72.9600,73.0500,967511
2009-03-11 10:47:00,73.0500,73.0600,72.9600,73.0201,908360
2009-03-11 10:46:00,73.0100,73.0800,73.0100,73.0600,797121
2009-03-11 10:45:00,73.1200,73.1200,73.0000,73.0200,1372696
2009-03-11 10:44:00,73.1775,73.2000,73.0900,73.1075,1062332
2009-03-11 10:43:00,73.2400,73.2600,73.1400,73.1900,937618
2009-03-11 10:42:00,73.2000,73.3000,73.1475,73.2500,1233294
2009-03-11 10:41:00,73.1700,73.2400,73.1600,73.2000,992640
2009-03-11 10:40:00,73.2406,73.2499,73.1500,73.1700,734915
2009-03-11 10:39:00,73.1400,73.2500,73.1400,73.2500,924474
2009-03-11 10:38:00,73.2000,73.2300,73.1200,73.1400,1263651
2009-03-11 10:37:00,73.3000,73.3000,73.1800,73.2300,858002
2009-03-11 10:36:00,73.2500,73.3500,73.2275,73.3000,447513
2009-03-11 10:35:00,73.4000,73.4001,73.2200,73.2500,985839
2009-03-11 10:34:00,73.3900,73.4900,73.3700,73.4000,644182
2009-03-11 10:33:00,73.4900,73.5000,73.3400,73.3900,1180069
2009-03-11 10:32:00,73.5700,73.5800,73.4900,73.5000,685201
2009-03-11 10:31:00,73.5600,73.6000,73.5250,73.5675,755138
2009-03-11 10:30:00,73.5300,73.5800,73.4600,73.5600,1372213
2009-03-11 10:29:00,73.4800,73.5400,73.4200,73.5200,827398
2009-03-11 10:28:00,73.5000,73.5200,73.4300,73.4800,634779
2009-03-11 10:27:00,73.4099,73.5400,73.3700,73.5000,1197958
2009-03-11 10:26:00,73.3500,73.4200,73.3100,73.4100,1138675
2009-03-11 10:25:00,73.2200,73.4100,73.1975,73.3500,981559
2009-03-11 10:24:00,73.1800,73.2600,73.1400,73.2100,943610
2009-03-11 10:23:00,73.3300,73.3500,73.1700,73.1700,1208657
2009-03-11 10:22:00,73.3100,73.3700,73.3000,73.3294,836841
2009-03-11 10:21:00,73.1900,73.3400,73.1800,73.3200,1045140
2009-03-11 10:20:00,73.1800,73.2400,73.1600,73.1900,965867
2009-03-11 10:19:00,73.1900,73.2300,73.1200,73.1800,1340479
2009-03-11 10:18:00,73.1000,73.2100,73.0900,73.1900,1101133
2009-03-11 10:17:00,73.1300,73.1600,73.0600,73.0900,1524599
2009-03-11 10:16:00,73.2100,73.2600,73.1000,73.1300,1280725
2009-03-11 10:15:00,73.2000,73.2700,73.1906,73.2200,1640531
2009-03-11 10:14:00,73.1900,73.2800,73.1800,73.2000,911561
2009-03-11 10:13:00,73.2000,73.2700,73.1800,73.1900,1374546
2009-03-11 10:12:00,73.2000,73.2600,73.1700,73.2000,727240
2009-03-11 10:11:00,73.1800,73.2300,73.1350,73.1900,1439120
2009-03-11 10:10:00,73.2000,73.2800,73.1700,73.1800,670056
2009-03-11 10:09:00,73.2300,73.2700,73.1800,73.2050,1231267
2009-03-11 10:08:00,73.3300,73.4000,73.2200,73.2300,1593658
2009-03-11 10:07:00,73.3500,73.3900,73.3100,73.3300,852629
2009-03-11 10:06:00,73.4300,73.4500,73.3000,73.3499,1321206
2009-03-11 10:05:00,73.4000,73.5700,73.3500,73.4500,1446290
2009-03-11 10:04:00,73.4600,73.4700,73.3500,73.4000,1395604
2009-03-11 10:03:00,73.3900,73.6000,73.3300,73.4500,1260348
2009-03-11 10:02:00,73.4500,73.4600,73.3500,73.3900,623269
2009-03-11 10:01:00,73.5200,73.5300,73.4300,73.4400,907932
2009-03-11 10:00:00,73.5100,73.6400,73.4900,73.5200,1603909
2009-03-11 09:59:00,73.4700,73.5400,73.4000,73.5100,1624540
2009-03-11 09:58:00,73.5400,73.5900,73.4500,73.4700,785052
2009-03-11 09:57:00,73.4600,73.5400,73.4400,73.5300,1067169
2009-03-11 09:56:00,73.5600,73.5600,73.4300,73.4600,1134060
2009-03-11 09:55:00,73.6600,73.6900,73.5100,73.5700,1617283
2009-03-11 09:54:00,73.5200,73.7500,73.4900,73.6700,2107541
2009-03-11 09:53:00,73.3893,73.5500,73.3600,73.5300,1094007
2009-03-11 09:52:00,73.3900,73.4200,73.3100,73.3800,895034
2009-03-11 09:51:00,73.5800,73.6100,73.3700,73.3900,1926745
2009-03-11 09:50:00,73.3700,73.5800,73.3690,73.5701,1316623
2009-03-11 09:49:00,73.4200,73.4500,73.3200,73.3600,1649491
2009-03-11 09:48:00,73.4300,73.4700,73.3400,73.4200,1932180
2009-03-11 09:47:00,73.4100,73.5000,73.0400,73.4300,2080926
2009-03-11 09:46:00,73.1500,73.4500,73.0700,73.4000,2401356
2009-03-11 09:45:00,73.0400,73.2000,72.9900,73.1600,3057990
2009-03-11 09:44:00,72.7800,73.0500,72.7700,73.0500,2018872
2009-03-11 09:43:00,72.8100,72.8500,72.6900,72.7800,2187404
2009-03-11 09:42:00,72.8100,72.9000,72.7200,72.8200,1180576
2009-03-11 09:41:00,72.9700,72.9700,72.7700,72.8100,1183772
2009-03-11 09:40:00,72.8400,73.0000,72.8400,72.9601,2824799
2009-03-11 09:39:00,72.7900,72.9300,72.6900,72.9300,1818572
2009-03-11 09:38:00,72.5600,72.8100,72.5400,72.7800,1800706
2009-03-11 09:37:00,72.4300,72.5700,72.4200,72.5600,1225487
2009-03-11 09:36:00,72.3800,72.4900,72.3100,72.4300,2301627
2009-03-11 09:35:00,72.5100,72.5200,72.3700,72.3800,1755254
2009-03-11 09:34:00,72.6600,72.6800,72.4700,72.5100,1818805
2009-03-11 09:33:00,72.7500,72.7500,72.6200,72.6700,1156544
2009-03-11 09:32:00,72.8000,72.8306,72.7200,72.7500,1403824
2009-03-11 09:31:00,72.8900,72.9606,72.7900,72.8301,1179148
2009-03-11 09:30:00,73.0100,73.0300,72.8700,72.8800,1686062
2009-03-11 09:29:00,72.9900,73.0300,72.9700,73.0100,168313
2009-03-11 09:28:00,73.0200,73.0300,72.9900,73.0000,90322
2009-03-11 09:27:00,73.0200,73.0300,73.0000,73.0100,105195
2009-03-11 09:26:00,73.0100,73.0200,72.9900,73.0200,64576
2009-03-11 09:25:00,73.0100,73.0500,72.9900,73.0100,84148
2009-03-11 09:24:00,72.9600,73.0300,72.9500,73.0200,23569
2009-03-11 09:23:00,73.0200,73.0200,72.9500,72.9600,20348
2009-03-11 09:22:00,73.0600,73.0700,73.0100,73.0100,59385
2009-03-11 09:21:00,73.0200,73.0700,73.0100,73.0600,39587
2009-03-11 09:20:00,73.0400,73.0500,73.0000,73.0200,20078
2009-03-11 09:19:00,73.0500,73.0500,73.0200,73.0500,8201
2009-03-11 09:18:00,73.0200,73.0600,73.0200,73.0500,72800
2009-03-11 09:17:00,73.0400,73.0500,73.0300,73.0300,61200
2009-03-11 09:16:00,73.0400,73.0500,73.0200,73.0400,29335
2009-03-11 09:15:00,73.0100,73.0500,72.9900,73.0400,63214
2009-03-11 09:14:00,73.0100,73.0100,73.0000,73.0100,2377
2009-03-11 09:13:00,73.0200,73.0200,72.9800,72.9900,10782
2009-03-11 09:12:00,72.9700,73.0400,72.9700,73.0200,80400
2009-03-11 09:11:00,72.9800,73.0400,72.9800,73.0400,27860
2009-03-11 09:10:00,72.9800,72.9900,72.9700,72.9700,18954
2009-03-11 09:09:00,72.9900,73.0000,72.9600,72.9600,24702
2009-03-11 09:08:00,72.9900,73.0200,72.9700,72.9700,44710
2009-03-11 09:07:00,72.9900,73.0100,72.9900,73.0100,6950
2009-03-11 09:06:00,72.9700,73.0200,72.9700,72.9900,122761
2009-03-11 09:05:00,72.9800,72.9800,72.9500,72.9800,32642
2009-03-11 09:04:00,72.9700,73.0100,72.9600,73.0000,30623
2009-03-11 09:03:00,72.9800,73.0000,72.9700,72.9800,3200
2009-03-11 09:02:00,72.9900,73.0500,72.9900,73.0000,64097
2009-03-11 09:01:00,72.9700,73.0000,72.9400,73.0000,88149
2009-03-11 09:00:00,73.0200,73.0200,72.9500,72.9700,40017
2009-03-11 08:59:00,73.0800,73.1000,73.0200,73.0200,38258
2009-03-11 08:58:00,73.0800,73.1300,71.8000,73.0900,53861
2009-03-11 08:57:00,73.0900,73.1000,73.0400,73.0800,53550
2009-03-11 08:56:00,73.0200,73.0800,73.0000,73.0800,51000
2009-03-11 08:55:00,73.0500,73.0500,73.0300,73.0400,11100
2009-03-11 08:54:00,73.0300,73.0600,73.0200,73.0600,18100
2009-03-11 08:53:00,73.0500,73.0600,72.9900,73.0200,34572
2009-03-11 08:52:00,73.0600,73.1000,73.0300,73.0600,27418
2009-03-11 08:51:00,73.0800,73.0900,73.0600,73.0700,9879
2009-03-11 08:50:00,73.0600,73.0900,73.0500,73.0900,98381
2009-03-11 08:49:00,73.0200,73.0700,73.0200,73.0500,94990
2009-03-11 08:48:00,73.0000,73.0200,73.0000,73.0200,56200
2009-03-11 08:47:00,73.0200,73.0200,72.9900,73.0000,4404
2009-03-11 08:46:00,73.0800,73.0900,73.0100,73.0200,13127
2009-03-11 08:45:00,73.0400,73.0700,73.0200,73.0600,24238
2009-03-11 08:44:00,73.0300,73.0400,73.0100,73.0400,5770
2009-03-11 08:43:00,72.9700,73.0800,72.9500,73.0100,57449
2009-03-11 08:42:00,73.0000,73.0000,72.9600,72.9800,22425
2009-03-11 08:41:00,73.0200,73.0200,72.9700,73.0000,28000
2009-03-11 08:40:00,73.0200,73.0300,72.9500,73.0100,50231
2009-03-11 08:39:00,73.0900,73.0900,73.0200,73.0200,63723
2009-03-11 08:38:00,73.0500,73.1000,73.0400,73.0700,41427
2009-03-11 08:37:00,73.0600,73.1300,73.0400,73.0700,87961
2009-03-11 08:36:00,73.0600,73.1000,73.0500,73.0600,200829
2009-03-11 08:35:00,73.1300,73.1300,73.0700,73.0700,62308
2009-03-11 08:34:00,73.0500,73.1300,72.1600,73.1300,175516
2009-03-11 08:33:00,73.0900,73.1000,73.0400,73.0600,72311
2009-03-11 08:32:00,73.1500,73.1600,73.0900,73.0900,105597
2009-03-11 08:31:00,73.1500,73.1500,73.0800,73.1500,23208
2009-03-11 08:30:00,73.1800,73.2500,73.1400,73.1500,34450
2009-03-11 08:29:00,73.1500,73.2100,73.1500,73.1900,8012
2009-03-11 08:28:00,73.1700,73.1800,73.1400,73.1600,9997
2009-03-11 08:27:00,73.0900,73.1700,73.0900,73.1700,34612
2009-03-11 08:26:00,73.1800,73.1900,73.1000,73.1000,41713
2009-03-11 08:25:00,73.1700,73.2500,73.1700,73.1700,135546
2009-03-11 08:24:00,73.1200,73.2200,73.0500,73.1800,189378
2009-03-11 08:23:00,72.8000,73.1100,72.8000,73.1000,272687
2009-03-11 08:22:00,72.8400,72.8400,72.7800,72.7900,23004
2009-03-11 08:21:00,72.8700,72.8700,72.8400,72.8500,22982
2009-03-11 08:20:00,72.8700,72.8800,72.8600,72.8600,20100
2009-03-11 08:19:00,72.8100,72.8600,72.8100,72.8600,131000
2009-03-11 08:18:00,72.8300,72.8300,72.8100,72.8200,1300
2009-03-11 08:17:00,72.8300,72.8400,72.8300,72.8400,800
2009-03-11 08:16:00,72.8200,72.8200,72.8000,72.8000,9450
2009-03-11 08:15:00,72.8700,72.8700,72.8200,72.8300,4625
2009-03-11 08:14:00,72.8900,72.8900,72.8700,72.8700,7650
2009-03-11 08:13:00,72.8700,72.9000,72.8500,72.8900,115820
2009-03-11 08:12:00,72.8500,72.8700,72.8300,72.8400,120502
2009-03-11 08:11:00,72.8200,72.8600,72.7800,72.8500,68546
2009-03-11 08:10:00,72.9500,72.9500,72.7700,72.8300,86918
2009-03-11 08:09:00,72.7100,72.8000,72.7100,72.8000,26544
2009-03-11 08:08:00,72.7100,72.7100,72.6900,72.6900,13464
2009-03-11 08:07:00,72.7500,72.7600,72.6700,72.7000,43208
2009-03-11 08:06:00,72.7300,72.7700,72.7300,72.7500,10944
2009-03-11 08:05:00,72.8000,72.8100,72.7500,72.7500,22398
2009-03-11 08:04:00,72.8100,72.8100,72.7300,72.7800,15351
2009-03-11 08:03:00,72.8200,72.8300,72.7900,72.8000,46691
2009-03-11 08:02:00,72.8300,72.8500,72.8200,72.8200,12344
2009-03-11 08:01:00,72.8600,72.8700,72.8200,72.8300,15497
2009-03-11 08:00:00,72.8200,73.1600,72.8100,72.8600,34969
2009-03-11 07:59:00,72.8200,72.8300,72.8200,72.8300,131100
2009-03-11 07:58:00,72.8500,72.8500,72.8300,72.8500,5502
2009-03-11 07:57:00,72.8600,72.8600,72.7900,72.8500,30200
2009-03-11 07:56:00,72.9700,72.9700,72.8800,72.8800,8107
2009-03-11 07:55:00,72.9400,72.9500,72.9400,72.9500,6743
2009-03-11 07:54:00,73.0100,73.0100,72.9400,72.9400,32614
2009-03-11 07:53:00,73.0300,73.0300,72.9900,73.0100,4412
2009-03-11 07:52:00,73.0300,73.0500,73.0000,73.0300,2674
2009-03-11 07:51:00,73.0300,73.0600,73.0100,73.0300,2500
2009-03-11 07:50:00,73.0400,73.0700,73.0400,73.0700,14600
2009-03-11 07:49:00,73.0200,73.0400,73.0100,73.0100,3600
2009-03-11 07:48:00,73.0000,73.0200,73.0000,73.0100,2100
2009-03-11 07:47:00,72.9800,73.0000,72.9800,72.9800,5900
2009-03-11 07:46:00,73.0000,73.0200,72.9700,72.9700,10800
2009-03-11 07:45:00,73.0400,73.0500,73.0000,73.0000,21180
2009-03-11 07:44:00,72.9400,73.0000,72.9400,73.0000,14900
2009-03-11 07:43:00,72.9900,72.9900,72.9400,72.9400,9600
2009-03-11 07:42:00,72.9400,72.9500,72.9400,72.9500,3600
2009-03-11 07:41:00,72.9600,72.9700,72.9500,72.9500,1600
2009-03-11 07:40:00,73.0600,73.0600,72.9500,72.9500,13100
2009-03-11 07:39:00,73.1100,73.1100,73.0600,73.0600,15500
2009-03-11 07:38:00,73.1100,73.1100,73.1000,73.1000,3700
2009-03-11 07:37:00,73.0500,73.0900,73.0500,73.0900,11400
2009-03-11 07:36:00,73.0700,73.0700,73.0500,73.0700,26106
2009-03-11 07:35:00,73.1000,73.1000,73.0700,73.0800,6800
2009-03-11 07:34:00,73.0800,73.0800,73.0700,73.0700,8600
2009-03-11 07:33:00,73.1500,73.1500,73.0700,73.0700,15600
2009-03-11 07:32:00,73.1500,73.1700,73.1500,73.1700,14900
2009-03-11 07:31:00,73.1800,73.1800,73.1300,73.1500,25900
2009-03-11 07:30:00,73.1800,73.2000,73.1800,73.2000,800
2009-03-11 07:29:00,73.1100,73.1300,73.1000,73.1300,5700
2009-03-11 07:28:00,73.0900,73.1200,73.0800,73.1200,5802
2009-03-11 07:27:00,73.1300,73.1400,73.1000,73.1000,1800
2009-03-11 07:25:00,73.1900,73.1900,73.1600,73.1800,8000
2009-03-11 07:24:00,73.1800,73.1800,73.1800,73.1800,5000
2009-03-11 07:23:00,73.2100,73.2400,73.2000,73.2000,33500
2009-03-11 07:22:00,73.2800,73.3000,73.2400,73.2400,50800
2009-03-11 07:21:00,73.1300,73.2800,73.1300,73.2800,69200
2009-03-11 07:20:00,73.0900,73.1300,73.0800,73.1300,16788
2009-03-11 07:19:00,73.0500,73.0900,73.0500,73.0600,11500
2009-03-11 07:18:00,73.0300,73.0400,73.0100,73.0200,49930
2009-03-11 07:17:00,72.9400,72.9800,72.9400,72.9800,2100
2009-03-11 07:16:00,72.9100,72.9400,72.9000,72.9400,41000
2009-03-11 07:15:00,72.9200,72.9500,72.9200,72.9500,35000
2009-03-11 07:14:00,72.9500,72.9500,72.9200,72.9200,77900
2009-03-11 07:13:00,72.9200,72.9600,72.9200,72.9500,77200
2009-03-11 07:12:00,72.9500,72.9500,72.9200,72.9200,50100
2009-03-11 07:11:00,73.0000,73.0000,72.9300,72.9500,12950
2009-03-11 07:10:00,73.0200,73.0300,73.0200,73.0300,8300
2009-03-11 07:09:00,73.0500,73.0500,73.0400,73.0400,1500
2009-03-11 07:08:00,73.0600,73.0600,73.0300,73.0500,2928
2009-03-11 07:07:00,73.0400,73.0500,73.0300,73.0500,3700
2009-03-11 07:06:00,73.0000,73.0300,73.0000,73.0300,2800
2009-03-11 07:05:00,73.0400,73.0400,73.0000,73.0000,1600
2009-03-11 07:04:00,73.0300,73.0300,73.0200,73.0300,9200
2009-03-11 07:03:00,73.0000,73.0400,73.0000,73.0200,17200
2009-03-11 07:02:00,72.9500,72.9800,72.9500,72.9800,6200
2009-03-11 07:01:00,72.9500,72.9600,72.9100,72.9600,1800
2009-03-11 07:00:00,73.0200,73.0200,72.9500,72.9500,11700
2009-03-11 06:55:00,73.0100,73.0100,73.0000,73.0000,100000
2009-03-11 06:54:00,73.1000,73.1000,73.1000,73.1000,1000
2009-03-11 06:53:00,73.1000,73.1000,73.0400,73.1000,33800
2009-03-11 06:52:00,73.1000,73.1000,73.1000,73.1000,42500
2009-03-11 06:50:00,73.0500,73.0500,73.0500,73.0500,100
2009-03-11 06:49:00,73.0900,73.0900,73.0900,73.0900,500
2009-03-11 06:48:00,72.9800,72.9800,72.9800,72.9800,500
2009-03-11 06:47:00,72.9900,72.9900,72.9800,72.9800,5000
2009-03-11 06:46:00,73.0400,73.0600,73.0400,73.0600,5100
2009-03-11 06:45:00,73.0000,73.0100,73.0000,73.0000,2800
2009-03-11 06:44:00,73.0000,73.0000,73.0000,73.0000,5000
2009-03-11 06:43:00,73.0000,73.0600,73.0000,73.0600,4600
2009-03-11 06:41:00,73.1100,73.1100,73.0500,73.0500,756
2009-03-11 06:40:00,73.1000,73.1100,73.1000,73.1000,5300
2009-03-11 06:39:00,73.0500,73.0500,73.0500,73.0500,100
2009-03-11 06:38:00,73.0600,73.0600,73.0600,73.0600,10000
2009-03-11 06:37:00,73.0900,73.0900,73.0400,73.0400,14722
2009-03-11 06:36:00,73.1100,73.1600,73.1100,73.1600,200
2009-03-11 06:33:00,73.2800,73.2800,73.2800,73.2800,300
2009-03-11 06:31:00,73.2000,73.2000,73.2000,73.2000,7500
2009-03-11 06:30:00,73.2300,73.2300,73.2300,73.2300,100
2009-03-11 06:29:00,73.2800,73.2800,73.2500,73.2500,200
2009-03-11 06:27:00,73.3800,73.3800,73.3800,73.3800,5000
2009-03-11 06:26:00,73.4200,73.4200,73.4200,73.4200,100
2009-03-11 06:25:00,73.4000,73.4000,73.4000,73.4000,200
2009-03-11 06:24:00,73.3500,73.3900,73.3500,73.3900,3594
2009-03-11 06:23:00,73.4500,73.4500,73.4200,73.4200,400
2009-03-11 06:22:00,73.4500,73.5100,73.4500,73.5100,10288
2009-03-11 06:21:00,73.3300,73.3300,73.3300,73.3300,100
2009-03-11 06:20:00,73.2900,73.2900,73.2900,73.2900,500
2009-03-11 06:15:00,73.2500,73.2500,73.2500,73.2500,4822
2009-03-11 06:14:00,73.3000,73.3000,73.2800,73.2800,300
2009-03-11 06:13:00,73.3300,73.3900,73.3300,73.3900,1100
2009-03-11 06:12:00,73.3000,73.3300,73.3000,73.3300,1545
2009-03-11 06:11:00,73.4700,73.5100,73.3300,73.3300,9759
2009-03-11 06:10:00,73.3800,73.4700,73.3800,73.4700,8080
2009-03-11 06:09:00,73.3300,73.3300,73.3300,73.3300,8100
2009-03-11 06:08:00,73.3100,73.3100,73.2500,73.2500,6100
2009-03-11 06:07:00,72.9900,73.2400,72.9900,73.2400,10374
2009-03-11 06:06:00,72.9600,72.9600,72.9600,72.9600,244
2009-03-11 06:05:00,72.9100,72.9100,72.9100,72.9100,200
2009-03-11 06:04:00,72.9300,72.9800,72.9100,72.9100,6200
2009-03-11 06:02:00,72.8100,72.8100,72.8100,72.8100,1200
2009-03-11 05:58:00,72.9100,72.9100,72.9100,72.9100,2500
2009-03-11 05:57:00,72.8500,72.8900,72.8500,72.8900,373
2009-03-11 05:56:00,72.7600,72.7600,72.7600,72.7600,144
2009-03-11 05:51:00,72.5200,72.5200,72.5200,72.5200,100
2009-03-11 05:26:00,72.2600,72.2600,72.2600,72.2600,2000
2009-03-11 05:22:00,72.3900,72.3900,72.3400,72.3400,10000
2009-03-11 05:18:00,72.2900,72.2900,72.2900,72.2900,200
2009-03-11 04:45:00,72.0100,72.0100,72.0100,72.0100,460
2009-03-11 04:44:00,71.9700,72.0100,71.9700,72.0100,528
2009-03-11 04:41:00,71.9900,71.9900,71.9900,71.9900,500
2009-03-11 04:38:00,71.9300,71.9300,71.9300,71.9300,500
2009-03-11 04:33:00,71.9600,71.9600,71.9600,71.9600,200
2009-03-11 04:29:00,72.0500,72.0500,72.0500,72.0500,1141
2009-03-11 04:26:00,72.0800,72.0800,72.0800,72.0800,200
2009-03-11 04:16:00,72.2600,72.2600,72.2600,72.2600,2000
2009-03-11 04:06:00,72.0400,72.0400,72.0400,72.0400,450
2009-03-10 19:59:00,72.3200,72.3200,72.2700,72.3200,7102
2009-03-10 19:58:00,72.3000,72.3000,72.2800,72.2800,1189
2009-03-10 19:57:00,72.2700,72.2700,72.2700,72.2700,332
2009-03-10 19:56:00,72.2500,72.2700,72.2500,72.2700,3400
2009-03-10 19:55:00,72.2500,72.2600,72.2500,72.2600,2598
2009-03-10 19:54:00,72.2400,72.2500,72.2400,72.2500,4702
2009-03-10 19:53:00,72.2400,72.2500,72.2300,72.2300,3300
2009-03-10 19:52:00,72.2200,72.2400,72.2100,72.2400,3702
2009-03-10 19:51:00,72.2200,72.2300,72.2200,72.2200,3900
2009-03-10 19:50:00,72.2300,72.2500,72.2300,72.2400,3000
2009-03-10 19:49:00,72.2300,72.2500,72.1900,72.2300,19903
2009-03-10 19:48:00,72.2300,72.2400,72.2300,72.2300,5393
2009-03-10 19:47:00,72.2400,72.2600,72.2400,72.2400,3455
2009-03-10 19:46:00,72.2300,72.2500,72.2300,72.2500,11093
2009-03-10 19:45:00,72.2600,72.2700,72.2400,72.2400,13207
2009-03-10 19:44:00,72.2800,72.2800,72.2700,72.2700,2400
2009-03-10 19:43:00,72.2900,72.3000,72.2700,72.3000,19781
2009-03-10 19:42:00,72.2700,72.2700,72.2700,72.2700,1200
2009-03-10 19:41:00,72.2800,72.2800,72.2800,72.2800,200
2009-03-10 19:40:00,72.2600,72.2900,72.2600,72.2900,2069
2009-03-10 19:37:00,72.2900,72.2900,72.2900,72.2900,10000
2009-03-10 19:36:00,72.2700,72.2700,72.2500,72.2700,5202
2009-03-10 19:35:00,72.2600,72.2600,72.2500,72.2600,1586
2009-03-10 19:34:00,72.2800,72.2800,72.2700,72.2700,200
2009-03-10 19:31:00,72.2800,72.2800,72.2700,72.2700,900
2009-03-10 19:30:00,72.2900,72.2900,72.2900,72.2900,100
2009-03-10 19:29:00,72.2800,72.2800,72.2700,72.2700,1971
2009-03-10 19:28:00,72.2900,72.3100,72.2700,72.2900,10225
2009-03-10 19:27:00,72.3000,72.3000,72.2800,72.2800,14103
2009-03-10 19:26:00,72.3000,72.3200,72.3000,72.3000,1742
2009-03-10 19:25:00,72.2900,72.2900,72.2900,72.2900,900
2009-03-10 19:24:00,72.3100,72.3100,72.3000,72.3000,1099
2009-03-10 19:23:00,72.3100,72.3100,72.3100,72.3100,500
2009-03-10 19:22:00,72.3200,72.3200,72.3200,72.3200,1000
2009-03-10 19:21:00,72.3200,72.3200,72.3200,72.3200,3000
2009-03-10 19:20:00,72.3200,72.3300,72.3200,72.3300,500
2009-03-10 19:19:00,72.3200,72.3200,72.3200,72.3200,200
2009-03-10 19:17:00,72.3300,72.3300,72.3100,72.3100,5499
2009-03-10 19:15:00,72.3100,72.3300,72.3100,72.3300,7250
2009-03-10 19:14:00,72.3100,72.3100,72.3100,72.3100,150
2009-03-10 19:13:00,72.3200,72.3200,72.3200,72.3200,300
2009-03-10 19:12:00,72.3100,72.3200,72.3100,72.3200,1255
2009-03-10 19:11:00,72.3100,72.3100,72.3100,72.3100,576
2009-03-10 19:08:00,72.3400,72.3400,72.3000,72.3000,1176
2009-03-10 19:07:00,72.3100,72.3100,72.3100,72.3100,100
2009-03-10 19:06:00,72.3400,72.3400,72.3400,72.3400,600
2009-03-10 19:03:00,72.3000,72.3000,72.3000,72.3000,350
2009-03-10 19:00:00,72.3100,72.3400,72.3100,72.3400,500
2009-03-10 18:58:00,72.3100,72.3100,72.3100,72.3100,200
2009-03-10 18:57:00,72.3200,72.3500,72.3200,72.3500,23000
2009-03-10 18:56:00,72.3200,72.3200,72.3200,72.3200,200
2009-03-10 18:55:00,72.3200,72.3200,72.3200,72.3200,800
2009-03-10 18:54:00,72.3000,72.3100,72.3000,72.3100,700
2009-03-10 18:53:00,72.3200,72.3200,72.3200,72.3200,100
2009-03-10 18:52:00,72.3200,72.3200,72.3200,72.3200,100
2009-03-10 18:51:00,72.3200,72.3200,72.3200,72.3200,400
2009-03-10 18:50:00,72.3100,72.3100,72.3100,72.3100,583
2009-03-10 18:47:00,72.3000,72.3000,72.3000,72.3000,165
2009-03-10 18:46:00,72.3000,72.3100,72.3000,72.3100,400
2009-03-10 18:45:00,72.3000,72.3000,72.3000,72.3000,1000
2009-03-10 18:44:00,72.3100,72.3100,72.3100,72.3100,6340
2009-03-10 18:43:00,72.3100,72.3100,72.3100,72.3100,10000
2009-03-10 18:38:00,72.3000,72.3200,72.3000,72.3200,4943
2009-03-10 18:37:00,72.3000,72.3000,72.3000,72.3000,1902
2009-03-10 18:34:00,72.3000,72.3000,72.3000,72.3000,970
2009-03-10 18:33:00,72.2900,72.3000,72.2900,72.3000,6004
2009-03-10 18:32:00,72.2800,72.2800,72.2800,72.2800,500
2009-03-10 18:31:00,72.2800,72.2900,72.2800,72.2900,4367
2009-03-10 18:30:00,72.2500,72.2500,72.2400,72.2400,965
2009-03-10 18:27:00,72.2800,72.2800,72.2800,72.2800,100
2009-03-10 18:24:00,72.2800,72.2800,72.2800,72.2800,650
2009-03-10 18:23:00,72.2400,72.2400,72.2400,72.2400,1000
2009-03-10 18:22:00,72.2400,72.2400,72.2400,72.2400,3000
2009-03-10 18:21:00,72.2600,72.2600,72.2600,72.2600,500
2009-03-10 18:19:00,72.2600,72.2600,72.2600,72.2600,100
2009-03-10 18:18:00,72.2600,72.2600,72.2600,72.2600,337
2009-03-10 18:17:00,72.2600,72.2600,72.2600,72.2600,1252
2009-03-10 18:15:00,72.2600,72.2600,72.2600,72.2600,1100
2009-03-10 18:14:00,72.2500,72.2500,72.2500,72.2500,800
2009-03-10 18:13:00,72.2600,72.2600,72.2500,72.2500,400
2009-03-10 18:12:00,72.2600,72.2600,72.2600,72.2600,2077
2009-03-10 18:11:00,72.2600,72.2700,72.2600,72.2700,2740
2009-03-10 18:10:00,72.2700,72.2700,72.2600,72.2600,2730
2009-03-10 18:09:00,72.2600,72.2600,72.2600,72.2600,18123
2009-03-10 18:06:00,72.2600,72.2600,72.2600,72.2600,1600
2009-03-10 18:05:00,72.2500,72.2700,72.2500,72.2700,700
2009-03-10 18:04:00,72.2700,72.2700,72.2700,72.2700,100
2009-03-10 18:03:00,72.2300,72.2700,72.2300,72.2700,7760
2009-03-10 18:01:00,72.2200,72.2200,72.2000,72.2200,1755
2009-03-10 18:00:00,72.2500,72.2500,72.2000,72.2100,26162
2009-03-10 17:59:00,72.2800,72.3000,72.2700,72.2700,12495
2009-03-10 17:58:00,72.2900,72.3000,72.2800,72.3000,7045
2009-03-10 17:57:00,72.2900,72.2900,72.2800,72.2900,6000
2009-03-10 17:56:00,72.3000,72.3000,72.2900,72.3000,3200
2009-03-10 17:54:00,72.3100,72.3100,72.3100,72.3100,300
2009-03-10 17:53:00,72.3100,72.3100,72.3100,72.3100,450
2009-03-10 17:52:00,72.3200,72.3300,72.3100,72.3100,6400
2009-03-10 17:49:00,72.3000,72.3000,72.3000,72.3000,100
2009-03-10 17:47:00,72.2900,72.3200,72.2900,72.3200,5488
2009-03-10 17:45:00,72.2900,72.2900,72.2400,72.2500,24000
2009-03-10 17:44:00,72.3100,72.3200,72.2500,72.2500,27038
2009-03-10 17:43:00,72.3300,72.3300,72.3300,72.3300,444
2009-03-10 17:42:00,72.3300,72.3300,72.3300,72.3300,294
2009-03-10 17:41:00,72.3600,72.3600,72.3600,72.3600,301
2009-03-10 17:40:00,72.3400,72.3800,72.3200,72.3600,23368
2009-03-10 17:37:00,72.3300,72.3300,72.3300,72.3300,344
2009-03-10 17:36:00,72.3200,72.3600,72.3200,72.3200,7519
2009-03-10 17:34:00,72.2500,72.3500,72.2500,72.3000,5900
2009-03-10 17:32:00,72.2500,72.2500,72.2500,72.2500,100
2009-03-10 17:31:00,72.3000,72.3100,72.2400,72.2500,32962
2009-03-10 17:30:00,72.3000,72.3000,72.3000,72.3000,369
2009-03-10 17:29:00,72.2800,72.2900,72.2500,72.2900,49310
2009-03-10 17:28:00,72.2800,72.2900,72.2800,72.2900,1300
2009-03-10 17:27:00,72.2800,72.2900,72.2800,72.2800,1700
2009-03-10 17:26:00,72.2900,72.2900,72.2900,72.2900,1200
2009-03-10 17:25:00,72.2900,72.2900,72.2900,72.2900,700
2009-03-10 17:24:00,72.3000,72.3000,72.2600,72.2600,23633
2009-03-10 17:23:00,72.3300,72.3300,72.2900,72.3000,16267
2009-03-10 17:22:00,72.3300,72.3300,72.3000,72.3300,2051
2009-03-10 17:21:00,72.3200,72.3200,72.3200,72.3200,2728
2009-03-10 17:20:00,72.3000,72.3100,72.2900,72.3000,5876
2009-03-10 17:19:00,72.2700,72.3000,72.2700,72.3000,201
2009-03-10 17:17:00,72.2600,72.2700,72.2600,72.2700,2800
2009-03-10 17:16:00,72.3000,72.3000,72.2600,72.2600,1712
2009-03-10 17:15:00,72.3000,72.3000,72.3000,72.3000,1013
2009-03-10 17:13:00,72.2600,72.2600,72.2600,72.2600,8749
2009-03-10 17:12:00,72.2500,72.2600,72.2500,72.2600,18613
2009-03-10 17:11:00,72.2600,72.2600,72.2400,72.2400,387
2009-03-10 17:10:00,72.2600,72.2600,72.2600,72.2600,3938
2009-03-10 17:09:00,72.2900,72.3100,72.2900,72.3100,10000
2009-03-10 17:08:00,72.2700,72.2700,72.2700,72.2700,100
2009-03-10 17:07:00,72.3200,72.3400,72.3200,72.3300,42985
2009-03-10 17:06:00,72.3100,72.3200,72.3100,72.3200,1287
2009-03-10 17:05:00,72.3100,72.3100,72.3100,72.3100,200
2009-03-10 17:04:00,72.2300,72.3000,72.2200,72.3000,13000
2009-03-10 17:02:00,72.2100,72.2400,72.2000,72.2300,20603
2009-03-10 17:01:00,72.2200,72.2200,72.2100,72.2100,29300
2009-03-10 17:00:00,72.2300,72.2300,72.2300,72.2300,4200
2009-03-10 16:59:00,72.2300,72.2500,72.2300,72.2300,3200
2009-03-10 16:58:00,72.2400,72.2500,72.2300,72.2300,6628
2009-03-10 16:57:00,72.2500,72.6500,72.2400,72.2400,4049808
2009-03-10 16:56:00,72.3920,72.3920,72.2700,72.2700,1891040
2009-03-10 16:55:00,72.2500,72.2900,72.2300,72.2900,22100
2009-03-10 16:54:00,72.2800,72.2900,72.2500,72.2500,800
2009-03-10 16:53:00,72.2400,72.2800,72.2400,72.2800,1842
2009-03-10 16:52:00,72.2300,72.2700,72.1900,72.2700,9700
2009-03-10 16:51:00,72.2300,72.2500,72.2300,72.2500,2769
2009-03-10 16:50:00,72.2300,72.2400,72.2200,72.2400,2530
2009-03-10 16:49:00,72.2200,72.2300,72.2100,72.2300,8727
2009-03-10 16:48:00,72.2100,72.2200,72.2000,72.2100,1900
2009-03-10 16:46:00,72.1900,72.1900,72.1900,72.1900,2000
2009-03-10 16:45:00,72.1700,72.2000,72.1700,72.2000,10506
2009-03-10 16:44:00,72.1600,72.1700,72.1600,72.1700,600
2009-03-10 16:43:00,72.1800,72.1800,72.1700,72.1700,2473
2009-03-10 16:42:00,72.1800,72.2000,72.1800,72.2000,4375
2009-03-10 16:41:00,72.1800,72.1800,72.1800,72.1800,1502269
2009-03-10 16:40:00,72.1700,72.2000,72.1600,72.2000,5000
2009-03-10 16:39:00,72.1700,72.1700,72.1700,72.1700,800
2009-03-10 16:38:00,72.1800,72.1800,72.1400,72.1600,16697
2009-03-10 16:37:00,72.1800,72.2000,72.1600,72.1900,12050
2009-03-10 16:36:00,72.1600,72.1800,72.1600,72.1800,5400
2009-03-10 16:35:00,72.1600,72.1800,72.1300,72.1600,108800
2009-03-10 16:34:00,72.1500,72.1600,72.1300,72.1600,5833
2009-03-10 16:33:00,72.1200,72.1779,72.1200,72.1400,502400
2009-03-10 16:32:00,72.1400,72.1400,72.1200,72.1300,13369
2009-03-10 16:31:00,72.1500,72.1700,72.1500,72.1500,8850
2009-03-10 16:30:00,72.1800,72.1800,72.0200,72.1600,129792
2009-03-10 16:29:00,72.1800,72.1800,72.1700,72.1800,36000
2009-03-10 16:28:00,72.1700,72.1800,72.1600,72.1800,40630
2009-03-10 16:27:00,72.1300,72.1800,72.1200,72.1700,28772
2009-03-10 16:26:00,72.1300,72.1400,72.1100,72.1200,3103
2009-03-10 16:25:00,72.1000,72.1300,72.0900,72.1100,15073
2009-03-10 16:24:00,72.1000,72.1500,72.0700,72.0700,20700
2009-03-10 16:23:00,72.1200,72.1300,72.1000,72.1000,22238
2009-03-10 16:22:00,72.1000,72.1500,72.1000,72.1200,534633
2009-03-10 16:21:00,72.0500,72.0900,72.0500,72.0900,27499
2009-03-10 16:20:00,72.0500,72.0800,72.0400,72.0500,17131
2009-03-10 16:19:00,72.0400,72.0700,72.0100,72.0400,93970
2009-03-10 16:18:00,72.0100,72.0500,71.8458,72.0400,47183
2009-03-10 16:17:00,72.0000,72.1628,72.0000,72.0200,382026
2009-03-10 16:16:00,72.1000,72.1200,72.0000,72.0000,105926
2009-03-10 16:15:00,72.1200,72.1400,72.0400,72.0400,1270080
2009-03-10 16:14:00,72.2800,72.2800,72.0900,72.1200,472350
2009-03-10 16:13:00,72.3800,72.3900,72.2800,72.2800,215216
2009-03-10 16:12:00,72.3700,72.4100,72.3700,72.3700,154295
2009-03-10 16:11:00,72.3800,72.4100,72.3600,72.3600,126817
2009-03-10 16:10:00,72.4500,72.4600,72.3600,72.3700,222323
2009-03-10 16:09:00,72.4800,72.4900,72.4300,72.4500,168403
2009-03-10 16:08:00,72.4200,72.4900,72.4100,72.4700,208738
2009-03-10 16:07:00,72.4900,72.5100,72.4100,72.4100,445740
2009-03-10 16:06:00,72.5200,72.5300,72.4800,72.4800,350859
2009-03-10 16:05:00,72.5400,72.5500,72.5300,72.5300,838820
2009-03-10 16:04:00,72.6200,72.6200,72.5400,72.5500,505707
2009-03-10 16:03:00,72.4900,72.6700,72.4800,72.6100,1553350
2009-03-10 16:02:00,72.4700,72.6000,72.4600,72.5000,1317537
2009-03-10 16:01:00,72.3300,72.4700,72.3000,72.4700,1229218
2009-03-10 16:00:00,72.2300,72.3500,72.2300,72.3400,5976618
2009-03-10 15:59:00,72.1900,72.2500,72.1500,72.2300,4465250
2009-03-10 15:58:00,72.3000,72.3200,72.1900,72.1900,3084709
2009-03-10 15:57:00,72.2500,72.3700,72.1400,72.3000,2629682
2009-03-10 15:56:00,72.1600,72.2700,72.1500,72.2600,2062145
2009-03-10 15:55:00,72.1000,72.1600,72.0900,72.1600,803022
2009-03-10 15:54:00,72.1100,72.1800,71.9000,72.1100,1795738
2009-03-10 15:53:00,72.1000,72.1300,72.0600,72.1000,870385
2009-03-10 15:52:00,72.1000,72.1400,72.0600,72.1000,1718396
2009-03-10 15:51:00,72.0400,72.1000,72.0200,72.0900,1659085
2009-03-10 15:50:00,71.9100,72.0600,71.9100,72.0400,1392833
2009-03-10 15:49:00,71.8900,71.9800,71.8800,71.9100,1324501
2009-03-10 15:48:00,71.9080,71.9600,71.8600,71.8986,1261477
2009-03-10 15:47:00,71.8800,71.9178,71.8500,71.9000,703125
2009-03-10 15:46:00,71.9800,71.9800,71.7800,71.8900,1856607
2009-03-10 15:45:00,71.9901,72.0400,71.9600,71.9750,931001
2009-03-10 15:44:00,71.8300,72.0300,71.7900,71.9900,1746190
2009-03-10 15:43:00,72.0100,72.0400,71.8000,71.8300,2470390
2009-03-10 15:42:00,72.1500,72.1500,71.9700,72.0099,1470303
2009-03-10 15:41:00,72.1100,72.1800,72.0800,72.1500,612414
2009-03-10 15:40:00,72.0525,72.1900,72.0400,72.1100,1601011
2009-03-10 15:39:00,72.0601,72.0900,72.0300,72.0500,1275163
2009-03-10 15:38:00,72.0200,72.0800,71.9800,72.0600,874558
2009-03-10 15:37:00,71.8600,72.0600,71.8600,72.0300,1281898
2009-03-10 15:36:00,71.9300,71.9400,71.8200,71.8590,887634
2009-03-10 15:35:00,71.9800,72.0400,71.8900,71.9300,1111481
2009-03-10 15:34:00,71.9399,72.0100,71.9300,71.9800,1045872
2009-03-10 15:33:00,71.8900,72.0000,71.8600,71.9300,888209
2009-03-10 15:32:00,72.0209,72.0500,71.8500,71.8800,1445467
2009-03-10 15:31:00,72.1100,72.1600,72.0200,72.0200,710192
2009-03-10 15:30:00,72.1000,72.1500,72.0900,72.1100,898076
2009-03-10 15:29:00,72.1400,72.2300,72.0400,72.1100,1614097
2009-03-10 15:28:00,72.0500,72.1800,72.0500,72.1400,2268300
2009-03-10 15:27:00,71.9500,72.1100,71.9400,72.0594,2613919
2009-03-10 15:26:00,71.8900,71.9500,71.8100,71.9500,709498
2009-03-10 15:25:00,71.7700,71.8900,71.7200,71.8900,1272504
2009-03-10 15:24:00,71.8600,71.8650,71.7400,71.7700,698440
2009-03-10 15:23:00,71.8200,71.8700,71.7900,71.8600,697886
2009-03-10 15:22:00,71.9000,71.9500,71.8000,71.8200,1016271
2009-03-10 15:21:00,71.6800,71.9000,71.6600,71.8900,800907
2009-03-10 15:20:00,71.7275,71.7600,71.6600,71.6700,565695
2009-03-10 15:19:00,71.6000,71.7600,71.6000,71.7600,1254862
2009-03-10 15:18:00,71.7100,71.7500,71.5500,71.6000,833496
2009-03-10 15:17:00,71.7700,71.7700,71.7100,71.7100,449135
2009-03-10 15:16:00,71.7500,71.8300,71.7200,71.7700,1029982
2009-03-10 15:15:00,71.8000,71.8000,71.7000,71.7600,728336
2009-03-10 15:14:00,71.7980,71.8850,71.7800,71.8000,675435
2009-03-10 15:13:00,71.8900,71.9000,71.7900,71.7900,842130
2009-03-10 15:12:00,71.8225,71.9200,71.8101,71.8800,930545
2009-03-10 15:11:00,71.8800,71.9100,71.7900,71.8206,1005743
2009-03-10 15:10:00,71.8800,71.9500,71.8700,71.8700,820980
2009-03-10 15:09:00,71.8000,71.8900,71.7800,71.8800,1085827
2009-03-10 15:08:00,71.8600,71.9500,71.7900,71.8100,1016620
2009-03-10 15:07:00,71.9900,72.0000,71.8400,71.8600,694965
2009-03-10 15:06:00,71.8900,72.0000,71.8900,71.9900,872333
2009-03-10 15:05:00,71.7306,71.9800,71.7306,71.8900,1173918
2009-03-10 15:04:00,71.8300,71.8500,71.7100,71.7400,945942
2009-03-10 15:03:00,71.8300,71.8600,71.7500,71.8300,782241
2009-03-10 15:02:00,71.8200,71.8800,71.8100,71.8300,651765
2009-03-10 15:01:00,71.7400,71.9000,71.7300,71.8300,1458779
2009-03-10 15:00:00,71.8300,71.8600,71.7100,71.7400,1025118
2009-03-10 14:59:00,71.6900,71.8400,71.6700,71.8300,849963
2009-03-10 14:58:00,71.6900,71.7700,71.6500,71.6800,890650
2009-03-10 14:57:00,71.5800,71.7100,71.5775,71.6900,1144408
2009-03-10 14:56:00,71.5900,71.6000,71.4500,71.5900,944906
2009-03-10 14:55:00,71.4201,71.5900,71.4200,71.5800,928915
2009-03-10 14:54:00,71.4300,71.4600,71.4000,71.4200,485058
2009-03-10 14:53:00,71.4200,71.4400,71.3704,71.4300,362257
2009-03-10 14:52:00,71.4200,71.4400,71.3500,71.4200,838782
2009-03-10 14:51:00,71.3601,71.4300,71.3500,71.4200,425191
2009-03-10 14:50:00,71.2700,71.3800,71.2500,71.3600,1152679
2009-03-10 14:49:00,71.3100,71.3200,71.2300,71.2600,1663019
2009-03-10 14:48:00,71.3100,71.3100,71.2800,71.3100,2056922
2009-03-10 14:47:00,71.6400,71.6600,71.3000,71.3100,1875679
2009-03-10 14:46:00,71.7300,71.7400,71.6000,71.6400,415291
2009-03-10 14:45:00,71.7100,71.7500,71.6800,71.7400,552695
2009-03-10 14:44:00,71.6400,71.7200,71.6100,71.7100,429985
2009-03-10 14:43:00,71.6300,71.6500,71.6100,71.6301,270486
2009-03-10 14:42:00,71.6400,71.6500,71.6000,71.6275,375608
2009-03-10 14:41:00,71.5900,71.6600,71.5600,71.6300,733654
2009-03-10 14:40:00,71.6100,71.6500,71.5900,71.5900,246470
2009-03-10 14:39:00,71.6410,71.6625,71.5600,71.6000,814784
2009-03-10 14:38:00,71.6800,71.7100,71.5500,71.6400,993280
2009-03-10 14:37:00,71.7200,71.7500,71.6400,71.6900,566044
2009-03-10 14:36:00,71.9100,71.9100,71.7200,71.7200,613675
2009-03-10 14:35:00,71.8090,71.9100,71.7700,71.8800,783890
2009-03-10 14:34:00,71.7700,71.9100,71.7700,71.8100,1011332
2009-03-10 14:33:00,71.6800,71.7900,71.6200,71.7701,676647
2009-03-10 14:32:00,71.5800,71.7100,71.5700,71.6800,852931
2009-03-10 14:31:00,71.6600,71.6900,71.5700,71.5900,645481
2009-03-10 14:30:00,71.6200,71.7100,71.6100,71.6600,536509
2009-03-10 14:29:00,71.6600,71.6800,71.5900,71.6200,509876
2009-03-10 14:28:00,71.5999,71.7200,71.5700,71.6700,675722
2009-03-10 14:27:00,71.7300,71.7400,71.5900,71.5900,749472
2009-03-10 14:26:00,71.5883,71.7400,71.5600,71.7300,1860067
2009-03-10 14:25:00,71.5200,71.5900,71.4700,71.5800,792026
2009-03-10 14:24:00,71.4500,71.5400,71.4400,71.5200,615026
2009-03-10 14:23:00,71.4500,71.4999,71.4100,71.4599,504613
2009-03-10 14:22:00,71.4800,71.5300,71.4400,71.4400,326266
2009-03-10 14:21:00,71.5600,71.5600,71.4500,71.4800,484632
2009-03-10 14:20:00,71.5200,71.6000,71.5100,71.5600,452667
2009-03-10 14:19:00,71.5600,71.5700,71.4900,71.5200,665865
2009-03-10 14:18:00,71.4100,71.5700,71.4000,71.5600,674881
2009-03-10 14:17:00,71.4600,71.4600,71.4000,71.4100,666066
2009-03-10 14:16:00,71.4000,71.5000,71.3700,71.4600,1737333
2009-03-10 14:15:00,71.5200,71.5300,71.3500,71.4000,1315937
2009-03-10 14:14:00,71.5400,71.5800,71.4600,71.5200,1990193
2009-03-10 14:13:00,71.6700,71.6900,71.5100,71.5509,1357556
2009-03-10 14:12:00,71.6699,71.6900,71.6400,71.6700,558731
2009-03-10 14:11:00,71.6500,71.7000,71.6300,71.6600,443155
2009-03-10 14:10:00,71.6300,71.7300,71.6300,71.6500,1279159
2009-03-10 14:09:00,71.6400,71.6600,71.5500,71.6300,1195915
2009-03-10 14:08:00,71.7200,71.8000,71.6200,71.6325,1455779
2009-03-10 14:07:00,71.8100,71.8300,71.7100,71.7200,1073205
2009-03-10 14:06:00,71.7400,71.8300,71.7200,71.8100,444110
2009-03-10 14:05:00,71.6900,71.8300,71.6800,71.7500,1437200
2009-03-10 14:04:00,71.6600,71.6900,71.6500,71.6800,392863
2009-03-10 14:03:00,71.6300,71.6900,71.6200,71.6500,432848
2009-03-10 14:02:00,71.6300,71.6300,71.5800,71.6300,431178
2009-03-10 14:01:00,71.6694,71.6700,71.5900,71.6300,753391
2009-03-10 14:00:00,71.6599,71.7000,71.6500,71.6700,538667
2009-03-10 13:59:00,71.5900,71.6800,71.5800,71.6600,614627
2009-03-10 13:58:00,71.5601,71.6500,71.5601,71.6000,1208342
2009-03-10 13:57:00,71.6500,71.6700,71.5600,71.5700,817871
2009-03-10 13:56:00,71.6300,71.6900,71.6300,71.6600,532277
2009-03-10 13:55:00,71.7100,71.7200,71.6300,71.6300,956647
2009-03-10 13:54:00,71.7600,71.8000,71.7000,71.7100,1073372
2009-03-10 13:53:00,71.9100,71.9300,71.7300,71.7700,1072403
2009-03-10 13:52:00,71.9100,71.9300,71.8800,71.9200,555360
2009-03-10 13:51:00,71.9700,71.9800,71.9000,71.9100,266504
2009-03-10 13:50:00,71.9700,72.0000,71.9400,71.9700,395730
2009-03-10 13:49:00,71.9800,71.9900,71.9200,71.9600,468099
2009-03-10 13:48:00,71.9300,71.9850,71.8800,71.9800,577815
2009-03-10 13:47:00,71.9300,71.9700,71.9000,71.9300,473959
2009-03-10 13:46:00,71.9700,72.0000,71.9300,71.9300,484742
2009-03-10 13:45:00,72.0625,72.0700,71.9600,71.9700,897875
2009-03-10 13:44:00,72.0600,72.1000,72.0500,72.0500,1051158
2009-03-10 13:43:00,72.0400,72.1400,72.0100,72.0600,1435954
2009-03-10 13:42:00,71.9100,72.0700,71.9100,72.0400,1687742
2009-03-10 13:41:00,71.8400,71.9200,71.8300,71.9194,998711
2009-03-10 13:40:00,71.7600,71.8500,71.7400,71.8400,330864
2009-03-10 13:39:00,71.7600,71.8200,71.7400,71.7700,601115
2009-03-10 13:38:00,71.8500,71.9000,71.7200,71.7600,1073314
2009-03-10 13:37:00,71.7900,71.8700,71.7400,71.8500,571625
2009-03-10 13:36:00,71.8200,71.8300,71.7800,71.7900,324280
2009-03-10 13:35:00,71.8900,71.9000,71.8000,71.8100,311606
2009-03-10 13:34:00,71.8400,71.9300,71.8000,71.8900,978936
2009-03-10 13:33:00,71.7200,71.9000,71.7200,71.8300,1480731
2009-03-10 13:32:00,71.6400,71.7300,71.6400,71.7200,565270
2009-03-10 13:31:00,71.5994,71.6500,71.5900,71.6400,223680
2009-03-10 13:30:00,71.5900,71.6300,71.5500,71.6000,348836
2009-03-10 13:29:00,71.5700,71.6300,71.5694,71.5900,319930
2009-03-10 13:28:00,71.5600,71.5800,71.5300,71.5700,165014
2009-03-10 13:27:00,71.5200,71.5700,71.5000,71.5700,799013
2009-03-10 13:26:00,71.5900,71.6000,71.5000,71.5100,456917
2009-03-10 13:25:00,71.6000,71.6300,71.5500,71.6025,683007
2009-03-10 13:24:00,71.6800,71.6825,71.6000,71.6250,654657
2009-03-10 13:23:00,71.7400,71.7500,71.6550,71.6806,500711
2009-03-10 13:22:00,71.6900,71.7700,71.6800,71.7401,385838
2009-03-10 13:21:00,71.7400,71.7500,71.6200,71.7000,708131
2009-03-10 13:20:00,71.6990,71.7500,71.6600,71.7490,428802
2009-03-10 13:19:00,71.7300,71.7300,71.6600,71.6900,369002
2009-03-10 13:18:00,71.7100,71.7600,71.7000,71.7300,231969
2009-03-10 13:17:00,71.7800,71.7900,71.7200,71.7301,399934
2009-03-10 13:16:00,71.7900,71.8000,71.7300,71.7900,1056503
2009-03-10 13:15:00,71.7000,71.8000,71.6900,71.8000,669614
2009-03-10 13:14:00,71.7000,71.7600,71.6600,71.7000,770040
2009-03-10 13:13:00,71.5900,71.7200,71.5800,71.7000,1013504
2009-03-10 13:12:00,71.5806,71.6000,71.5800,71.5900,89600
2009-03-10 13:11:00,71.5800,71.6100,71.5500,71.5800,787406
2009-03-10 13:10:00,71.5900,71.6100,71.5500,71.5900,612333
2009-03-10 13:09:00,71.6000,71.6200,71.5820,71.6025,324026
2009-03-10 13:08:00,71.5700,71.6200,71.5699,71.6000,402796
2009-03-10 13:07:00,71.5300,71.6200,71.5000,71.5700,561638
2009-03-10 13:06:00,71.5400,71.5800,71.5100,71.5300,847776
2009-03-10 13:05:00,71.5400,71.5700,71.5300,71.5400,691342
2009-03-10 13:04:00,71.6000,71.6125,71.5300,71.5400,431375
2009-03-10 13:03:00,71.6200,71.6300,71.5800,71.6100,175777
2009-03-10 13:02:00,71.6500,71.6500,71.6100,71.6300,295518
2009-03-10 13:01:00,71.5900,71.6500,71.5900,71.6499,236747
2009-03-10 13:00:00,71.5900,71.6500,71.5700,71.5900,335187
2009-03-10 12:59:00,71.6400,71.6500,71.5900,71.5900,241453
2009-03-10 12:58:00,71.6000,71.6500,71.5900,71.6400,231059
2009-03-10 12:57:00,71.6500,71.6800,71.5700,71.6000,1009089
2009-03-10 12:56:00,71.6300,71.6900,71.6300,71.6501,461030
2009-03-10 12:55:00,71.6300,71.6500,71.6000,71.6210,669010
2009-03-10 12:54:00,71.6500,71.7000,71.6300,71.6300,565341
2009-03-10 12:53:00,71.6800,71.7000,71.6300,71.6400,533215
2009-03-10 12:52:00,71.7700,71.8000,71.6500,71.7000,744474
2009-03-10 12:51:00,71.8100,71.8500,71.7700,71.7800,518581
2009-03-10 12:50:00,71.7600,71.8200,71.7600,71.8200,210838
2009-03-10 12:49:00,71.8000,71.8000,71.7400,71.7700,352109
2009-03-10 12:48:00,71.7800,71.8400,71.7400,71.8000,645645
2009-03-10 12:47:00,71.8101,71.8200,71.7600,71.7800,352135
2009-03-10 12:46:00,71.8100,71.8300,71.8000,71.8100,153497
2009-03-10 12:45:00,71.8100,71.8800,71.8000,71.8195,540125
2009-03-10 12:44:00,71.7999,71.8300,71.7800,71.8100,316312
2009-03-10 12:43:00,71.7699,71.8100,71.7400,71.8000,473684
2009-03-10 12:42:00,71.8100,71.8200,71.7500,71.7600,451366
2009-03-10 12:41:00,71.8600,71.8700,71.8100,71.8100,236234
2009-03-10 12:40:00,71.8100,71.8700,71.7800,71.8600,694256
2009-03-10 12:39:00,71.8500,71.8900,71.7950,71.8199,403845
2009-03-10 12:38:00,71.8500,71.8800,71.8100,71.8400,281787
2009-03-10 12:37:00,71.8700,71.8700,71.8100,71.8410,451514
2009-03-10 12:36:00,71.8900,71.9000,71.8500,71.8700,244428
2009-03-10 12:35:00,71.9200,71.9300,71.8500,71.9000,523517
2009-03-10 12:34:00,71.9500,71.9600,71.9000,71.9300,555801
2009-03-10 12:33:00,71.9100,71.9600,71.8400,71.9499,987030
2009-03-10 12:32:00,71.9200,71.9300,71.8800,71.9100,337052
2009-03-10 12:31:00,71.8700,71.9200,71.8600,71.9100,312848
2009-03-10 12:30:00,71.8900,71.9500,71.8600,71.8700,615256
2009-03-10 12:29:00,71.8700,71.9000,71.8400,71.8900,436864
2009-03-10 12:28:00,71.8400,71.8900,71.8394,71.8700,451600
2009-03-10 12:27:00,71.8700,71.9000,71.8000,71.8500,575165
2009-03-10 12:26:00,71.7400,71.8800,71.7300,71.8800,891542
2009-03-10 12:25:00,71.7100,71.7500,71.7000,71.7500,536223
2009-03-10 12:24:00,71.7400,71.7600,71.7000,71.7100,369746
2009-03-10 12:23:00,71.7000,71.7525,71.6895,71.7400,396566
2009-03-10 12:22:00,71.7000,71.7200,71.6900,71.7000,1788577
2009-03-10 12:21:00,71.7100,71.7400,71.6700,71.7000,508035
2009-03-10 12:20:00,71.7700,71.7800,71.7000,71.7000,548979
2009-03-10 12:19:00,71.7401,71.8000,71.7200,71.7700,1417564
2009-03-10 12:18:00,71.7700,71.8000,71.7090,71.7500,340729
2009-03-10 12:17:00,71.7700,71.8200,71.7300,71.7794,489283
2009-03-10 12:16:00,71.7700,71.8000,71.6800,71.7800,1074728
2009-03-10 12:15:00,71.7800,71.8225,71.7300,71.7700,487939
2009-03-10 12:14:00,71.7900,71.8800,71.7500,71.7899,779433
2009-03-10 12:13:00,71.8100,71.8300,71.7700,71.7890,466464
2009-03-10 12:12:00,71.8200,71.8300,71.7700,71.8200,586331
2009-03-10 12:11:00,71.8300,71.8400,71.7700,71.8200,770555
2009-03-10 12:10:00,71.8200,71.9000,71.7800,71.8400,1028527
2009-03-10 12:09:00,71.8500,71.8700,71.8000,71.8100,638134
2009-03-10 12:08:00,71.9000,71.9700,71.8500,71.8500,642528
2009-03-10 12:07:00,71.9800,72.0125,71.8700,71.9000,1538514
2009-03-10 12:06:00,71.9600,72.0300,71.9300,71.9801,912585
2009-03-10 12:05:00,71.9700,72.0400,71.9500,71.9550,1746733
2009-03-10 12:04:00,71.8300,72.0800,71.8300,71.9800,2705631
2009-03-10 12:03:00,71.7700,71.9000,71.7700,71.8400,1750516
2009-03-10 12:02:00,71.7700,71.7900,71.7300,71.7610,972391
2009-03-10 12:01:00,71.7599,71.8300,71.7300,71.7700,1166305
2009-03-10 12:00:00,71.8300,71.8400,71.7500,71.7500,1245963
2009-03-10 11:59:00,71.5900,71.8400,71.5600,71.8200,3583546
2009-03-10 11:58:00,71.5300,71.6800,71.4500,71.5900,2593035
2009-03-10 11:57:00,71.4700,71.5400,71.4300,71.5300,899259
2009-03-10 11:56:00,71.3900,71.5000,71.3600,71.4800,2303260
2009-03-10 11:55:00,71.2900,71.4000,71.2700,71.3900,855651
2009-03-10 11:54:00,71.2901,71.3500,71.2700,71.2900,381394
2009-03-10 11:53:00,71.3600,71.3700,71.2600,71.3000,533181
2009-03-10 11:52:00,71.2600,71.3800,71.2600,71.3600,845766
2009-03-10 11:51:00,71.2000,71.2800,71.1900,71.2700,412949
2009-03-10 11:50:00,71.1600,71.2900,71.1600,71.2000,705474
2009-03-10 11:49:00,71.1700,71.1800,71.1100,71.1600,280276
2009-03-10 11:48:00,71.1500,71.1900,71.1300,71.1700,584681
2009-03-10 11:47:00,71.1700,71.1800,71.1300,71.1400,397491
2009-03-10 11:46:00,71.1700,71.2600,71.1501,71.1700,768741
2009-03-10 11:45:00,71.1500,71.2000,71.1400,71.1800,321310
2009-03-10 11:44:00,71.1700,71.1900,71.1400,71.1500,357118
2009-03-10 11:43:00,71.1900,71.1950,71.1300,71.1700,388754
2009-03-10 11:42:00,71.1400,71.2300,71.1300,71.1922,543492
2009-03-10 11:41:00,71.1900,71.2000,71.1400,71.1400,409340
2009-03-10 11:40:00,71.2100,71.2500,71.1700,71.1900,558340
2009-03-10 11:39:00,71.2800,71.2900,71.1600,71.2100,931356
2009-03-10 11:38:00,71.2700,71.3000,71.2500,71.2794,478695
2009-03-10 11:37:00,71.3300,71.3500,71.2500,71.2725,608655
2009-03-10 11:36:00,71.2500,71.3400,71.2400,71.3300,733754
2009-03-10 11:35:00,71.3200,71.3200,71.2400,71.2500,598285
2009-03-10 11:34:00,71.3225,71.3800,71.3000,71.3200,561698
2009-03-10 11:33:00,71.3800,71.3800,71.3000,71.3100,506978
2009-03-10 11:32:00,71.3200,71.4100,71.3200,71.3700,792119
2009-03-10 11:31:00,71.3100,71.3500,71.3000,71.3325,623508
2009-03-10 11:30:00,71.3200,71.3600,71.3000,71.3000,636763
2009-03-10 11:29:00,71.3300,71.3900,71.3100,71.3300,1840062
2009-03-10 11:28:00,71.1500,71.3500,71.1200,71.3300,1330586
2009-03-10 11:27:00,71.1200,71.1700,71.1100,71.1599,248826
2009-03-10 11:26:00,71.1500,71.1700,71.1000,71.1200,448067
2009-03-10 11:25:00,71.0700,71.1700,71.0600,71.1600,515555
2009-03-10 11:24:00,71.1600,71.1800,71.0200,71.0700,539068
2009-03-10 11:23:00,71.0500,71.1800,71.0300,71.1600,707807
2009-03-10 11:22:00,71.0700,71.0800,71.0100,71.0500,199414
2009-03-10 11:21:00,71.0800,71.1300,71.0700,71.0700,792424
2009-03-10 11:20:00,71.0400,71.1000,71.0300,71.0800,456657
2009-03-10 11:19:00,71.0800,71.1200,71.0100,71.0400,1080863
2009-03-10 11:18:00,70.9600,71.0800,70.9200,71.0800,412011
2009-03-10 11:17:00,70.9600,71.0000,70.9500,70.9600,230260
2009-03-10 11:16:00,71.0000,71.0000,70.9300,70.9600,499603
2009-03-10 11:15:00,70.9700,71.0000,70.9400,71.0000,500266
2009-03-10 11:14:00,70.9600,70.9800,70.9100,70.9612,518962
2009-03-10 11:13:00,70.8800,70.9600,70.8700,70.9550,495918
2009-03-10 11:12:00,70.8600,70.9100,70.8200,70.8733,666420
2009-03-10 11:11:00,70.8400,70.8600,70.8200,70.8525,540477
2009-03-10 11:10:00,70.8900,70.8900,70.8100,70.8400,796471
2009-03-10 11:09:00,70.8899,70.9200,70.8600,70.8800,836022
2009-03-10 11:08:00,70.9400,70.9500,70.8700,70.8800,355255
2009-03-10 11:07:00,70.9000,70.9800,70.8900,70.9725,384219
2009-03-10 11:06:00,70.8900,70.9300,70.8800,70.9000,539858
2009-03-10 11:05:00,70.8900,70.9300,70.8700,70.8900,762728
2009-03-10 11:04:00,70.9900,70.9900,70.8800,70.8900,673269
2009-03-10 11:03:00,71.0000,71.0800,70.9800,70.9801,517184
2009-03-10 11:02:00,70.9900,71.0200,70.9400,71.0000,249460
2009-03-10 11:01:00,71.0000,71.0300,70.9300,70.9900,542166
2009-03-10 11:00:00,71.0500,71.0500,70.9600,71.0325,642745
2009-03-10 10:59:00,71.0200,71.0600,71.0000,71.0500,607589
2009-03-10 10:58:00,71.1200,71.1400,70.9600,71.0106,1171432
2009-03-10 10:57:00,71.1100,71.1200,71.0600,71.1100,524956
2009-03-10 10:56:00,71.1600,71.1900,71.1000,71.1200,962188
2009-03-10 10:55:00,71.2200,71.2300,71.1500,71.1600,845604
2009-03-10 10:54:00,71.2980,71.3100,71.1900,71.2194,776022
2009-03-10 10:53:00,71.2100,71.3000,71.2000,71.3000,1067443
2009-03-10 10:52:00,71.2200,71.2400,71.1700,71.2100,669333
2009-03-10 10:51:00,71.2100,71.2400,71.1100,71.2201,733334
2009-03-10 10:50:00,71.1494,71.2200,71.1300,71.2000,602554
2009-03-10 10:49:00,71.1700,71.2800,71.1400,71.1500,1496269
2009-03-10 10:48:00,71.0795,71.2000,71.0500,71.1700,623361
2009-03-10 10:47:00,71.0800,71.1400,71.0700,71.0700,652683
2009-03-10 10:46:00,71.0400,71.1400,71.0290,71.0801,1743824
2009-03-10 10:45:00,70.9006,71.0400,70.9006,71.0400,1101548
2009-03-10 10:44:00,70.8900,70.9500,70.8600,70.9100,581575
2009-03-10 10:43:00,70.9200,70.9500,70.8600,70.8900,775031
2009-03-10 10:42:00,71.0000,71.0000,70.8900,70.9100,1081211
2009-03-10 10:41:00,71.0000,71.0100,70.9600,71.0000,858243
2009-03-10 10:40:00,70.9200,71.0100,70.9000,71.0000,602058
2009-03-10 10:39:00,70.8501,70.9500,70.8400,70.9200,972122
2009-03-10 10:38:00,70.8200,70.8600,70.7900,70.8400,647227
2009-03-10 10:37:00,70.8300,70.8700,70.8100,70.8200,674649
2009-03-10 10:36:00,70.8900,70.9100,70.7800,70.8300,1157311
2009-03-10 10:35:00,70.9200,70.9350,70.8200,70.8900,1017534
2009-03-10 10:34:00,70.9800,70.9900,70.9100,70.9200,738072
2009-03-10 10:33:00,70.9800,71.0000,70.9300,70.9800,618494
2009-03-10 10:32:00,70.9700,71.0200,70.9500,70.9900,540173
2009-03-10 10:31:00,70.9700,71.0000,70.9400,70.9600,612693
2009-03-10 10:30:00,70.9100,71.0400,70.9100,70.9700,1043846
2009-03-10 10:29:00,70.8900,70.9500,70.8600,70.9200,1293714
2009-03-10 10:28:00,71.0500,71.0500,70.8800,70.8900,841253
2009-03-10 10:27:00,71.0100,71.0500,71.0000,71.0500,869094
2009-03-10 10:26:00,70.9400,71.0200,70.9300,71.0000,762495
2009-03-10 10:25:00,71.0200,71.0300,70.9300,70.9400,1163702
2009-03-10 10:24:00,71.0290,71.0400,70.9800,71.0205,967283
2009-03-10 10:23:00,71.0600,71.0900,71.0000,71.0200,900662
2009-03-10 10:22:00,71.0400,71.1000,71.0200,71.0525,1445066
2009-03-10 10:21:00,71.0800,71.1300,71.0300,71.0300,1328361
2009-03-10 10:20:00,71.1100,71.1500,71.0600,71.0700,1198958
2009-03-10 10:19:00,71.2000,71.2100,71.0800,71.1000,1850769
2009-03-10 10:18:00,71.2300,71.2800,71.1900,71.2000,918590
2009-03-10 10:17:00,71.1600,71.2400,71.1500,71.2399,1169927
2009-03-10 10:16:00,71.2300,71.2600,71.1300,71.1700,1809082
2009-03-10 10:15:00,71.0400,71.3000,71.0400,71.2300,3038292
2009-03-10 10:14:00,70.9500,71.1100,70.9300,71.0500,2323992
2009-03-10 10:13:00,70.8900,71.0200,70.8800,70.9500,1609907
2009-03-10 10:12:00,70.9100,70.9600,70.8700,70.8800,909494
2009-03-10 10:11:00,70.7900,70.9500,70.7800,70.9200,847245
2009-03-10 10:10:00,70.8500,70.9100,70.7500,70.7994,2035470
2009-03-10 10:09:00,70.7799,70.8600,70.7400,70.8500,1004863
2009-03-10 10:08:00,70.7900,70.8100,70.6900,70.7700,989872
2009-03-10 10:07:00,70.8293,70.8700,70.7500,70.7900,1695790
2009-03-10 10:06:00,70.5900,70.8400,70.5690,70.8300,1711640
2009-03-10 10:05:00,70.6100,70.6200,70.5300,70.5800,1295810
2009-03-10 10:04:00,70.6900,70.6900,70.5800,70.6100,905544
2009-03-10 10:03:00,70.6700,70.6900,70.5600,70.6800,841736
2009-03-10 10:02:00,70.6800,70.7800,70.6600,70.6700,1796636
2009-03-10 10:01:00,70.5300,70.7100,70.5200,70.6900,1555136
2009-03-10 10:00:00,70.4100,70.5700,70.4000,70.5300,1157461
2009-03-10 09:59:00,70.4900,70.5600,70.4000,70.4100,1148355
2009-03-10 09:58:00,70.5600,70.5600,70.4500,70.4900,1167401
2009-03-10 09:57:00,70.5800,70.6000,70.5000,70.5500,854029
2009-03-10 09:56:00,70.6000,70.6400,70.5300,70.5800,847417
2009-03-10 09:55:00,70.5800,70.7100,70.5600,70.6000,1562831
2009-03-10 09:54:00,70.6900,70.7900,70.5700,70.5700,2401024
2009-03-10 09:53:00,70.3700,70.7400,70.3606,70.6900,3374507
2009-03-10 09:52:00,70.3900,70.4100,70.3400,70.3610,485443
2009-03-10 09:51:00,70.3600,70.4200,70.3400,70.3900,1029874
2009-03-10 09:50:00,70.4101,70.4500,70.3000,70.3600,1371367
2009-03-10 09:49:00,70.4300,70.4600,70.3900,70.4200,1258770
2009-03-10 09:48:00,70.4500,70.5000,70.3700,70.4400,923333
2009-03-10 09:47:00,70.4200,70.4600,70.3300,70.4400,2449487
2009-03-10 09:46:00,70.4000,70.5000,70.3900,70.4300,2195770
2009-03-10 09:45:00,70.3200,70.4500,70.3200,70.4000,2019540
2009-03-10 09:44:00,70.0500,70.3700,70.0405,70.3100,3879569
2009-03-10 09:43:00,69.9700,70.0800,69.9500,70.0401,1540970
2009-03-10 09:42:00,69.9900,70.0000,69.9000,69.9700,896616
2009-03-10 09:41:00,70.0500,70.0600,69.9700,69.9800,1011515
2009-03-10 09:40:00,69.9700,70.0600,69.9000,70.0500,1281699
2009-03-10 09:39:00,70.0294,70.0900,69.9300,69.9600,2243229
2009-03-10 09:38:00,69.9000,70.0300,69.8900,70.0200,1831896
2009-03-10 09:37:00,69.6700,69.9300,69.6400,69.8900,2673443
2009-03-10 09:36:00,69.7200,69.7600,69.6000,69.6795,1789531
2009-03-10 09:35:00,69.6700,69.7300,69.6200,69.7200,1058106
2009-03-10 09:34:00,69.5700,69.6900,69.5600,69.6600,1169483
2009-03-10 09:33:00,69.7100,69.7800,69.5600,69.5700,1514985
2009-03-10 09:32:00,69.6900,69.8500,69.6900,69.7100,2183659
2009-03-10 09:31:00,69.4800,69.7100,69.4000,69.6900,1545920
2009-03-10 09:30:00,69.5300,69.5500,69.3700,69.4800,1475450
2009-03-10 09:29:00,69.5100,69.5800,69.4500,69.5200,435064
2009-03-10 09:28:00,69.5000,69.5200,69.4900,69.5200,34816
2009-03-10 09:27:00,69.5300,69.5300,69.4900,69.5000,47649
2009-03-10 09:26:00,69.5600,69.5600,69.4900,69.5200,21785
2009-03-10 09:25:00,69.5400,69.5700,69.5300,69.5500,41813
2009-03-10 09:24:00,69.4900,69.5500,69.4900,69.5500,169069
2009-03-10 09:23:00,69.4400,69.5000,69.4400,69.5000,51284
2009-03-10 09:22:00,69.4400,69.4400,69.3800,69.4300,191123
2009-03-10 09:21:00,69.4500,69.5800,69.3900,69.4400,98386
2009-03-10 09:20:00,69.4200,69.4500,69.4000,69.4500,48991
2009-03-10 09:19:00,69.4300,69.4600,69.3700,69.4200,114686
2009-03-10 09:18:00,69.4700,69.4900,69.4200,69.4500,47351
2009-03-10 09:17:00,69.4500,69.4800,69.4100,69.4700,152355
2009-03-10 09:16:00,69.3800,69.4700,69.3800,69.4600,159238
2009-03-10 09:15:00,69.3200,69.4000,69.3100,69.3900,328595
2009-03-10 09:14:00,69.3700,69.3800,69.3100,69.3100,329137
2009-03-10 09:13:00,69.3400,69.4000,69.3200,69.4000,35325
2009-03-10 09:12:00,69.3200,69.3500,69.2900,69.3400,96997
2009-03-10 09:11:00,69.2700,69.3400,69.2700,69.3100,71240
2009-03-10 09:10:00,69.2600,69.3000,69.2600,69.2700,32300
2009-03-10 09:09:00,69.3500,69.3700,69.2500,69.2600,359035
2009-03-10 09:08:00,69.3000,69.5200,69.3000,69.3500,291069
2009-03-10 09:07:00,69.2800,69.3100,69.2800,69.2900,53555
2009-03-10 09:06:00,69.2600,69.3200,69.2300,69.3100,216226
2009-03-10 09:05:00,69.2100,69.2600,69.2100,69.2500,28053
2009-03-10 09:04:00,69.2800,69.2800,69.2000,69.2100,217593
2009-03-10 09:03:00,69.3000,69.3100,69.2300,69.2700,163883
2009-03-10 09:02:00,69.2300,69.3400,69.2200,69.3000,190711
2009-03-10 09:01:00,69.2700,69.2900,69.2000,69.2200,248799
2009-03-10 09:00:00,69.3100,69.3400,69.2500,69.2700,234868
2009-03-10 08:59:00,69.5300,69.5400,69.2500,69.3200,997353
2009-03-10 08:58:00,69.4900,69.5400,69.4800,69.5400,26487
2009-03-10 08:57:00,69.4900,69.5000,69.4300,69.4900,22500
2009-03-10 08:56:00,69.4200,69.4700,69.4200,69.4700,41125
2009-03-10 08:55:00,69.4400,69.4400,69.4200,69.4300,8005
2009-03-10 08:54:00,69.4300,69.4300,69.4200,69.4300,26961
2009-03-10 08:53:00,69.4000,69.4500,69.4000,69.4400,25125
2009-03-10 08:52:00,69.4300,69.4400,69.3800,69.4000,237389
2009-03-10 08:51:00,69.4300,69.4700,69.4300,69.4300,34958
2009-03-10 08:50:00,69.4200,69.4300,69.4000,69.4300,19537
2009-03-10 08:49:00,69.4000,69.4700,69.4000,69.4200,31790
2009-03-10 08:48:00,69.4500,69.4500,69.2600,69.3900,67696
2009-03-10 08:47:00,69.5300,69.5300,69.4200,69.4400,164681
2009-03-10 08:46:00,69.5500,69.5700,69.5200,69.5200,41413
2009-03-10 08:45:00,69.5700,69.5800,69.5600,69.5600,426048
2009-03-10 08:44:00,69.5700,69.5900,69.5700,69.5900,47700
2009-03-10 08:43:00,69.5400,69.5800,69.5300,69.5700,13537
2009-03-10 08:42:00,69.5500,69.5900,69.5500,69.5500,54500
2009-03-10 08:41:00,69.5900,69.5900,69.5600,69.5700,24800
2009-03-10 08:40:00,69.5700,69.6000,69.5700,69.5900,20040
2009-03-10 08:39:00,69.5200,69.5900,69.5200,69.5700,21550
2009-03-10 08:38:00,69.5500,69.5500,69.4800,69.5300,17700
2009-03-10 08:37:00,69.5000,69.5900,69.4600,69.5500,55700
2009-03-10 08:36:00,69.5200,69.5500,69.5000,69.5100,23806
2009-03-10 08:35:00,69.5000,69.5300,69.4700,69.5200,43900
2009-03-10 08:34:00,69.5300,69.5500,69.5000,69.5200,88027
2009-03-10 08:33:00,69.5800,69.6000,69.5200,69.5300,25600
2009-03-10 08:32:00,69.5300,69.6100,69.5100,69.5800,85649
2009-03-10 08:31:00,69.5200,69.6000,69.5000,69.5300,63313
2009-03-10 08:30:00,69.4900,69.5500,69.4700,69.5500,73100
2009-03-10 08:29:00,69.4700,69.5000,69.4500,69.4900,18954
2009-03-10 08:28:00,69.4500,69.4700,69.4400,69.4700,7900
2009-03-10 08:27:00,69.4500,69.4800,69.4300,69.4500,19051
2009-03-10 08:26:00,69.4400,69.5100,69.4400,69.4600,35898
2009-03-10 08:25:00,69.4400,69.4800,69.4400,69.4400,14115
2009-03-10 08:24:00,69.4700,69.4700,69.4100,69.4300,49666
2009-03-10 08:23:00,69.5300,69.5500,69.4100,69.4300,108560
2009-03-10 08:22:00,69.5700,69.5700,69.5300,69.5400,18315
2009-03-10 08:21:00,69.5800,69.6000,69.5800,69.5800,4983
2009-03-10 08:20:00,69.6100,69.6100,69.5600,69.5900,77361
2009-03-10 08:19:00,69.6100,69.6200,69.6000,69.6100,13780
2009-03-10 08:18:00,69.6400,69.6400,69.6000,69.6100,53772
2009-03-10 08:17:00,69.6200,69.6400,69.6100,69.6400,9012
2009-03-10 08:16:00,69.6000,69.6400,69.5900,69.6200,36430
2009-03-10 08:15:00,69.5900,69.6000,69.5500,69.6000,59765
2009-03-10 08:14:00,69.5800,69.6100,69.5400,69.5800,324357
2009-03-10 08:13:00,69.5600,69.5900,69.5400,69.5800,31254
2009-03-10 08:12:00,69.5000,69.5600,69.5000,69.5500,70777
2009-03-10 08:11:00,69.4400,69.5000,69.4400,69.5000,53830
2009-03-10 08:10:00,69.4500,69.4500,69.4300,69.4300,5550
2009-03-10 08:09:00,69.4200,69.5000,69.3500,69.5000,541400
2009-03-10 08:08:00,69.4100,69.4200,69.4000,69.4000,42117
2009-03-10 08:07:00,69.4400,69.4400,69.4000,69.4100,38918
2009-03-10 08:06:00,69.4200,69.4400,69.4200,69.4300,12428
2009-03-10 08:05:00,69.4200,69.4300,69.4000,69.4200,6747
2009-03-10 08:04:00,69.4300,69.4600,69.4200,69.4200,14131
2009-03-10 08:03:00,69.4500,69.4600,69.4200,69.4200,43136
2009-03-10 08:02:00,69.4400,69.4600,69.3900,69.4500,20430
2009-03-10 08:01:00,69.3900,69.4300,69.3700,69.4300,7921
2009-03-10 08:00:00,69.4400,69.4400,69.3900,69.3900,29736
2009-03-10 07:59:00,69.4600,69.4600,69.4200,69.4400,8100
2009-03-10 07:58:00,69.4700,69.4700,69.4600,69.4700,3360
2009-03-10 07:57:00,69.4700,69.4800,69.4500,69.4500,5500
2009-03-10 07:56:00,69.4600,69.5000,69.4300,69.5000,127900
2009-03-10 07:55:00,69.4100,69.4500,69.4100,69.4500,80100
2009-03-10 07:53:00,69.3700,69.4000,69.3700,69.4000,500
2009-03-10 07:50:00,69.4300,69.4300,69.4300,69.4300,1700
2009-03-10 07:48:00,69.3800,69.3800,69.3500,69.3500,38931
2009-03-10 07:47:00,69.4000,69.4000,69.4000,69.4000,4100
2009-03-10 07:46:00,69.4100,69.4100,69.4100,69.4100,1200
2009-03-10 07:45:00,69.4300,69.4400,69.4100,69.4100,7250
2009-03-10 07:44:00,69.4500,69.4500,69.4500,69.4500,4641
2009-03-10 07:43:00,69.4500,69.4500,69.4400,69.4400,2250
2009-03-10 07:42:00,69.4300,69.4500,69.4200,69.4500,16500
2009-03-10 07:41:00,69.4000,69.4500,69.4000,69.4500,3900
2009-03-10 07:40:00,69.3800,69.4000,69.3800,69.4000,4400
2009-03-10 07:39:00,69.3700,69.3800,69.3700,69.3800,4545
2009-03-10 07:38:00,69.4000,69.4000,69.3800,69.3800,2600
2009-03-10 07:37:00,69.4100,69.4100,69.3800,69.4000,52600
2009-03-10 07:36:00,69.3600,69.4000,69.3600,69.4000,6911
2009-03-10 07:35:00,69.3300,69.3500,69.3300,69.3500,21200
2009-03-10 07:34:00,69.3000,69.3000,69.3000,69.3000,869
2009-03-10 07:33:00,69.3200,69.3200,69.3000,69.3000,1602
2009-03-10 07:32:00,69.3000,69.3200,69.2900,69.3200,850
2009-03-10 07:31:00,69.3000,69.3000,69.2600,69.3000,57200
2009-03-10 07:30:00,69.3200,69.3200,69.3100,69.3100,102969
2009-03-10 07:29:00,69.3000,69.3300,69.3000,69.3300,2475
2009-03-10 07:28:00,69.3700,69.3700,69.3100,69.3200,2538
2009-03-10 07:26:00,69.3500,69.3500,69.3500,69.3500,1000
2009-03-10 07:25:00,69.4000,69.4000,69.3300,69.3300,18121
2009-03-10 07:24:00,69.4000,69.4200,69.4000,69.4000,8000
2009-03-10 07:23:00,69.3800,69.3800,69.3700,69.3700,7000
2009-03-10 07:22:00,69.3700,69.4100,69.3700,69.4000,2000
2009-03-10 07:21:00,69.4100,69.4100,69.4000,69.4000,1600
2009-03-10 07:20:00,69.4200,69.4200,69.4200,69.4200,1000
2009-03-10 07:19:00,69.4300,69.4300,69.3900,69.3900,21321
2009-03-10 07:18:00,69.4000,69.4200,69.3900,69.4200,3700
2009-03-10 07:16:00,69.4900,69.4900,69.4900,69.4900,600
2009-03-10 07:15:00,69.4900,69.5000,69.4900,69.5000,32400
2009-03-10 07:13:00,69.5200,69.5200,69.5200,69.5200,600
2009-03-10 07:11:00,69.5000,69.5300,69.4900,69.5200,26900
2009-03-10 07:10:00,69.4800,69.4900,69.4800,69.4900,75450
2009-03-10 07:09:00,69.4500,69.4800,69.4400,69.4800,26700
2009-03-10 07:07:00,69.4000,69.4400,69.4000,69.4400,650
2009-03-10 07:06:00,69.4400,69.4400,69.4400,69.4400,4200
2009-03-10 07:05:00,69.3600,69.4000,69.3500,69.3700,91320
2009-03-10 07:04:00,69.3700,69.3800,69.3700,69.3700,13400
2009-03-10 07:03:00,69.4600,69.4600,69.3500,69.3800,82000
2009-03-10 07:02:00,69.5900,69.5900,69.4700,69.4900,270300
2009-03-10 07:01:00,69.4800,69.5700,69.4800,69.5300,22500
2009-03-10 07:00:00,69.4900,69.4900,69.4800,69.4800,12100
2009-03-10 06:53:00,69.4800,69.4800,69.4800,69.4800,100
2009-03-10 06:51:00,69.4800,69.4900,69.4800,69.4900,1650
2009-03-10 06:48:00,69.5300,69.5300,69.5300,69.5300,500
2009-03-10 06:47:00,69.5100,69.5100,69.5000,69.5000,500
2009-03-10 06:46:00,69.5100,69.5100,69.5100,69.5100,300
2009-03-10 06:45:00,69.5600,69.5600,69.5600,69.5600,2500
2009-03-10 06:44:00,69.5400,69.5500,69.5000,69.5000,21000
2009-03-10 06:43:00,69.5000,69.5000,69.5000,69.5000,100
2009-03-10 06:41:00,69.5300,69.5300,69.5000,69.5000,6631
2009-03-10 06:39:00,69.6100,69.6100,69.6100,69.6100,5000
2009-03-10 06:37:00,69.6000,69.6000,69.6000,69.6000,5000
2009-03-10 06:36:00,69.5800,69.6000,69.5800,69.6000,200
2009-03-10 06:35:00,69.6100,69.6100,69.6100,69.6100,5000
2009-03-10 06:34:00,69.6400,69.6400,69.6400,69.6400,5000
2009-03-10 06:33:00,69.6900,69.6900,69.6900,69.6900,30000
2009-03-10 06:30:00,69.6500,69.6500,69.6500,69.6500,1800
2009-03-10 06:29:00,69.6300,69.6300,69.6300,69.6300,1000
2009-03-10 06:28:00,69.6500,69.6500,69.6500,69.6500,200
2009-03-10 06:26:00,69.6000,69.6900,69.6000,69.6800,6000
2009-03-10 06:22:00,69.6200,69.6400,69.6200,69.6400,431
2009-03-10 06:19:00,69.5900,69.5900,69.5500,69.5500,400
2009-03-10 06:17:00,69.5300,69.5800,69.5300,69.5800,918
2009-03-10 06:16:00,69.4900,69.4900,69.4900,69.4900,5000
2009-03-10 06:12:00,69.3600,69.3600,69.3600,69.3600,200
2009-03-10 06:09:00,69.3300,69.3300,69.3300,69.3300,100
2009-03-10 06:04:00,69.2900,69.3800,69.2900,69.3800,5200
2009-03-10 06:03:00,69.2600,69.2900,69.2600,69.2900,5400
2009-03-10 06:01:00,69.2400,69.2400,69.2400,69.2400,2000
2009-03-10 05:57:00,69.4200,69.4200,69.4200,69.4200,300
2009-03-10 05:54:00,69.4500,69.4500,69.4500,69.4500,1000
2009-03-10 05:52:00,69.3700,69.3700,69.3700,69.3700,500
2009-03-10 05:47:00,69.3200,69.3200,69.3200,69.3200,500
2009-03-10 05:18:00,69.2100,69.2100,69.2100,69.2100,3500
2009-03-10 05:16:00,69.2200,69.2200,69.2200,69.2200,2500
2009-03-10 04:59:00,69.4200,69.4200,69.4200,69.4200,3800
2009-03-10 04:53:00,69.5000,69.5000,69.5000,69.5000,1500
2009-03-10 04:51:00,69.4000,69.4000,69.4000,69.4000,200
2009-03-10 04:44:00,69.4000,69.4000,69.4000,69.4000,110
2009-03-10 04:41:00,69.3800,69.3800,69.3800,69.3800,100
2009-03-10 04:38:00,69.3300,69.3300,69.3300,69.3300,200
2009-03-10 04:34:00,69.1900,69.1900,69.1900,69.1900,300
2009-03-10 04:28:00,69.2400,69.2400,69.2400,69.2400,200
2009-03-10 04:19:00,69.2000,69.2000,69.2000,69.2000,100
2009-03-10 04:15:00,68.9500,69.0000,68.9500,69.0000,400
2009-03-09 19:59:00,68.1200,68.1400,68.1100,68.1400,8760
2009-03-09 19:57:00,68.1100,68.1100,68.1100,68.1100,1301
2009-03-09 19:56:00,68.1000,68.1100,68.1000,68.1100,2700
2009-03-09 19:55:00,68.1100,68.1100,68.1000,68.1000,200
2009-03-09 19:54:00,68.0900,68.1100,68.0900,68.0900,3590
2009-03-09 19:53:00,68.1000,68.1000,68.1000,68.1000,100
2009-03-09 19:51:00,68.0900,68.1100,68.0900,68.1100,4900
2009-03-09 19:50:00,68.0700,68.1000,68.0700,68.1000,8916
2009-03-09 19:49:00,68.0700,68.0700,68.0600,68.0600,4500
2009-03-09 19:48:00,68.1000,68.1100,68.1000,68.1100,1579
2009-03-09 19:47:00,68.1100,68.1100,68.1000,68.1000,1869
2009-03-09 19:46:00,68.1000,68.1000,68.1000,68.1000,2467
2009-03-09 19:45:00,68.0800,68.1100,68.0800,68.1000,1169
2009-03-09 19:44:00,68.0400,68.0500,68.0400,68.0400,12800
2009-03-09 19:43:00,68.0300,68.0400,68.0300,68.0400,6500
2009-03-09 19:42:00,68.0300,68.0400,68.0300,68.0400,3436
2009-03-09 19:41:00,68.0300,68.0300,68.0300,68.0300,2500
2009-03-09 19:40:00,68.0200,68.0300,68.0200,68.0300,7369
2009-03-09 19:39:00,68.0000,68.0300,68.0000,68.0300,1700
2009-03-09 19:37:00,68.0100,68.0100,68.0100,68.0100,400
2009-03-09 19:36:00,68.0300,68.0300,68.0300,68.0300,1064
2009-03-09 19:34:00,68.0300,68.0300,68.0300,68.0300,1914
2009-03-09 19:33:00,68.0300,68.0300,68.0300,68.0300,4430
2009-03-09 19:32:00,68.0100,68.0400,68.0100,68.0200,9800
2009-03-09 19:30:00,68.0300,68.0300,68.0300,68.0300,7361
2009-03-09 19:29:00,68.0300,68.0300,68.0200,68.0200,848
2009-03-09 19:27:00,68.0600,68.0600,68.0300,68.0300,1460
2009-03-09 19:26:00,68.0600,68.0600,68.0600,68.0600,5024
2009-03-09 19:25:00,68.0400,68.0400,68.0400,68.0400,200
2009-03-09 19:24:00,68.0500,68.0700,68.0500,68.0700,15431
2009-03-09 19:23:00,68.0600,68.0600,68.0600,68.0600,100
2009-03-09 19:22:00,68.0600,68.0600,68.0600,68.0600,1300
2009-03-09 19:21:00,68.0300,68.0800,68.0300,68.0800,19709
2009-03-09 19:20:00,68.0300,68.0400,68.0300,68.0400,10300
2009-03-09 19:19:00,68.0200,68.0300,68.0100,68.0300,2300
2009-03-09 19:17:00,68.0300,68.0300,68.0300,68.0300,500
2009-03-09 19:16:00,68.0200,68.0400,68.0200,68.0400,691
2009-03-09 19:15:00,68.0200,68.0400,68.0200,68.0400,1059
2009-03-09 19:10:00,68.0200,68.0200,68.0200,68.0200,830
2009-03-09 19:09:00,68.0200,68.0200,68.0200,68.0200,600
2009-03-09 19:05:00,68.0100,68.0100,68.0100,68.0100,129
2009-03-09 19:04:00,68.0100,68.0100,68.0100,68.0100,1000
2009-03-09 18:58:00,68.0100,68.0100,68.0100,68.0100,1200
2009-03-09 18:57:00,67.9800,68.0200,67.9800,68.0200,1300
2009-03-09 18:53:00,67.9500,67.9500,67.9500,67.9500,1500
2009-03-09 18:49:00,67.9500,67.9500,67.9500,67.9500,1000
2009-03-09 18:48:00,67.9800,67.9800,67.9800,67.9800,551
2009-03-09 18:47:00,67.9700,67.9700,67.9700,67.9700,142
2009-03-09 18:46:00,67.9600,67.9600,67.9600,67.9600,649
2009-03-09 18:45:00,67.9700,67.9700,67.9700,67.9700,200
2009-03-09 18:44:00,67.9700,67.9700,67.9700,67.9700,158
2009-03-09 18:43:00,67.9800,67.9800,67.9800,67.9800,100
2009-03-09 18:42:00,67.9700,67.9800,67.9700,67.9800,569
2009-03-09 18:41:00,67.9700,67.9700,67.9500,67.9500,1369
2009-03-09 18:33:00,67.9500,67.9500,67.9400,67.9500,2742
2009-03-09 18:32:00,67.9500,67.9500,67.9500,67.9500,858
2009-03-09 18:31:00,67.9500,67.9500,67.9500,67.9500,500
2009-03-09 18:30:00,67.9300,67.9500,67.9300,67.9500,1100
2009-03-09 18:27:00,67.9300,67.9500,67.9300,67.9500,400
2009-03-09 18:26:00,67.9500,67.9500,67.9500,67.9500,222
2009-03-09 18:25:00,67.9600,67.9700,67.9500,67.9700,2718
2009-03-09 18:24:00,67.9900,67.9900,67.9900,67.9900,100
2009-03-09 18:23:00,68.0100,68.0100,67.9900,67.9900,958
2009-03-09 18:20:00,68.0000,68.0000,68.0000,68.0000,218
2009-03-09 18:10:00,67.9500,67.9500,67.9500,67.9500,2396
2009-03-09 18:07:00,67.9300,67.9500,67.9300,67.9500,2500
2009-03-09 18:06:00,67.9200,67.9200,67.9200,67.9200,709
2009-03-09 18:04:00,67.9600,67.9600,67.9400,67.9400,7661
2009-03-09 18:00:00,67.9800,67.9800,67.9800,67.9800,1000
2009-03-09 17:59:00,67.9600,67.9600,67.9600,67.9600,100
2009-03-09 17:58:00,68.0000,68.0000,68.0000,68.0000,100
2009-03-09 17:57:00,67.9800,67.9800,67.9800,67.9800,100
2009-03-09 17:55:00,67.9800,67.9800,67.9800,67.9800,400
2009-03-09 17:52:00,67.9500,67.9500,67.9500,67.9500,639
2009-03-09 17:51:00,67.9800,67.9800,67.9800,67.9800,361
2009-03-09 17:50:00,67.9800,67.9800,67.9800,67.9800,200
2009-03-09 17:48:00,67.9800,67.9800,67.9800,67.9800,925
2009-03-09 17:47:00,68.0000,68.0000,68.0000,68.0000,400
2009-03-09 17:46:00,67.9800,67.9800,67.9800,67.9800,100
2009-03-09 17:39:00,67.9600,68.0000,67.9600,68.0000,500
2009-03-09 17:28:00,67.9900,68.0000,67.9900,68.0000,1640
2009-03-09 17:27:00,67.9600,67.9900,67.9600,67.9600,1167
2009-03-09 17:26:00,68.0000,68.0000,68.0000,68.0000,100
2009-03-09 17:24:00,68.1150,68.1150,68.0000,68.0000,469142
2009-03-09 17:23:00,68.1150,68.1150,68.0000,68.0000,2936400
2009-03-09 17:22:00,67.9800,67.9800,67.9800,67.9800,113
2009-03-09 17:21:00,68.0000,68.0000,68.0000,68.0000,200
2009-03-09 17:20:00,68.0000,68.0100,68.0000,68.0100,5200
2009-03-09 17:18:00,67.9500,67.9700,67.9500,67.9700,669
2009-03-09 17:17:00,67.9500,67.9500,67.9500,67.9500,5900
2009-03-09 17:16:00,67.9300,67.9300,67.9300,67.9300,200
2009-03-09 17:15:00,67.9500,67.9500,67.9400,67.9400,16900
2009-03-09 17:12:00,67.9500,67.9500,67.9500,67.9500,6000
2009-03-09 17:11:00,67.9300,67.9500,67.9300,67.9500,9544
2009-03-09 17:10:00,67.9100,67.9500,67.9100,67.9500,13031
2009-03-09 17:09:00,67.9000,67.9000,67.9000,67.9000,3956
2009-03-09 17:08:00,67.8900,67.8900,67.8900,67.8900,1500
2009-03-09 17:07:00,67.9000,67.9000,67.8900,67.8900,6544
2009-03-09 17:06:00,67.9400,67.9400,67.9300,67.9400,1000
2009-03-09 17:05:00,67.9300,67.9300,67.9300,67.9300,1000
2009-03-09 17:04:00,67.9100,67.9100,67.9000,67.9000,4250
2009-03-09 17:03:00,67.9100,67.9100,67.9100,67.9100,200
2009-03-09 17:01:00,67.9300,67.9300,67.9000,67.9300,550
2009-03-09 17:00:00,67.9500,67.9600,67.9500,67.9600,20440
2009-03-09 16:58:00,67.9800,67.9900,67.9800,67.9900,1750
2009-03-09 16:56:00,67.9700,67.9700,67.9700,67.9700,500
2009-03-09 16:55:00,67.9600,67.9800,67.9200,67.9800,57500
2009-03-09 16:54:00,67.9600,67.9600,67.9600,67.9600,300
2009-03-09 16:53:00,67.9600,67.9600,67.9600,67.9600,100
2009-03-09 16:52:00,67.9800,67.9800,67.9800,67.9800,2960
2009-03-09 16:51:00,67.9600,67.9800,67.9300,67.9800,9725
2009-03-09 16:50:00,67.9400,67.9400,67.9400,67.9400,1200
2009-03-09 16:49:00,67.9300,67.9400,67.9300,67.9400,828
2009-03-09 16:48:00,67.9200,67.9200,67.9200,67.9200,423
2009-03-09 16:46:00,67.9300,67.9300,67.9300,67.9300,100
2009-03-09 16:45:00,67.9600,67.9600,67.9300,67.9300,1300
2009-03-09 16:44:00,67.9800,67.9800,67.9800,67.9800,1001040
2009-03-09 16:43:00,67.9700,67.9700,67.9700,67.9700,2000
2009-03-09 16:42:00,67.9400,67.9500,67.9300,67.9400,52000
2009-03-09 16:41:00,67.8900,67.9200,67.8700,67.9200,59300
2009-03-09 16:40:00,67.8900,67.8900,67.8700,67.8800,12629
2009-03-09 16:39:00,67.9000,67.9000,67.8900,67.8900,2409
2009-03-09 16:38:00,67.9000,67.9200,67.9000,67.9000,891
2009-03-09 16:37:00,67.9200,67.9200,67.9100,67.9100,10100
2009-03-09 16:36:00,67.9100,67.9100,67.9100,67.9100,981
2009-03-09 16:35:00,67.9300,68.0000,67.9100,67.9200,531000
2009-03-09 16:34:00,67.9100,67.9400,67.9000,67.9300,43800
2009-03-09 16:33:00,67.9400,67.9400,67.9000,67.9000,37525
2009-03-09 16:32:00,67.9700,67.9900,67.9500,67.9500,6800
2009-03-09 16:31:00,67.9600,68.0200,67.9600,68.0000,44543
2009-03-09 16:30:00,67.9900,68.0100,67.9200,67.9600,270704
2009-03-09 16:29:00,67.9500,67.9900,67.9500,67.9900,6056
2009-03-09 16:28:00,67.9800,67.9800,67.9400,67.9500,11035
2009-03-09 16:27:00,68.1000,68.1000,67.9400,67.9900,39454
2009-03-09 16:26:00,67.9900,68.1000,67.9500,67.9500,134044
2009-03-09 16:25:00,68.0900,68.0900,67.9500,67.9900,117311
2009-03-09 16:24:00,68.0700,68.0900,68.0700,68.0800,43011
2009-03-09 16:23:00,68.0700,68.0800,68.0700,68.0700,17500
2009-03-09 16:22:00,68.0400,68.0400,68.0000,68.0400,14536
2009-03-09 16:21:00,68.1000,68.1000,68.0600,68.1000,71071
2009-03-09 16:20:00,68.0600,68.0600,68.0600,68.0600,2601
2009-03-09 16:19:00,68.1100,68.1100,68.0600,68.1000,2603100
2009-03-09 16:18:00,68.1000,68.1200,68.0500,68.1200,33177
2009-03-09 16:17:00,68.1100,68.1100,68.0700,68.1000,3000
2009-03-09 16:16:00,68.1100,68.1400,68.1100,68.1300,5000
2009-03-09 16:15:00,68.1000,68.1500,68.1000,68.1500,13616
2009-03-09 16:14:00,68.1000,68.1500,67.9376,68.1000,384932
2009-03-09 16:13:00,68.0900,68.1200,68.0800,68.1000,64100
2009-03-09 16:12:00,68.0600,68.0800,68.0500,68.0800,63955
2009-03-09 16:11:00,68.0400,68.1100,68.0300,68.0700,195669
2009-03-09 16:10:00,68.0000,68.1500,67.9500,68.0500,306333
2009-03-09 16:09:00,68.0000,68.0200,67.9176,68.0000,589964
2009-03-09 16:08:00,68.0300,68.0700,67.9700,67.9900,239307
2009-03-09 16:07:00,68.1200,68.1200,68.0100,68.0300,344066
2009-03-09 16:06:00,68.1200,68.1600,68.0700,68.1200,498452
2009-03-09 16:05:00,68.0000,68.1200,68.0000,68.1200,978665
2009-03-09 16:04:00,67.9900,68.0700,67.9700,68.0100,1318434
2009-03-09 16:03:00,67.9100,68.2000,67.9100,68.0100,448845
2009-03-09 16:02:00,67.9400,68.1885,67.8700,67.9100,1374863
2009-03-09 16:01:00,68.0100,68.0100,67.8900,67.9400,1283521
2009-03-09 16:00:00,68.0700,68.1500,67.9900,68.0100,15148517
2009-03-09 15:59:00,68.1500,68.2300,68.0500,68.0700,4676313
2009-03-09 15:58:00,68.1600,68.2200,68.1200,68.1500,2469964
2009-03-09 15:57:00,68.1500,68.2100,68.0800,68.1690,1456513
2009-03-09 15:56:00,68.1100,68.2200,68.0900,68.1500,1947465
2009-03-09 15:55:00,68.0400,68.1000,68.0400,68.1000,2512554
2009-03-09 15:54:00,68.0300,68.0500,67.9600,68.0427,1269369
2009-03-09 15:53:00,68.1100,68.1300,68.0200,68.0300,897677
2009-03-09 15:52:00,68.0300,68.1600,67.9400,68.1100,1338423
2009-03-09 15:51:00,67.9000,68.0400,67.8700,68.0400,910336
2009-03-09 15:50:00,67.8300,67.9000,67.7800,67.9000,1167036
2009-03-09 15:49:00,67.9394,67.9400,67.8000,67.8200,1068624
2009-03-09 15:48:00,67.8200,67.9600,67.8000,67.9300,1356816
2009-03-09 15:47:00,67.9100,67.9500,67.8000,67.8200,1277287
2009-03-09 15:46:00,67.9400,67.9800,67.9100,67.9200,610500
2009-03-09 15:45:00,67.9900,68.0100,67.9400,67.9400,720766
2009-03-09 15:44:00,68.0300,68.0600,67.9500,68.0000,914916
2009-03-09 15:43:00,67.9400,68.0900,67.8900,68.0200,1237733
2009-03-09 15:42:00,67.8500,67.9500,67.8400,67.9494,815698
2009-03-09 15:41:00,67.9200,67.9700,67.8400,67.8500,848889
2009-03-09 15:40:00,67.8700,67.9500,67.8500,67.9200,1387857
2009-03-09 15:39:00,67.9700,68.0000,67.8500,67.8700,873269
2009-03-09 15:38:00,68.1100,68.2100,67.9000,67.9700,1383139
2009-03-09 15:37:00,68.2000,68.2300,68.0800,68.1200,1097994
2009-03-09 15:36:00,68.2400,68.3100,68.1400,68.2000,774038
2009-03-09 15:35:00,68.1200,68.3100,68.1100,68.2300,1354791
2009-03-09 15:34:00,68.1600,68.1800,68.0800,68.1300,975317
2009-03-09 15:33:00,68.1900,68.2300,68.1300,68.1400,533466
2009-03-09 15:32:00,68.0900,68.3000,68.0700,68.2000,1628433
2009-03-09 15:31:00,67.9900,68.1100,67.9600,68.0900,755995
2009-03-09 15:30:00,68.0500,68.0600,67.9200,67.9800,573023
2009-03-09 15:29:00,68.1200,68.1300,68.0300,68.0500,815639
2009-03-09 15:28:00,68.0500,68.1800,68.0350,68.1150,2043462
2009-03-09 15:27:00,67.8400,68.0400,67.8200,68.0400,630194
2009-03-09 15:26:00,67.8400,67.9100,67.8200,67.8300,353750
2009-03-09 15:25:00,67.9000,67.9400,67.8200,67.8400,940023
2009-03-09 15:24:00,67.8900,67.9100,67.8100,67.9000,621431
2009-03-09 15:23:00,67.8800,67.9400,67.8700,67.8900,504459
2009-03-09 15:22:00,67.8600,67.9400,67.8200,67.8700,1170486
2009-03-09 15:21:00,67.9200,68.0000,67.8500,67.8600,1054225
2009-03-09 15:20:00,67.8900,67.9900,67.8600,67.9300,667409
2009-03-09 15:19:00,67.8900,67.9700,67.8500,67.8900,928805
2009-03-09 15:18:00,67.8600,67.9100,67.7600,67.8900,616615
2009-03-09 15:17:00,67.7600,67.8600,67.7300,67.8600,1292085
2009-03-09 15:16:00,67.9900,68.0000,67.7400,67.7600,1832455
2009-03-09 15:15:00,68.0000,68.0100,67.9100,67.9900,1379391
2009-03-09 15:14:00,68.1200,68.1500,67.9100,68.0000,1175023
2009-03-09 15:13:00,68.0700,68.1200,68.0200,68.1200,604390
2009-03-09 15:12:00,68.0000,68.1600,68.0000,68.0601,879834
2009-03-09 15:11:00,68.1800,68.2500,68.0000,68.0000,1642476
2009-03-09 15:10:00,68.4000,68.4050,68.1400,68.1800,737502
2009-03-09 15:09:00,68.2500,68.4000,68.2500,68.4000,556154
2009-03-09 15:08:00,68.2700,68.3400,68.2200,68.2500,691417
2009-03-09 15:07:00,68.2101,68.2800,68.1700,68.2700,1318007
2009-03-09 15:06:00,68.2800,68.3000,68.1800,68.2200,1606668
2009-03-09 15:05:00,68.5200,68.5300,68.2600,68.2800,993347
2009-03-09 15:04:00,68.5800,68.5900,68.4800,68.5100,636799
2009-03-09 15:03:00,68.5200,68.6100,68.5200,68.5800,368928
2009-03-09 15:02:00,68.5900,68.6000,68.5100,68.5294,383083
2009-03-09 15:01:00,68.6400,68.6600,68.5500,68.6000,337876
2009-03-09 15:00:00,68.4300,68.6600,68.4300,68.6400,1267342
2009-03-09 14:59:00,68.4700,68.4800,68.3600,68.4300,725496
2009-03-09 14:58:00,68.5000,68.5500,68.4600,68.4601,421148
2009-03-09 14:57:00,68.6100,68.6300,68.4600,68.5000,799127
2009-03-09 14:56:00,68.6000,68.6100,68.5900,68.6100,412944
2009-03-09 14:55:00,68.5800,68.6400,68.5800,68.5900,719472
2009-03-09 14:54:00,68.6300,68.6300,68.5100,68.5700,3802548
2009-03-09 14:53:00,68.6400,68.6500,68.5700,68.6299,310847
2009-03-09 14:52:00,68.6900,68.7500,68.6300,68.6400,1031757
2009-03-09 14:51:00,68.5900,68.7000,68.5500,68.6900,588108
2009-03-09 14:50:00,68.5400,68.6800,68.5200,68.5900,394836
2009-03-09 14:49:00,68.5700,68.6300,68.5100,68.5400,625342
2009-03-09 14:48:00,68.5700,68.5800,68.4900,68.5700,570709
2009-03-09 14:47:00,68.3900,68.5800,68.3900,68.5706,910802
2009-03-09 14:46:00,68.2300,68.4100,68.2300,68.3900,420214
2009-03-09 14:45:00,68.2900,68.3100,68.2000,68.2300,568617
2009-03-09 14:44:00,68.2400,68.3000,68.2300,68.3000,358792
2009-03-09 14:43:00,68.4000,68.4000,68.2000,68.2500,1173922
2009-03-09 14:42:00,68.3400,68.4600,68.3300,68.3900,984945
2009-03-09 14:41:00,68.3700,68.3900,68.3100,68.3500,288238
2009-03-09 14:40:00,68.3500,68.4400,68.3200,68.3700,752024
2009-03-09 14:39:00,68.1900,68.3800,68.1600,68.3400,621585
2009-03-09 14:38:00,68.2100,68.2800,68.1600,68.2000,1363825
2009-03-09 14:37:00,68.3200,68.3600,68.2000,68.2100,551004
2009-03-09 14:36:00,68.4210,68.4400,68.2900,68.3300,608771
2009-03-09 14:35:00,68.4000,68.4700,68.3200,68.4200,747266
2009-03-09 14:34:00,68.4400,68.4600,68.3500,68.4100,519119
2009-03-09 14:33:00,68.4700,68.4900,68.3900,68.4400,270762
2009-03-09 14:32:00,68.3200,68.4900,68.3100,68.4500,805605
2009-03-09 14:31:00,68.4800,68.4900,68.2800,68.3300,825418
2009-03-09 14:30:00,68.5700,68.5700,68.4500,68.4900,797443
2009-03-09 14:29:00,68.5194,68.5900,68.4200,68.5700,990719
2009-03-09 14:28:00,68.4700,68.5200,68.4200,68.5200,327901
2009-03-09 14:27:00,68.4810,68.4900,68.3800,68.4700,571916
2009-03-09 14:26:00,68.3800,68.5000,68.3300,68.4813,698133
2009-03-09 14:25:00,68.4400,68.4600,68.3700,68.3700,418184
2009-03-09 14:24:00,68.4600,68.4900,68.3910,68.4500,488470
2009-03-09 14:23:00,68.4899,68.4900,68.3900,68.4600,919037
2009-03-09 14:22:00,68.6597,68.6600,68.4300,68.4800,2094179
2009-03-09 14:21:00,68.6800,68.6800,68.6100,68.6600,309562
2009-03-09 14:20:00,68.7400,68.7800,68.6600,68.6700,610289
2009-03-09 14:19:00,68.7000,68.7700,68.6000,68.7400,1113612
2009-03-09 14:18:00,68.6900,68.8100,68.6700,68.7100,856643
2009-03-09 14:17:00,68.7200,68.7600,68.6900,68.6900,343157
2009-03-09 14:16:00,68.7200,68.8100,68.7100,68.7100,360652
2009-03-09 14:15:00,68.7500,68.7600,68.6600,68.7300,870002
2009-03-09 14:14:00,68.7965,68.8000,68.6400,68.7500,880767
2009-03-09 14:13:00,68.7400,68.8700,68.7400,68.8000,768175
2009-03-09 14:12:00,68.8900,68.9100,68.7200,68.7500,695384
2009-03-09 14:11:00,68.8700,68.9200,68.8400,68.9000,414630
2009-03-09 14:10:00,68.8600,68.9300,68.8200,68.8800,668513
2009-03-09 14:09:00,68.8600,68.9500,68.8300,68.8600,747076
2009-03-09 14:08:00,68.8800,68.9100,68.8100,68.8700,525053
2009-03-09 14:07:00,68.8200,68.9100,68.8100,68.8800,608366
2009-03-09 14:06:00,68.9000,68.9800,68.8100,68.8200,869707
2009-03-09 14:05:00,68.8700,68.9100,68.8100,68.9100,565255
2009-03-09 14:04:00,68.7700,68.9400,68.7100,68.8600,1935259
2009-03-09 14:03:00,68.7510,68.7900,68.6600,68.7600,631731
2009-03-09 14:02:00,68.6900,68.8000,68.6600,68.7500,1399081
2009-03-09 14:01:00,68.5000,68.7200,68.4800,68.6999,1199989
2009-03-09 14:00:00,68.4700,68.5600,68.3600,68.5100,1859090
2009-03-09 13:59:00,68.6800,68.6800,68.3900,68.4800,962444
2009-03-09 13:58:00,68.5400,68.6700,68.5400,68.6700,503140
2009-03-09 13:57:00,68.5900,68.5900,68.5100,68.5400,216898
2009-03-09 13:56:00,68.5601,68.6200,68.5100,68.5800,293462
2009-03-09 13:55:00,68.5700,68.5910,68.5100,68.5600,523872
2009-03-09 13:54:00,68.6199,68.6200,68.5700,68.5800,116461
2009-03-09 13:53:00,68.6106,68.6500,68.5600,68.6100,834730
2009-03-09 13:52:00,68.6500,68.6900,68.6100,68.6200,729708
2009-03-09 13:51:00,68.6400,68.6800,68.6100,68.6500,428858
2009-03-09 13:50:00,68.5700,68.7000,68.5600,68.6400,850456
2009-03-09 13:49:00,68.4200,68.5900,68.4100,68.5700,593397
2009-03-09 13:48:00,68.5200,68.5300,68.4100,68.4200,474559
2009-03-09 13:47:00,68.4600,68.5200,68.4200,68.5200,842150
2009-03-09 13:46:00,68.4200,68.4800,68.3300,68.4500,914361
2009-03-09 13:45:00,68.4501,68.4800,68.3900,68.4200,440272
2009-03-09 13:44:00,68.4900,68.5200,68.4500,68.4500,176047
2009-03-09 13:43:00,68.4800,68.5000,68.4600,68.4900,231866
2009-03-09 13:42:00,68.3200,68.5400,68.3000,68.4800,1175077
2009-03-09 13:41:00,68.4000,68.4400,68.2700,68.3200,806398
2009-03-09 13:40:00,68.3200,68.4000,68.3000,68.4000,280414
2009-03-09 13:39:00,68.4000,68.4100,68.2900,68.3200,345827
2009-03-09 13:38:00,68.4900,68.4920,68.3900,68.4000,291994
2009-03-09 13:37:00,68.5200,68.5300,68.4600,68.4900,232227
2009-03-09 13:36:00,68.4400,68.5200,68.4300,68.5200,471646
2009-03-09 13:35:00,68.4800,68.5000,68.4100,68.4300,617811
2009-03-09 13:34:00,68.3100,68.4900,68.3100,68.4800,903294
2009-03-09 13:33:00,68.3000,68.3500,68.2600,68.3200,390690
2009-03-09 13:32:00,68.3200,68.3400,68.2500,68.3100,707775
2009-03-09 13:31:00,68.3200,68.3600,68.3000,68.3300,116363
2009-03-09 13:30:00,68.3400,68.4000,68.3200,68.3300,224492
2009-03-09 13:29:00,68.3300,68.4000,68.3200,68.3400,1073131
2009-03-09 13:28:00,68.3400,68.3500,68.2900,68.3300,358564
2009-03-09 13:27:00,68.3500,68.3900,68.3400,68.3400,192733
2009-03-09 13:26:00,68.2800,68.4100,68.2700,68.3400,1116063
2009-03-09 13:25:00,68.2200,68.3100,68.1300,68.2900,1551980
2009-03-09 13:24:00,68.3700,68.3700,68.2100,68.2200,1305127
2009-03-09 13:23:00,68.3900,68.4100,68.3700,68.3700,118700
2009-03-09 13:22:00,68.4100,68.4300,68.3700,68.4000,234133
2009-03-09 13:21:00,68.3800,68.4300,68.3800,68.4100,394313
2009-03-09 13:20:00,68.3900,68.4200,68.3620,68.3620,192385
2009-03-09 13:19:00,68.4100,68.4500,68.3700,68.3800,292663
2009-03-09 13:18:00,68.3500,68.4300,68.3500,68.4000,434221
2009-03-09 13:17:00,68.3900,68.4100,68.3500,68.3500,385988
2009-03-09 13:16:00,68.3300,68.4100,68.3200,68.4000,599234
2009-03-09 13:15:00,68.3300,68.3600,68.2500,68.3300,525603
2009-03-09 13:14:00,68.3100,68.3500,68.2900,68.3300,306186
2009-03-09 13:13:00,68.2500,68.3300,68.2500,68.3000,348908
2009-03-09 13:12:00,68.2600,68.2994,68.2400,68.2500,323752
2009-03-09 13:11:00,68.2500,68.3100,68.2300,68.2600,602486
2009-03-09 13:10:00,68.3190,68.3190,68.2100,68.2500,668216
2009-03-09 13:09:00,68.2600,68.3400,68.2600,68.3106,339438
2009-03-09 13:08:00,68.3300,68.3300,68.2600,68.2700,865155
2009-03-09 13:07:00,68.3200,68.3600,68.2300,68.3400,1562307
2009-03-09 13:06:00,68.4000,68.4100,68.3100,68.3200,1908902
2009-03-09 13:05:00,68.5900,68.5999,68.4000,68.4000,1095448
2009-03-09 13:04:00,68.6800,68.6800,68.5600,68.6000,516830
2009-03-09 13:03:00,68.6500,68.6800,68.5800,68.6800,843953
2009-03-09 13:02:00,68.6100,68.7100,68.6100,68.6500,493631
2009-03-09 13:01:00,68.5900,68.6300,68.5500,68.6200,641135
2009-03-09 13:00:00,68.7900,68.7910,68.5700,68.5994,1509478
2009-03-09 12:59:00,68.8100,68.8400,68.7900,68.7900,357151
2009-03-09 12:58:00,68.8700,68.8900,68.8000,68.8100,372234
2009-03-09 12:57:00,68.8800,68.8900,68.8300,68.8700,530994
2009-03-09 12:56:00,68.8000,68.9000,68.8000,68.8800,368382
2009-03-09 12:55:00,68.7900,68.8100,68.7900,68.8000,71579
2009-03-09 12:54:00,68.8300,68.8400,68.7600,68.7999,400651
2009-03-09 12:53:00,68.8400,68.8800,68.8200,68.8200,705217
2009-03-09 12:52:00,68.8700,68.8800,68.8200,68.8500,298853
2009-03-09 12:51:00,68.8101,68.8700,68.8000,68.8700,470993
2009-03-09 12:50:00,68.8300,68.8300,68.7700,68.8200,284330
2009-03-09 12:49:00,68.7800,68.8400,68.7700,68.8300,362834
2009-03-09 12:48:00,68.7900,68.8300,68.7500,68.7900,245873
2009-03-09 12:47:00,68.7500,68.8300,68.7400,68.7900,395498
2009-03-09 12:46:00,68.8200,68.8200,68.7500,68.7600,405044
2009-03-09 12:45:00,68.7900,68.8600,68.7800,68.8100,449144
2009-03-09 12:44:00,68.8000,68.8300,68.7600,68.7800,1087069
2009-03-09 12:43:00,68.6900,68.8100,68.6700,68.8000,813816
2009-03-09 12:42:00,68.7700,68.8000,68.6800,68.6900,695856
2009-03-09 12:41:00,68.7200,68.7800,68.7000,68.7700,612568
2009-03-09 12:40:00,68.7300,68.7400,68.6500,68.7200,1305762
2009-03-09 12:39:00,68.8600,68.8800,68.7300,68.7300,1089662
2009-03-09 12:38:00,68.8900,68.9400,68.8300,68.8600,949029
2009-03-09 12:37:00,69.1400,69.1900,68.8900,68.8900,1360328
2009-03-09 12:36:00,69.1606,69.2000,69.0800,69.1400,390368
2009-03-09 12:35:00,69.1250,69.1700,69.1200,69.1600,74031
2009-03-09 12:34:00,69.1200,69.1600,69.1000,69.1200,245188
2009-03-09 12:33:00,69.1700,69.1800,69.1100,69.1200,197909
2009-03-09 12:32:00,69.0900,69.1800,69.0900,69.1600,283049
2009-03-09 12:31:00,69.1100,69.1100,69.0700,69.1000,152207
2009-03-09 12:30:00,69.1300,69.1400,69.0300,69.1026,752023
2009-03-09 12:29:00,69.1500,69.1800,69.1100,69.1300,260675
2009-03-09 12:28:00,69.1490,69.1750,69.1100,69.1400,549147
2009-03-09 12:27:00,69.2100,69.2194,69.1000,69.1500,504517
2009-03-09 12:26:00,69.2800,69.3300,69.2100,69.2100,614477
2009-03-09 12:25:00,69.3500,69.3590,69.2700,69.2800,551091
2009-03-09 12:24:00,69.3690,69.4400,69.3500,69.3500,287115
2009-03-09 12:23:00,69.3400,69.4400,69.3100,69.3700,519227
2009-03-09 12:22:00,69.3400,69.4500,69.3300,69.3600,995381
2009-03-09 12:21:00,69.2500,69.3600,69.2200,69.3300,785336
2009-03-09 12:20:00,69.3300,69.3600,69.2400,69.2400,449316
2009-03-09 12:19:00,69.2901,69.3400,69.2100,69.3300,469377
2009-03-09 12:18:00,69.3000,69.3200,69.2400,69.3000,369924
2009-03-09 12:17:00,69.2200,69.3600,69.2200,69.3000,535099
2009-03-09 12:16:00,69.2600,69.2700,69.2000,69.2200,399957
2009-03-09 12:15:00,69.2900,69.3000,69.2100,69.2600,394384
2009-03-09 12:14:00,69.3000,69.3300,69.2700,69.2900,612438
2009-03-09 12:13:00,69.2700,69.3100,69.2100,69.3000,551365
2009-03-09 12:12:00,69.1595,69.2900,69.1100,69.2700,787692
2009-03-09 12:11:00,68.9800,69.2000,68.9799,69.1594,694456
2009-03-09 12:10:00,68.9500,68.9800,68.9300,68.9800,182770
2009-03-09 12:09:00,68.9500,68.9900,68.9000,68.9400,657058
2009-03-09 12:08:00,68.9900,68.9900,68.9300,68.9400,175132
2009-03-09 12:07:00,68.9300,68.9900,68.9100,68.9900,132423
2009-03-09 12:06:00,69.0410,69.0500,68.8800,68.9400,409975
2009-03-09 12:05:00,69.0200,69.0500,68.9300,69.0500,545207
2009-03-09 12:04:00,68.9000,69.0300,68.8700,69.0200,353715
2009-03-09 12:03:00,69.0200,69.0500,68.8600,68.8990,529095
2009-03-09 12:02:00,68.9000,69.0600,68.8900,69.0200,436406
2009-03-09 12:01:00,68.9000,68.9200,68.8300,68.9000,290901
2009-03-09 12:00:00,68.9400,68.9500,68.8600,68.9100,431727
2009-03-09 11:59:00,68.8978,68.9800,68.8900,68.9500,562361
2009-03-09 11:58:00,68.8600,68.9300,68.8600,68.9000,320253
2009-03-09 11:57:00,68.8900,68.9000,68.8500,68.8600,215329
2009-03-09 11:56:00,68.7900,69.0700,68.7100,68.8900,2144684
2009-03-09 11:55:00,68.9100,68.9400,68.7800,68.7900,679071
2009-03-09 11:54:00,68.9700,69.0200,68.9100,68.9100,547563
2009-03-09 11:53:00,69.1200,69.1200,68.9200,68.9600,722002
2009-03-09 11:52:00,69.1699,69.1800,69.0600,69.1201,690155
2009-03-09 11:51:00,69.1500,69.1700,69.0600,69.1600,266602
2009-03-09 11:50:00,69.1200,69.1800,69.1100,69.1600,537434
2009-03-09 11:49:00,69.1600,69.1800,69.0000,69.1300,835894
2009-03-09 11:48:00,69.1300,69.2200,69.1300,69.1600,306597
2009-03-09 11:47:00,69.2100,69.2100,69.0900,69.1200,316604
2009-03-09 11:46:00,69.1800,69.2200,69.1400,69.2100,370555
2009-03-09 11:45:00,69.1000,69.2000,69.0900,69.1800,507993
2009-03-09 11:44:00,68.9900,69.1100,68.9700,69.1000,497260
2009-03-09 11:43:00,68.9600,69.0000,68.9500,68.9950,223445
2009-03-09 11:42:00,69.0100,69.0200,68.9500,68.9600,349444
2009-03-09 11:41:00,69.0200,69.0200,68.9000,69.0001,822846
2009-03-09 11:40:00,69.1000,69.1400,69.0000,69.0100,923666
2009-03-09 11:39:00,69.2000,69.2400,69.0800,69.1000,1048761
2009-03-09 11:38:00,69.0700,69.2100,69.0300,69.2100,317542
2009-03-09 11:37:00,69.0900,69.1500,69.0600,69.0700,363418
2009-03-09 11:36:00,68.9600,69.1200,68.9500,69.0900,613337
2009-03-09 11:35:00,69.0400,69.1200,68.9600,68.9601,580652
2009-03-09 11:34:00,69.0400,69.1000,69.0300,69.0400,292494
2009-03-09 11:33:00,68.9600,69.0500,68.9600,69.0306,1063700
2009-03-09 11:32:00,69.1000,69.1000,68.9300,68.9700,953456
2009-03-09 11:31:00,69.1600,69.1800,69.0700,69.0900,421027
2009-03-09 11:30:00,69.0000,69.2100,68.9900,69.1700,830687
2009-03-09 11:29:00,69.0800,69.0800,68.9600,68.9901,469406
2009-03-09 11:28:00,69.0100,69.1100,68.9900,69.0800,744457
2009-03-09 11:27:00,68.8706,69.0400,68.8700,69.0100,779662
2009-03-09 11:26:00,68.8100,68.8800,68.7800,68.8700,413484
2009-03-09 11:25:00,68.8300,68.8700,68.8100,68.8100,401637
2009-03-09 11:24:00,68.7700,68.9100,68.7700,68.8200,962716
2009-03-09 11:23:00,68.8400,68.8600,68.7600,68.7800,405624
2009-03-09 11:22:00,68.8000,68.8400,68.7200,68.8301,1163369
2009-03-09 11:21:00,68.6800,68.8100,68.6000,68.8000,1336601
2009-03-09 11:20:00,68.8100,68.8200,68.6700,68.6800,1240675
2009-03-09 11:19:00,68.9000,68.9200,68.7500,68.8000,1220703
2009-03-09 11:18:00,68.8900,68.9300,68.8600,68.9000,143112
2009-03-09 11:17:00,68.9900,69.0000,68.8600,68.8900,412214
2009-03-09 11:16:00,68.9500,69.0100,68.9500,68.9901,268676
2009-03-09 11:15:00,68.9600,69.0300,68.9500,68.9501,397758
2009-03-09 11:14:00,68.8700,68.9800,68.8500,68.9600,856703
2009-03-09 11:13:00,68.8194,68.9300,68.8000,68.8800,676438
2009-03-09 11:12:00,68.8200,68.8300,68.7700,68.8100,334041
2009-03-09 11:11:00,68.8500,68.8700,68.7900,68.8100,688653
2009-03-09 11:10:00,68.7510,68.8600,68.7100,68.8500,636549
2009-03-09 11:09:00,68.7500,68.8600,68.7300,68.7500,1038805
2009-03-09 11:08:00,68.7406,68.8000,68.7300,68.7490,411071
2009-03-09 11:07:00,68.7200,68.7800,68.6700,68.7400,906080
2009-03-09 11:06:00,68.9300,68.9300,68.7200,68.7200,841914
2009-03-09 11:05:00,68.9300,68.9600,68.8600,68.9300,789338
2009-03-09 11:04:00,69.0700,69.1000,68.8900,68.9300,685116
2009-03-09 11:03:00,69.0700,69.2400,69.0100,69.0700,1214568
2009-03-09 11:02:00,68.9900,69.1000,68.9900,69.0700,629237
2009-03-09 11:01:00,69.0100,69.0600,68.9700,68.9900,410355
2009-03-09 11:00:00,68.9000,69.0300,68.8800,69.0100,558762
2009-03-09 10:59:00,68.9200,69.4000,68.8800,68.9000,788591
2009-03-09 10:58:00,68.9600,68.9800,68.8200,68.9200,1142241
2009-03-09 10:57:00,69.1800,69.1800,68.9600,68.9600,1147359
2009-03-09 10:56:00,69.2800,69.2800,69.1300,69.1700,537504
2009-03-09 10:55:00,69.2900,69.3200,69.2000,69.2600,504671
2009-03-09 10:54:00,69.3600,69.4000,69.2100,69.3000,572420
2009-03-09 10:53:00,69.3900,69.4300,69.3300,69.3600,583248
2009-03-09 10:52:00,69.2600,69.3800,69.2300,69.3800,275254
2009-03-09 10:51:00,69.1500,69.2500,69.1400,69.2500,404328
2009-03-09 10:50:00,69.2600,69.2600,69.1300,69.1600,914181
2009-03-09 10:49:00,69.3500,69.3700,69.2500,69.2610,362268
2009-03-09 10:48:00,69.2800,69.4100,69.2800,69.3600,751398
2009-03-09 10:47:00,69.4400,69.5300,69.2800,69.2800,666078
2009-03-09 10:46:00,69.4800,69.5500,69.4300,69.4500,823699
2009-03-09 10:45:00,69.4600,69.5700,69.4600,69.4810,905544
2009-03-09 10:44:00,69.2700,69.4700,69.2600,69.4600,1154666
2009-03-09 10:43:00,69.1400,69.3200,69.1400,69.2600,1041462
2009-03-09 10:42:00,69.2300,69.2400,69.1000,69.1600,647311
2009-03-09 10:41:00,69.2400,69.2700,69.1400,69.2200,560346
2009-03-09 10:40:00,69.2299,69.2500,69.1000,69.2500,979499
2009-03-09 10:39:00,69.2000,69.2400,69.1100,69.2300,797262
2009-03-09 10:38:00,69.1200,69.2200,69.1100,69.2100,476592
2009-03-09 10:37:00,69.1300,69.1600,69.0600,69.1000,1090436
2009-03-09 10:36:00,69.3500,69.3600,69.1000,69.1300,1588831
2009-03-09 10:35:00,69.3800,69.3900,69.2600,69.3550,1424929
2009-03-09 10:34:00,69.5100,69.5200,69.3200,69.3700,1502184
2009-03-09 10:33:00,69.6495,69.6500,69.4800,69.5099,839752
2009-03-09 10:32:00,69.6000,69.6800,69.5600,69.6600,642375
2009-03-09 10:31:00,69.5500,69.6300,69.5400,69.5994,452107
2009-03-09 10:30:00,69.4800,69.6000,69.4600,69.5499,772709
2009-03-09 10:29:00,69.5700,69.6100,69.4800,69.4900,497128
2009-03-09 10:28:00,69.5500,69.6900,69.5400,69.5700,845521
2009-03-09 10:27:00,69.5700,69.6100,69.5300,69.5500,679952
2009-03-09 10:26:00,69.6300,69.6510,69.5500,69.5700,853159
2009-03-09 10:25:00,69.6900,69.7200,69.6000,69.6300,606978
2009-03-09 10:24:00,69.7200,69.7400,69.6500,69.7000,512026
2009-03-09 10:23:00,69.7610,69.8100,69.7100,69.7300,723478
2009-03-09 10:22:00,69.7300,69.7800,69.6900,69.7700,460980
2009-03-09 10:21:00,69.7900,69.7900,69.7000,69.7200,942854
2009-03-09 10:20:00,69.8300,69.8800,69.7600,69.7900,860021
2009-03-09 10:19:00,69.9100,69.9600,69.8000,69.8300,937273
2009-03-09 10:18:00,69.9400,70.0000,69.9100,69.9100,1229443
2009-03-09 10:17:00,69.9200,70.0000,69.9000,69.9500,1021157
2009-03-09 10:16:00,69.9000,69.9900,69.8900,69.9200,1627044
2009-03-09 10:15:00,69.8000,69.9100,69.7100,69.9000,1532520
2009-03-09 10:14:00,69.9100,69.9200,69.8000,69.8000,1182608
2009-03-09 10:13:00,69.7900,70.0000,69.7800,69.9100,2351856
2009-03-09 10:12:00,69.7100,69.8000,69.7100,69.7900,1242813
2009-03-09 10:11:00,69.6500,69.7900,69.6500,69.7200,887601
2009-03-09 10:10:00,69.5600,69.6600,69.5400,69.6500,922818
2009-03-09 10:09:00,69.7300,69.7800,69.5600,69.5700,1521385
2009-03-09 10:08:00,69.6500,69.7800,69.5500,69.7200,1298799
2009-03-09 10:07:00,69.6100,69.6800,69.5600,69.6500,1500920
2009-03-09 10:06:00,69.4200,69.6400,69.3900,69.6100,1683969
2009-03-09 10:05:00,69.2294,69.4400,69.2100,69.4200,1443575
2009-03-09 10:04:00,69.1300,69.2600,69.0900,69.2200,982332
2009-03-09 10:03:00,68.9900,69.1400,68.9900,69.1300,1117976
2009-03-09 10:02:00,68.9516,69.0300,68.9000,68.9900,640475
2009-03-09 10:01:00,68.9500,68.9800,68.9200,68.9500,755289
2009-03-09 10:00:00,68.9500,68.9900,68.9400,68.9496,587125
2009-03-09 09:59:00,69.0100,69.0400,68.8900,68.9500,976629
2009-03-09 09:58:00,69.1200,69.1400,68.9700,69.0050,1351449
2009-03-09 09:57:00,69.1500,69.1800,69.1100,69.1300,944576
2009-03-09 09:56:00,69.2700,69.3000,69.1100,69.1500,986300
2009-03-09 09:55:00,69.2700,69.3300,69.2400,69.2700,1400824
2009-03-09 09:54:00,69.4400,69.4600,68.8000,69.2600,1525517
2009-03-09 09:53:00,69.3100,69.4500,69.2800,69.4500,2302075
2009-03-09 09:52:00,69.2900,69.3100,69.2100,69.3100,1231589
2009-03-09 09:51:00,69.3500,69.3700,69.2500,69.2900,1373775
2009-03-09 09:50:00,69.2100,69.3500,69.1500,69.3500,2205449
2009-03-09 09:49:00,69.0500,69.2600,69.0200,69.2100,1561263
2009-03-09 09:48:00,68.9300,69.0500,68.9100,69.0500,1511197
2009-03-09 09:47:00,68.8100,68.9500,68.7300,68.9300,1231503
2009-03-09 09:46:00,68.6900,68.8700,68.6800,68.8200,1319077
2009-03-09 09:45:00,68.7400,68.8100,68.6600,68.7000,1080252
2009-03-09 09:44:00,68.6500,68.7600,68.6000,68.7400,1127293
2009-03-09 09:43:00,68.6800,68.7000,68.6000,68.6500,1257104
2009-03-09 09:42:00,68.7900,68.8200,68.6500,68.6800,1114272
2009-03-09 09:41:00,68.7300,68.8300,68.6900,68.7900,2020155
2009-03-09 09:40:00,68.5600,68.7400,68.5400,68.7400,1176151
2009-03-09 09:39:00,68.4800,68.5700,68.4700,68.5600,1074982
2009-03-09 09:38:00,68.4500,68.5000,68.3500,68.4900,1124081
2009-03-09 09:37:00,68.4100,68.5200,68.3400,68.4600,1065649
2009-03-09 09:36:00,68.5200,68.5300,68.4000,68.4000,1071917
2009-03-09 09:35:00,68.3500,68.5500,68.3100,68.5200,1274968
2009-03-09 09:34:00,68.2600,68.3600,68.2500,68.3500,1084726
2009-03-09 09:33:00,68.0800,68.2600,68.0300,68.2500,1619391
2009-03-09 09:32:00,68.1400,68.1900,68.0700,68.0900,1133221
2009-03-09 09:31:00,68.1700,68.2600,68.0500,68.1300,1325822
2009-03-09 09:30:00,67.9700,68.1900,67.9500,68.1600,1606520
2009-03-09 09:29:00,68.0100,68.0200,67.9500,67.9500,111000
2009-03-09 09:28:00,68.0300,68.0700,68.0000,68.0000,61346
2009-03-09 09:27:00,68.0500,68.0500,67.9900,68.0200,22457
2009-03-09 09:26:00,68.0400,68.0800,68.0400,68.0500,23438
2009-03-09 09:25:00,68.0500,68.0900,68.0000,68.0400,102555
2009-03-09 09:24:00,67.9800,68.0700,67.9800,68.0400,108308
2009-03-09 09:23:00,67.9900,68.0000,67.9200,67.9700,55592
2009-03-09 09:22:00,67.9400,67.9900,67.9300,67.9900,66290
2009-03-09 09:21:00,67.9600,67.9700,67.9300,67.9300,37125
2009-03-09 09:20:00,67.9700,67.9900,67.9500,67.9800,19297
2009-03-09 09:19:00,68.0000,68.0100,67.8900,67.9700,442105
2009-03-09 09:18:00,68.0700,68.0700,67.9900,68.0000,81424
2009-03-09 09:17:00,68.1200,68.1400,68.0500,68.0700,152337
2009-03-09 09:16:00,68.0600,68.1200,68.0500,68.1200,139617
2009-03-09 09:15:00,67.9800,68.0600,67.9800,68.0500,58392
2009-03-09 09:14:00,67.9800,68.0000,67.9500,67.9600,33270
2009-03-09 09:13:00,68.0300,68.0300,67.9700,67.9800,41903
2009-03-09 09:12:00,68.0100,68.0700,67.9800,68.0500,219107
2009-03-09 09:11:00,68.1000,68.1100,68.0100,68.0100,153015
2009-03-09 09:10:00,68.0600,68.1200,68.0600,68.0900,70306
2009-03-09 09:09:00,68.1200,68.1200,68.0600,68.0700,64264
2009-03-09 09:08:00,68.1600,68.1700,68.1200,68.1200,43807
2009-03-09 09:07:00,68.2000,68.2000,68.1400,68.1800,29417
2009-03-09 09:06:00,68.2300,68.2400,68.1900,68.2000,15679
2009-03-09 09:05:00,68.2700,68.2700,68.2300,68.2300,6775
2009-03-09 09:04:00,68.2300,68.2900,68.2300,68.2900,8850
2009-03-09 09:03:00,68.1900,68.2400,68.1900,68.2300,9906
2009-03-09 09:02:00,68.2100,68.2400,68.1900,68.1900,13182
2009-03-09 09:01:00,68.2000,68.2200,68.1800,68.2200,7650
2009-03-09 09:00:00,68.2500,68.2900,68.2000,68.2100,107111
2009-03-09 08:59:00,68.2400,68.2500,68.2300,68.2500,33640
2009-03-09 08:58:00,68.1900,68.2400,68.1600,68.2300,32681
2009-03-09 08:57:00,68.1600,68.2000,68.1500,68.1900,5977
2009-03-09 08:56:00,68.1200,68.1800,68.0800,68.1600,40082
2009-03-09 08:55:00,68.1100,68.1100,68.0600,68.1100,20978
2009-03-09 08:54:00,68.1800,68.1900,68.0600,68.1100,89559
2009-03-09 08:53:00,68.1700,68.2000,68.1600,68.1800,28753
2009-03-09 08:52:00,68.1400,68.1700,68.1100,68.1700,85500
2009-03-09 08:51:00,68.1600,68.2000,68.1300,68.1300,42591
2009-03-09 08:50:00,68.1900,68.2400,68.1200,68.1400,66834
2009-03-09 08:49:00,68.1000,68.2000,68.1000,68.2000,18127
2009-03-09 08:48:00,68.0900,68.1200,68.0800,68.0800,86438
2009-03-09 08:47:00,68.0800,68.0900,68.0400,68.0900,186847
2009-03-09 08:46:00,68.1000,68.1500,68.0700,68.0800,36779
2009-03-09 08:45:00,68.2300,68.2500,68.1000,68.1100,51612
2009-03-09 08:44:00,68.2400,68.2700,68.2200,68.2400,19044
2009-03-09 08:43:00,68.2700,68.2700,68.2200,68.2300,14203
2009-03-09 08:42:00,68.2700,68.2700,68.2400,68.2700,4673
2009-03-09 08:41:00,68.2600,68.3100,68.2600,68.3000,28530
2009-03-09 08:40:00,68.3300,68.3300,68.2500,68.2600,6800
2009-03-09 08:39:00,68.3200,68.3300,68.3200,68.3300,7500
2009-03-09 08:38:00,68.3300,68.3400,68.3300,68.3300,23200
2009-03-09 08:37:00,68.3200,68.3300,68.2900,68.3300,97816
2009-03-09 08:36:00,68.3100,68.3200,68.3000,68.3100,149651
2009-03-09 08:35:00,68.3100,68.3200,68.3000,68.3000,70650
2009-03-09 08:34:00,68.2400,68.3200,68.2400,68.3000,109873
2009-03-09 08:33:00,68.2200,68.2300,68.1600,68.2300,31667
2009-03-09 08:32:00,68.2900,68.3100,68.2100,68.2200,176476
2009-03-09 08:31:00,68.2600,68.2900,68.2500,68.2800,139135
2009-03-09 08:30:00,68.1500,68.2600,68.1500,68.2600,224034
2009-03-09 08:29:00,68.0900,68.1600,68.0900,68.1600,88500
2009-03-09 08:28:00,68.2200,68.2300,68.0900,68.0900,259366
2009-03-09 08:27:00,68.2800,68.3000,68.2200,68.2200,135200
2009-03-09 08:26:00,68.3500,68.3500,68.2600,68.2800,149354
2009-03-09 08:25:00,68.3900,68.4100,68.3100,68.3500,64502
2009-03-09 08:24:00,68.3700,68.4100,68.3700,68.4000,94697
2009-03-09 08:23:00,68.3600,68.3900,68.3600,68.3700,106600
2009-03-09 08:22:00,68.3500,68.3700,68.3500,68.3700,390588
2009-03-09 08:21:00,68.3300,68.3600,68.2900,68.3400,104000
2009-03-09 08:20:00,68.3400,68.3500,68.3300,68.3300,60427
2009-03-09 08:19:00,68.3200,68.3400,68.2900,68.3300,75656
2009-03-09 08:18:00,68.3200,68.3300,68.3200,68.3300,21640
2009-03-09 08:17:00,68.2900,68.3300,68.2900,68.3300,31079
2009-03-09 08:16:00,68.2600,68.2800,68.2600,68.2800,14800
2009-03-09 08:15:00,68.2000,68.2700,68.2000,68.2600,522608
2009-03-09 08:14:00,68.1800,68.2000,68.1600,68.1900,16198
2009-03-09 08:13:00,68.1800,68.1800,68.1400,68.1800,26964
2009-03-09 08:12:00,68.2100,68.2100,68.1700,68.1700,9952
2009-03-09 08:11:00,68.1900,68.2000,68.1400,68.2000,3150
2009-03-09 08:10:00,68.0500,68.2600,68.0500,68.2000,423577
2009-03-09 08:09:00,68.2000,68.2000,68.1500,68.2000,31433
2009-03-09 08:08:00,68.2300,68.2300,68.2000,68.2000,65600
2009-03-09 08:07:00,68.2700,68.2700,68.2000,68.2000,33310
2009-03-09 08:06:00,68.2600,68.2800,68.2600,68.2800,4165
2009-03-09 08:05:00,68.3200,68.3200,68.2600,68.2600,30415
2009-03-09 08:04:00,68.3300,68.3300,68.3100,68.3300,13800
2009-03-09 08:03:00,68.3200,68.3200,68.2900,68.3000,23012
2009-03-09 08:02:00,68.3200,68.3600,68.3200,68.3200,27026
2009-03-09 08:01:00,68.3400,68.3400,68.3200,68.3300,36500
2009-03-09 08:00:00,68.3100,68.3400,68.3100,68.3400,43829
2009-03-09 07:59:00,68.3000,68.3000,68.2900,68.2900,7800
2009-03-09 07:58:00,68.3200,68.3200,68.3200,68.3200,500
2009-03-09 07:57:00,68.2800,68.3100,68.2800,68.2900,6930
2009-03-09 07:56:00,68.3700,68.3700,68.2600,68.2700,9616
2009-03-09 07:55:00,68.3800,68.3800,68.3800,68.3800,6000
2009-03-09 07:54:00,68.4400,68.4400,68.3700,68.3700,4876
2009-03-09 07:53:00,68.4200,68.4300,68.4200,68.4300,5100
2009-03-09 07:52:00,68.4500,68.4500,68.4100,68.4200,14500
2009-03-09 07:51:00,68.4400,68.4600,68.4200,68.4500,7900
2009-03-09 07:50:00,68.5200,68.5300,68.4400,68.4400,10400
2009-03-09 07:49:00,68.5300,68.5300,68.5200,68.5200,14950
2009-03-09 07:48:00,68.5300,68.5300,68.5300,68.5300,5000
2009-03-09 07:47:00,68.5400,68.5400,68.5400,68.5400,500
2009-03-09 07:46:00,68.5800,68.5800,68.5300,68.5500,19200
2009-03-09 07:45:00,68.5500,68.5900,68.5500,68.5700,12400
2009-03-09 07:44:00,68.6100,68.6300,68.6000,68.6100,3100
2009-03-09 07:43:00,68.5500,68.6300,68.5500,68.6000,5100
2009-03-09 07:42:00,68.5000,68.5500,68.4800,68.5500,8000
2009-03-09 07:41:00,68.4200,68.4600,68.3900,68.4600,28400
2009-03-09 07:40:00,68.4400,68.4400,68.4300,68.4300,5500
2009-03-09 07:39:00,68.3600,68.4000,68.3600,68.4000,200
2009-03-09 07:38:00,68.3800,68.3800,68.3300,68.3400,5900
2009-03-09 07:37:00,68.4500,68.4500,68.4100,68.4100,1000
2009-03-09 07:35:00,68.3300,68.3800,68.3300,68.3800,6600
2009-03-09 07:34:00,68.2900,68.3200,68.2900,68.3200,1100
2009-03-09 07:33:00,68.3200,68.3200,68.2600,68.2900,9350
2009-03-09 07:32:00,68.3400,68.3800,68.3400,68.3800,3500
2009-03-09 07:30:00,68.4600,68.4600,68.4600,68.4600,10000
2009-03-09 07:29:00,68.4900,68.5000,68.4600,68.4800,4690
2009-03-09 07:28:00,68.4900,68.4900,68.4200,68.4900,3600
2009-03-09 07:27:00,68.4400,68.4600,68.4400,68.4600,28100
2009-03-09 07:26:00,68.3500,68.4000,68.3500,68.4000,1300
2009-03-09 07:25:00,68.3600,68.3600,68.3400,68.3400,5200
2009-03-09 07:24:00,68.3200,68.3600,68.3200,68.3600,5000
2009-03-09 07:23:00,68.3400,68.3800,68.3400,68.3500,6500
2009-03-09 07:22:00,68.2800,68.3100,68.2800,68.2800,21300
2009-03-09 07:21:00,68.1400,68.2100,68.1400,68.2100,2500
2009-03-09 07:20:00,68.1400,68.1600,68.1400,68.1600,1650
2009-03-09 07:19:00,68.1000,68.1000,68.1000,68.1000,300
2009-03-09 07:18:00,68.2000,68.2000,68.1000,68.1000,21600
2009-03-09 07:17:00,68.2300,68.2400,68.1900,68.2400,36900
2009-03-09 07:16:00,68.2500,68.2500,68.2100,68.2100,6000
2009-03-09 07:15:00,68.2700,68.2700,68.2400,68.2400,51100
2009-03-09 07:14:00,68.3300,68.3600,68.3300,68.3600,30600
2009-03-09 07:13:00,68.2700,68.3300,68.2700,68.3300,47725
2009-03-09 07:12:00,68.2800,68.3000,68.2300,68.3000,20800
2009-03-09 07:11:00,68.1100,68.2800,68.1100,68.2800,111600
2009-03-09 07:10:00,67.9900,68.0700,67.9900,68.0700,135500
2009-03-09 07:09:00,68.0400,68.0600,67.9900,67.9900,9560
2009-03-09 07:08:00,68.0000,68.0400,68.0000,68.0200,49530
2009-03-09 07:07:00,68.0000,68.0400,67.9700,68.0000,24530
2009-03-09 07:06:00,67.8700,68.0200,67.8700,68.0100,43660
2009-03-09 07:05:00,67.9500,67.9600,67.8700,67.8700,6272
2009-03-09 07:04:00,68.0100,68.0100,67.9300,67.9500,11100
2009-03-09 07:03:00,68.0100,68.0400,67.9800,68.0400,14082
2009-03-09 07:02:00,68.1500,68.1500,68.0500,68.0500,1841
2009-03-09 07:01:00,68.2000,68.2000,68.2000,68.2000,10000
2009-03-09 07:00:00,68.1700,68.1700,68.1500,68.1500,1100
2009-03-09 06:59:00,68.1500,68.1700,68.1500,68.1700,25300
2009-03-09 06:57:00,68.2000,68.2000,68.1700,68.1700,5000
2009-03-09 06:56:00,68.2100,68.2100,68.2100,68.2100,600
2009-03-09 06:53:00,68.1200,68.1500,68.1200,68.1500,860
2009-03-09 06:52:00,68.1600,68.1600,68.1500,68.1500,2500
2009-03-09 06:47:00,68.2700,68.2700,68.2200,68.2200,7000
2009-03-09 06:46:00,68.3100,68.3100,68.2900,68.2900,8600
2009-03-09 06:43:00,68.3500,68.3500,68.3200,68.3200,1500
2009-03-09 06:42:00,68.3700,68.3700,68.3000,68.3000,5300
2009-03-09 06:40:00,68.3100,68.3200,68.3100,68.3200,1800
2009-03-09 06:39:00,68.3500,68.3500,68.3500,68.3500,300
2009-03-09 06:36:00,68.2700,68.2700,68.2700,68.2700,1000
2009-03-09 06:32:00,68.2500,68.2500,68.2500,68.2500,5000
2009-03-09 06:27:00,68.1700,68.2500,68.1500,68.2500,5200
2009-03-09 06:26:00,68.2100,68.2100,68.2000,68.2000,2500
2009-03-09 06:23:00,67.7400,68.5700,67.7400,68.3000,41440
2009-03-06 22:19:00,68.9400,68.9400,68.9200,68.9200,60803
2009-03-06 19:59:00,69.4400,69.4400,69.4300,69.4300,1000
2009-03-06 19:56:00,69.3800,69.3800,69.3600,69.3600,4800
2009-03-06 19:55:00,69.4000,69.4000,69.4000,69.4000,100
2009-03-06 19:54:00,69.3800,69.4400,69.3800,69.4300,1200
2009-03-06 19:53:00,69.3800,69.3800,69.3800,69.3800,380
2009-03-06 19:52:00,69.3900,69.3900,69.3700,69.3800,1265
2009-03-06 19:50:00,69.3900,69.4400,69.3900,69.3900,890
2009-03-06 19:49:00,69.4400,69.4400,69.3900,69.3900,500
2009-03-06 19:47:00,69.3600,69.3900,69.3600,69.3900,1450
2009-03-06 19:44:00,69.4300,69.4300,69.4300,69.4300,100
2009-03-06 19:43:00,69.3900,69.3900,69.3900,69.3900,900
2009-03-06 19:38:00,69.3900,69.3900,69.3900,69.3900,100
2009-03-06 19:36:00,69.3900,69.3900,69.3900,69.3900,2882
2009-03-06 19:29:00,69.4000,69.4000,69.4000,69.4000,968
2009-03-06 19:26:00,69.4100,69.4100,69.3900,69.4000,4300
2009-03-06 19:25:00,69.4300,69.4300,69.4100,69.4200,832
2009-03-06 19:24:00,69.4500,69.4600,69.4500,69.4600,1930
2009-03-06 19:20:00,69.4300,69.4300,69.4300,69.4300,162
2009-03-06 19:19:00,69.4300,69.4300,69.4300,69.4300,218
2009-03-06 19:18:00,69.4300,69.4300,69.4300,69.4300,300
2009-03-06 19:17:00,69.4300,69.4300,69.4300,69.4300,479
2009-03-06 19:16:00,69.4300,69.4300,69.4300,69.4300,839
2009-03-06 19:15:00,69.4300,69.4300,69.4300,69.4300,670
2009-03-06 19:14:00,69.4300,69.4300,69.4300,69.4300,2200
2009-03-06 19:12:00,69.4400,69.4400,69.4400,69.4400,5100
2009-03-06 19:11:00,69.4100,69.4100,69.4000,69.4000,756
2009-03-06 19:10:00,69.4400,69.4500,69.4400,69.4400,865
2009-03-06 19:09:00,69.4400,69.4400,69.4400,69.4400,2000
2009-03-06 19:08:00,69.4100,69.4100,69.4100,69.4100,151
2009-03-06 19:06:00,69.4400,69.4400,69.4400,69.4400,600
2009-03-06 19:05:00,69.3900,69.4000,69.3900,69.4000,995
2009-03-06 19:04:00,69.3900,69.3900,69.3900,69.3900,264
2009-03-06 19:00:00,69.4000,69.4000,69.4000,69.4000,200
2009-03-06 18:59:00,69.3700,69.3800,69.3700,69.3800,917
2009-03-06 18:58:00,69.3700,69.3700,69.3500,69.3500,3200
2009-03-06 18:57:00,69.3600,69.3600,69.3600,69.3600,400
2009-03-06 18:56:00,69.3600,69.3600,69.3600,69.3600,500
2009-03-06 18:55:00,69.3700,69.3700,69.3700,69.3700,3955
2009-03-06 18:53:00,69.3700,69.3700,69.3700,69.3700,935
2009-03-06 18:52:00,69.3800,69.3800,69.3800,69.3800,1900
2009-03-06 18:51:00,69.3800,69.3800,69.3800,69.3800,100
2009-03-06 18:50:00,69.3800,69.3800,69.3800,69.3800,528
2009-03-06 18:49:00,69.3800,69.3800,69.3800,69.3800,1057
2009-03-06 18:47:00,69.4000,69.4000,69.4000,69.4000,150
2009-03-06 18:46:00,69.4000,69.4000,69.4000,69.4000,738
2009-03-06 18:45:00,69.4000,69.4000,69.4000,69.4000,100
2009-03-06 18:44:00,69.4400,69.4500,69.4300,69.4500,2500
2009-03-06 18:43:00,69.4000,69.4000,69.4000,69.4000,962
2009-03-06 18:40:00,69.4000,69.4000,69.4000,69.4000,431
2009-03-06 18:36:00,69.4400,69.4400,69.4400,69.4400,100
2009-03-06 18:35:00,69.3800,69.4000,69.3800,69.4000,514
2009-03-06 18:34:00,69.4000,69.4000,69.3800,69.3800,500
2009-03-06 18:33:00,69.3800,69.3800,69.3800,69.3800,519
2009-03-06 18:32:00,69.4300,69.4300,69.4300,69.4300,200
2009-03-06 18:27:00,69.4000,69.4000,69.4000,69.4000,481
2009-03-06 18:26:00,69.4000,69.4000,69.4000,69.4000,100
2009-03-06 18:25:00,69.3900,69.3900,69.3900,69.3900,1900
2009-03-06 18:24:00,69.3700,69.3700,69.3700,69.3700,100
2009-03-06 18:23:00,69.3900,69.4000,69.3900,69.3900,5100
2009-03-06 18:22:00,69.3800,69.3800,69.3700,69.3800,1118
2009-03-06 18:21:00,69.3900,69.3900,69.3800,69.3900,1019
2009-03-06 18:19:00,69.3900,69.3900,69.3800,69.3800,1300
2009-03-06 18:18:00,69.4300,69.4400,69.4300,69.4300,8600
2009-03-06 18:17:00,69.4300,69.4300,69.4300,69.4300,3000
2009-03-06 18:16:00,69.4000,69.4000,69.4000,69.4000,1000
2009-03-06 18:12:00,69.4400,69.4500,69.4400,69.4500,2860
2009-03-06 18:11:00,69.4200,69.4200,69.3700,69.3900,415
2009-03-06 18:10:00,69.4400,69.4400,69.4400,69.4400,500
2009-03-06 18:09:00,69.4200,69.4200,69.4200,69.4200,404
2009-03-06 18:06:00,69.4100,69.4100,69.4100,69.4100,404
2009-03-06 18:04:00,69.4400,69.4400,69.4400,69.4400,400
2009-03-06 18:03:00,69.4400,69.4400,69.4400,69.4400,900
2009-03-06 18:01:00,69.4400,69.4400,69.4400,69.4400,1000
2009-03-06 18:00:00,69.4300,69.4300,69.4300,69.4300,200
2009-03-06 17:58:00,69.4300,69.4300,69.4300,69.4300,400
2009-03-06 17:55:00,69.4100,69.4100,69.4100,69.4100,1000
2009-03-06 17:54:00,69.4100,69.4100,69.4100,69.4100,396
2009-03-06 17:52:00,69.4300,69.4300,69.4300,69.4300,200
2009-03-06 17:51:00,69.4500,69.4500,69.4500,69.4500,100
2009-03-06 17:50:00,69.4200,69.4700,69.4100,69.4500,5853
2009-03-06 17:49:00,69.4100,69.4100,69.4100,69.4100,300
2009-03-06 17:48:00,69.4100,69.4100,69.4000,69.4000,1400
2009-03-06 17:47:00,69.4000,69.4100,69.4000,69.4100,400
2009-03-06 17:46:00,69.4100,69.4100,69.4100,69.4100,1000
2009-03-06 17:45:00,69.4200,69.4200,69.4200,69.4200,100
2009-03-06 17:44:00,69.4200,69.4200,69.4200,69.4200,3800
2009-03-06 17:43:00,69.4200,69.4200,69.4200,69.4200,100
2009-03-06 17:42:00,69.4200,69.4200,69.4200,69.4200,200
2009-03-06 17:40:00,69.4200,69.4200,69.4200,69.4200,100
2009-03-06 17:39:00,69.4000,69.4200,69.4000,69.4200,1048
2009-03-06 17:38:00,69.3800,69.3800,69.3800,69.3800,200
2009-03-06 17:37:00,69.3500,69.4000,69.3400,69.4000,996
2009-03-06 17:36:00,69.3700,69.3700,69.3600,69.3600,4104
2009-03-06 17:35:00,69.4000,69.4300,69.4000,69.4300,381
2009-03-06 17:33:00,69.4200,69.4200,69.4200,69.4200,5000
2009-03-06 17:32:00,69.3900,69.4000,69.3600,69.3700,1844
2009-03-06 17:31:00,69.4000,69.4000,69.4000,69.4000,600
2009-03-06 17:29:00,69.3400,69.3800,69.3400,69.3400,3300
2009-03-06 17:28:00,69.3500,69.3500,69.3400,69.3400,4993
2009-03-06 17:27:00,69.3800,69.3800,69.3500,69.3500,1700
2009-03-06 17:26:00,69.3600,69.3600,69.3600,69.3600,600
2009-03-06 17:25:00,69.3800,69.3800,69.3800,69.3800,300
2009-03-06 17:24:00,69.3500,69.3500,69.3500,69.3500,300
2009-03-06 17:23:00,69.3500,69.3500,69.3400,69.3400,1300
2009-03-06 17:21:00,69.3800,69.4600,69.2700,69.3800,24121
2009-03-06 17:20:00,69.3200,69.3200,69.3200,69.3200,500
2009-03-06 17:17:00,69.3900,69.3900,69.3900,69.3900,100
2009-03-06 17:16:00,69.3200,69.3200,69.3100,69.3100,2800
2009-03-06 17:15:00,69.3100,69.3100,69.3100,69.3100,1400
2009-03-06 17:14:00,69.3300,69.3300,69.3100,69.3100,1700
2009-03-06 17:13:00,69.3300,69.3300,69.3300,69.3300,4198
2009-03-06 17:12:00,69.3500,69.3500,69.3300,69.3300,2158
2009-03-06 17:11:00,69.3400,69.3600,69.3300,69.3500,12802
2009-03-06 17:10:00,69.3800,69.3900,69.3700,69.3700,4732
2009-03-06 17:09:00,69.3800,69.4500,69.3700,69.4500,12022
2009-03-06 17:08:00,69.4100,69.4100,69.3700,69.4000,13459
2009-03-06 17:07:00,69.4400,69.4500,69.4000,69.4100,6383
2009-03-06 17:06:00,69.4100,69.4100,69.4000,69.4100,1495
2009-03-06 17:05:00,69.4700,69.4700,69.4100,69.4500,614
2009-03-06 17:04:00,69.4200,69.4200,69.4000,69.4100,6047
2009-03-06 17:03:00,69.4300,69.4500,69.4200,69.4500,600
2009-03-06 17:02:00,69.4600,69.4900,69.4200,69.4500,13976
2009-03-06 17:01:00,69.4600,69.4600,69.4600,69.4600,1233
2009-03-06 17:00:00,69.4700,69.4700,69.4600,69.4600,3311
2009-03-06 16:59:00,69.4600,69.4600,69.4500,69.4500,2500
2009-03-06 16:58:00,69.4600,69.4600,69.4600,69.4600,200
2009-03-06 16:57:00,69.5100,69.5200,69.5100,69.5100,12600
2009-03-06 16:56:00,69.5100,69.5100,69.5000,69.5100,2500
2009-03-06 16:55:00,69.5000,69.5200,69.5000,69.5000,4200
2009-03-06 16:54:00,69.4700,69.5000,69.4700,69.5000,2969
2009-03-06 16:53:00,69.4300,69.4800,69.4200,69.4700,10436
2009-03-06 16:52:00,69.4300,69.4300,69.4200,69.4200,2787
2009-03-06 16:51:00,69.4300,69.4600,69.4300,69.4600,2908
2009-03-06 16:50:00,69.4500,69.4500,69.4200,69.4500,7800
2009-03-06 16:49:00,69.4400,69.4500,69.4400,69.4500,3660
2009-03-06 16:48:00,69.4200,69.4500,69.4100,69.4500,2000
2009-03-06 16:47:00,69.4100,69.4100,69.4100,69.4100,200
2009-03-06 16:46:00,69.4500,69.4500,69.4100,69.4100,2400
2009-03-06 16:45:00,69.4800,69.5200,69.4800,69.5200,10270
2009-03-06 16:44:00,69.4700,69.4900,69.4700,69.4900,21057
2009-03-06 16:43:00,69.4800,69.4800,69.4500,69.4800,12610
2009-03-06 16:42:00,69.5000,69.5100,69.5000,69.5100,5000
2009-03-06 16:41:00,69.5200,69.6000,69.4700,69.4700,26908
2009-03-06 16:40:00,69.5000,69.5200,69.5000,69.5200,28092
2009-03-06 16:39:00,69.5000,69.5000,69.4300,69.4700,11848
2009-03-06 16:38:00,69.5500,69.5500,69.4700,69.5000,29176
2009-03-06 16:37:00,69.4500,69.5500,69.4500,69.5500,6064885
2009-03-06 16:36:00,69.4400,69.5000,69.4400,69.4500,2013666
2009-03-06 16:35:00,69.3200,69.4500,69.3000,69.4500,40543
2009-03-06 16:34:00,69.3300,69.4000,69.3000,69.3500,6025
2009-03-06 16:33:00,69.3400,69.4000,68.7170,69.3500,1016644
2009-03-06 16:32:00,69.3200,69.3700,69.3000,69.3100,6580
2009-03-06 16:31:00,69.3300,69.3400,69.3000,69.3300,10929
2009-03-06 16:30:00,69.3400,69.3600,69.3100,69.3300,74600
2009-03-06 16:29:00,69.3000,69.3300,69.3000,69.3300,51117
2009-03-06 16:28:00,69.2600,69.3000,69.2500,69.3000,37818
2009-03-06 16:27:00,68.8348,69.3900,68.8348,69.2600,30778
2009-03-06 16:26:00,69.2600,69.3000,69.2600,69.2600,27500
2009-03-06 16:25:00,69.2900,69.3300,69.2200,69.2600,34979
2009-03-06 16:24:00,69.2600,69.3000,69.2500,69.2900,25616
2009-03-06 16:23:00,69.2300,69.2700,69.2100,69.2500,5043
2009-03-06 16:22:00,69.2800,69.3000,69.2500,69.2600,21708
2009-03-06 16:21:00,69.3000,69.3200,69.2900,69.2900,19752
2009-03-06 16:20:00,69.2000,69.3000,69.1500,69.3000,61728
2009-03-06 16:19:00,69.1500,69.2000,69.1400,69.2000,50553
2009-03-06 16:18:00,69.0900,69.1300,69.0600,69.1000,26845
2009-03-06 16:17:00,69.1200,69.1400,69.0500,69.0500,1108962
2009-03-06 16:16:00,69.2600,69.3000,69.1200,69.1300,67474
2009-03-06 16:15:00,69.3200,69.3500,69.2600,69.2600,1081215
2009-03-06 16:14:00,69.2700,69.3500,69.2700,69.3100,194866
2009-03-06 16:13:00,69.2400,69.3100,69.2400,69.2700,161852
2009-03-06 16:12:00,69.0500,69.2700,69.0500,69.2400,544360
2009-03-06 16:11:00,69.0000,69.0700,68.9900,69.0300,125559
2009-03-06 16:10:00,69.0100,69.0100,68.8400,69.0000,149311
2009-03-06 16:09:00,68.9800,69.0000,68.9100,69.0000,122082
2009-03-06 16:08:00,68.9400,68.9800,68.9400,68.9700,125195
2009-03-06 16:07:00,68.9600,68.9900,68.9400,68.9400,121592
2009-03-06 16:06:00,68.9900,69.0100,68.9500,68.9700,384587
2009-03-06 16:05:00,69.0000,69.0400,68.9900,68.9900,333276
2009-03-06 16:04:00,69.0100,69.0200,68.9300,69.0100,406743
2009-03-06 16:03:00,68.9600,69.0100,68.8700,69.0100,803981
2009-03-06 16:02:00,69.0100,69.0700,68.8400,68.9600,772948
2009-03-06 16:01:00,68.7500,69.0000,68.7500,69.0000,1026288
2009-03-06 16:00:00,68.8500,69.0200,68.7500,68.7500,11542375
2009-03-06 15:59:00,68.8100,68.8800,68.7400,68.8400,3070260
2009-03-06 15:58:00,68.9700,69.0100,68.7900,68.8100,2892319
2009-03-06 15:57:00,68.7800,68.9700,68.7600,68.9600,1982942
2009-03-06 15:56:00,68.7500,68.8200,68.7200,68.7800,1906083
2009-03-06 15:55:00,68.6800,68.8500,68.6500,68.7500,2785897
2009-03-06 15:54:00,68.4100,68.7100,68.4000,68.6800,2365542
2009-03-06 15:53:00,68.4600,68.4800,68.3000,68.4100,2114215
2009-03-06 15:52:00,68.2900,68.5000,68.2800,68.4600,1920428
2009-03-06 15:51:00,68.3600,68.3700,68.1700,68.2800,1825763
2009-03-06 15:50:00,68.1700,68.3800,68.1200,68.3600,1920513
2009-03-06 15:49:00,68.0100,68.2600,68.0000,68.1700,1903232
2009-03-06 15:48:00,68.1600,68.1800,67.9500,68.0196,3734434
2009-03-06 15:47:00,68.5000,68.5100,68.1500,68.1620,2112265
2009-03-06 15:46:00,68.4600,68.6400,68.4500,68.5000,3654443
2009-03-06 15:45:00,68.2000,68.4500,68.1800,68.4500,3196658
2009-03-06 15:44:00,68.2001,68.2001,68.1500,68.2000,3340754
2009-03-06 15:43:00,67.9700,68.2000,67.8900,68.2000,2600979
2009-03-06 15:42:00,67.8800,68.0500,67.8500,67.9700,2050303
2009-03-06 15:41:00,67.7500,67.9300,67.7400,67.8800,2135534
2009-03-06 15:40:00,67.6300,67.7900,67.6050,67.7500,1579005
2009-03-06 15:39:00,67.6100,67.7000,67.5800,67.6300,759879
2009-03-06 15:38:00,67.7000,67.7550,67.6000,67.6100,899052
2009-03-06 15:37:00,67.6300,67.8000,67.6300,67.7100,2223099
2009-03-06 15:36:00,67.7000,67.7900,67.5600,67.6250,1827800
2009-03-06 15:35:00,67.7700,67.8500,67.6900,67.7000,2215343
2009-03-06 15:34:00,67.6300,67.7800,67.5800,67.7700,2420462
2009-03-06 15:33:00,67.3300,67.6700,67.3100,67.6300,2229937
2009-03-06 15:32:00,67.3200,67.3800,67.2600,67.3300,691614
2009-03-06 15:31:00,67.2783,67.4100,67.2600,67.3200,956230
2009-03-06 15:30:00,67.2200,67.3400,67.2150,67.2700,563198
2009-03-06 15:29:00,67.2320,67.2900,67.1800,67.2100,526242
2009-03-06 15:28:00,67.1600,67.4400,67.1000,67.2300,982900
2009-03-06 15:27:00,67.3500,67.3500,67.1600,67.1600,559386
2009-03-06 15:26:00,67.1380,67.3500,67.1300,67.3500,1286175
2009-03-06 15:25:00,67.1700,67.2000,67.1300,67.1400,623468
2009-03-06 15:24:00,67.2500,67.2600,67.1500,67.1700,988538
2009-03-06 15:23:00,67.2800,67.3800,67.2400,67.2500,956473
2009-03-06 15:22:00,67.3400,67.3500,67.2300,67.2700,1630224
2009-03-06 15:21:00,67.3400,67.4200,67.3300,67.3400,693080
2009-03-06 15:20:00,67.5100,67.5200,67.3300,67.3400,568702
2009-03-06 15:19:00,67.5200,67.5800,67.4900,67.5100,538962
2009-03-06 15:18:00,67.5000,67.5300,67.4100,67.5200,699866
2009-03-06 15:17:00,67.5400,67.5600,67.4800,67.4900,700903
2009-03-06 15:16:00,67.5000,67.6000,67.4600,67.5300,1246424
2009-03-06 15:15:00,67.2750,67.5200,67.2300,67.4900,1246039
2009-03-06 15:14:00,67.3200,67.3594,67.2500,67.2800,730064
2009-03-06 15:13:00,67.3720,67.3800,67.2800,67.3500,716396
2009-03-06 15:12:00,67.3600,67.5000,67.3100,67.3600,829681
2009-03-06 15:11:00,67.3100,67.3600,67.2200,67.3600,1289375
2009-03-06 15:10:00,67.2600,67.3600,67.2600,67.3100,632670
2009-03-06 15:09:00,67.2300,67.3200,67.1700,67.2700,1703645
2009-03-06 15:08:00,67.1200,67.2300,67.1100,67.2300,721058
2009-03-06 15:07:00,67.2400,67.2400,67.1000,67.1200,1344487
2009-03-06 15:06:00,67.2600,67.2800,67.1700,67.2400,1088282
2009-03-06 15:05:00,67.3000,67.3300,67.2300,67.2600,469662
2009-03-06 15:04:00,67.3900,67.4300,67.1800,67.2900,1834958
2009-03-06 15:03:00,67.4000,67.4100,67.3100,67.3894,484831
2009-03-06 15:02:00,67.3300,67.4100,67.3200,67.4000,545193
2009-03-06 15:01:00,67.2300,67.4300,67.2300,67.3300,751002
2009-03-06 15:00:00,67.2700,67.3800,67.2300,67.2300,685300
2009-03-06 14:59:00,67.3200,67.3200,67.1900,67.2700,1106557
2009-03-06 14:58:00,67.2600,67.3500,67.2500,67.3100,509065
2009-03-06 14:57:00,67.3920,67.4100,67.2300,67.2500,820532
2009-03-06 14:56:00,67.3200,67.4000,67.2900,67.4000,368209
2009-03-06 14:55:00,67.3400,67.4300,67.3000,67.3194,718276
2009-03-06 14:54:00,67.3600,67.3900,67.2800,67.3300,465918
2009-03-06 14:53:00,67.3500,67.4000,67.2900,67.3700,575348
2009-03-06 14:52:00,67.3800,67.4400,67.3000,67.3500,892335
2009-03-06 14:51:00,67.4900,67.4900,67.3500,67.3900,634169
2009-03-06 14:50:00,67.4200,67.5100,67.4000,67.4900,435455
2009-03-06 14:49:00,67.5400,67.5600,67.4000,67.4300,568512
2009-03-06 14:48:00,67.5200,67.5400,67.5000,67.5400,742879
2009-03-06 14:47:00,67.4999,67.5300,67.4100,67.5100,562407
2009-03-06 14:46:00,67.5000,67.5800,67.4401,67.5000,944679
2009-03-06 14:45:00,67.4500,67.5000,67.3700,67.5000,660603
2009-03-06 14:44:00,67.3400,67.4750,67.3200,67.4500,1702682
2009-03-06 14:43:00,67.6600,67.6600,67.2900,67.3600,2210947
2009-03-06 14:42:00,67.6300,67.6800,67.5850,67.6500,447558
2009-03-06 14:41:00,67.6900,67.6900,67.5800,67.6200,1057895
2009-03-06 14:40:00,67.7800,67.7800,67.6600,67.6800,762328
2009-03-06 14:39:00,67.8800,67.8850,67.7600,67.7900,318114
2009-03-06 14:38:00,67.7400,67.8900,67.5500,67.8900,1131378
2009-03-06 14:37:00,67.8800,67.9300,67.6571,67.7500,1849215
2009-03-06 14:36:00,67.6600,67.9000,67.6400,67.8800,1546622
2009-03-06 14:35:00,67.7400,67.7800,67.5700,67.6690,1508825
2009-03-06 14:34:00,67.6600,67.7600,67.6200,67.7400,727070
2009-03-06 14:33:00,67.8000,67.8000,67.6500,67.6600,787242
2009-03-06 14:32:00,67.8200,67.8500,67.7700,67.8000,428672
2009-03-06 14:31:00,67.8700,67.8980,67.7900,67.8200,540163
2009-03-06 14:30:00,67.8900,67.9500,67.8300,67.8700,1068236
2009-03-06 14:29:00,67.6600,67.9100,67.6500,67.8900,1162858
2009-03-06 14:28:00,67.5700,67.7200,67.5620,67.6600,631572
2009-03-06 14:27:00,67.5201,67.6100,67.5200,67.5799,579051
2009-03-06 14:26:00,67.5700,67.5700,67.4900,67.5200,452480
2009-03-06 14:25:00,67.5201,67.6000,67.4700,67.5700,770370
2009-03-06 14:24:00,67.6400,67.6500,67.5100,67.5300,295296
2009-03-06 14:23:00,67.5600,67.6500,67.5200,67.6500,563317
2009-03-06 14:22:00,67.5700,67.6200,67.5000,67.5800,628584
2009-03-06 14:21:00,67.5800,67.6300,67.5100,67.5700,458427
2009-03-06 14:20:00,67.5800,67.6700,67.5000,67.5900,512134
2009-03-06 14:19:00,67.5900,67.6000,67.4700,67.5800,908112
2009-03-06 14:18:00,67.6500,67.6700,67.5700,67.5900,400423
2009-03-06 14:17:00,67.7200,67.7787,67.5600,67.6401,697188
2009-03-06 14:16:00,67.7300,67.7600,67.6800,67.7200,652898
2009-03-06 14:15:00,67.8750,67.8800,67.7200,67.7500,585466
2009-03-06 14:14:00,67.8100,67.9100,67.8100,67.8780,427245
2009-03-06 14:13:00,67.7450,67.8600,67.7300,67.8101,964390
2009-03-06 14:12:00,67.8800,67.9500,67.7300,67.7400,1150794
2009-03-06 14:11:00,67.9701,68.0200,67.8700,67.8850,659067
2009-03-06 14:10:00,68.0000,68.0300,67.8600,67.9700,424618
2009-03-06 14:09:00,67.9600,68.0300,67.9300,68.0000,1135953
2009-03-06 14:08:00,67.9200,68.0100,67.9100,67.9600,797932
2009-03-06 14:07:00,67.9200,67.9900,67.8800,67.9200,869934
2009-03-06 14:06:00,67.8300,67.9500,67.7750,67.9200,633862
2009-03-06 14:05:00,67.7800,67.8400,67.6800,67.8300,863099
2009-03-06 14:04:00,67.9480,67.9600,67.6000,67.7800,943871
2009-03-06 14:03:00,67.9399,67.9700,67.9100,67.9200,474426
2009-03-06 14:02:00,67.9500,68.0400,67.9100,67.9300,1628149
2009-03-06 14:01:00,67.9500,67.9700,67.8700,67.9500,1137298
2009-03-06 14:00:00,67.6938,67.9600,67.6900,67.9500,2240120
2009-03-06 13:59:00,67.6900,67.7400,67.6250,67.7000,514512
2009-03-06 13:58:00,67.6400,67.7300,67.6100,67.6900,387215
2009-03-06 13:57:00,67.6700,67.6800,67.5900,67.6400,298811
2009-03-06 13:56:00,67.6000,67.7000,67.5900,67.6700,302797
2009-03-06 13:55:00,67.6500,67.6600,67.5900,67.5999,351574
2009-03-06 13:54:00,67.6000,67.6900,67.5900,67.6600,692541
2009-03-06 13:53:00,67.5980,67.6200,67.5100,67.6000,395331
2009-03-06 13:52:00,67.4900,67.7000,67.4900,67.5900,1133459
2009-03-06 13:51:00,67.5700,67.6100,67.4600,67.4880,571875
2009-03-06 13:50:00,67.5900,67.6200,67.5200,67.5700,520186
2009-03-06 13:49:00,67.5500,67.6600,67.5100,67.5700,998754
2009-03-06 13:48:00,67.5500,67.6800,67.5100,67.5500,1047930
2009-03-06 13:47:00,67.4400,67.6000,67.4000,67.5401,1865691
2009-03-06 13:46:00,67.4601,67.4900,67.4000,67.4499,1167496
2009-03-06 13:45:00,67.4400,67.5000,67.4300,67.4600,610084
2009-03-06 13:44:00,67.5000,67.5100,67.4400,67.4400,254417
2009-03-06 13:43:00,67.4900,67.5500,67.4600,67.5099,704627
2009-03-06 13:42:00,67.4700,67.5000,67.4000,67.4700,922028
2009-03-06 13:41:00,67.4800,67.5000,67.4300,67.4699,444367
2009-03-06 13:40:00,67.5900,67.5900,67.4100,67.4900,1639633
2009-03-06 13:39:00,67.5886,67.6500,67.5200,67.5900,434717
2009-03-06 13:38:00,67.6600,67.6800,67.5800,67.5900,541033
2009-03-06 13:37:00,67.6100,67.6800,67.6000,67.6600,333575
2009-03-06 13:36:00,67.6700,67.7100,67.6000,67.6100,589649
2009-03-06 13:35:00,67.5800,67.7300,67.5700,67.6600,653372
2009-03-06 13:34:00,67.5200,67.5800,67.4500,67.5800,1387147
2009-03-06 13:33:00,67.7900,67.7950,67.5000,67.5200,1173211
2009-03-06 13:32:00,67.7000,67.8000,67.7000,67.7900,272502
2009-03-06 13:31:00,67.7200,67.7500,67.7000,67.7000,1081190
2009-03-06 13:30:00,67.7400,67.7500,67.6800,67.7200,256692
2009-03-06 13:29:00,67.7700,67.8100,67.7100,67.7400,544345
2009-03-06 13:28:00,67.6900,67.8300,67.6800,67.7800,524318
2009-03-06 13:27:00,67.6700,67.7100,67.6580,67.6995,288418
2009-03-06 13:26:00,67.6600,67.7000,67.6299,67.6600,607779
2009-03-06 13:25:00,67.6700,67.6700,67.6000,67.6600,1822718
2009-03-06 13:24:00,67.7200,67.7600,67.5900,67.6600,1480936
2009-03-06 13:23:00,67.6506,67.7500,67.6350,67.7300,495155
2009-03-06 13:22:00,67.6400,67.6700,67.6100,67.6600,494794
2009-03-06 13:21:00,67.6500,67.6900,67.6200,67.6400,712100
2009-03-06 13:20:00,67.7400,67.7400,67.5900,67.6500,703193
2009-03-06 13:19:00,67.6900,67.7700,67.6800,67.7400,420997
2009-03-06 13:18:00,67.6900,67.7400,67.6400,67.6900,512834
2009-03-06 13:17:00,67.7600,67.7700,67.6200,67.6900,2131169
2009-03-06 13:16:00,67.8300,67.8400,67.7500,67.7600,220950
2009-03-06 13:15:00,67.7750,67.8400,67.7720,67.8300,240166
2009-03-06 13:14:00,67.9200,67.9200,67.7600,67.7800,752497
2009-03-06 13:13:00,67.9906,68.0100,67.9200,67.9200,282655
2009-03-06 13:12:00,68.0420,68.0499,67.9600,67.9999,191353
2009-03-06 13:11:00,68.0500,68.0600,68.0000,68.0401,438330
2009-03-06 13:10:00,67.9600,68.0600,67.9400,68.0500,491342
2009-03-06 13:09:00,67.9100,67.9700,67.8800,67.9700,214891
2009-03-06 13:08:00,67.8800,67.9500,67.8700,67.9200,195867
2009-03-06 13:07:00,67.9200,67.9200,67.8600,67.8800,315398
2009-03-06 13:06:00,67.9700,67.9700,67.8700,67.9100,493131
2009-03-06 13:05:00,67.9900,68.0000,67.9200,67.9800,170361
2009-03-06 13:04:00,67.9900,68.0300,67.9800,68.0000,224989
2009-03-06 13:03:00,67.9700,68.0000,67.9600,68.0000,276101
2009-03-06 13:02:00,67.9700,68.0100,67.9300,67.9680,447146
2009-03-06 13:01:00,67.9800,68.0900,67.9600,67.9600,922359
2009-03-06 13:00:00,68.0700,68.0800,67.9500,67.9800,525436
2009-03-06 12:59:00,67.9800,68.1000,67.9600,68.0700,810137
2009-03-06 12:58:00,67.8900,68.0100,67.8800,67.9800,1254052
2009-03-06 12:57:00,67.8450,67.8900,67.8300,67.8899,289422
2009-03-06 12:56:00,67.7800,67.8600,67.7800,67.8600,527756
2009-03-06 12:55:00,67.7900,67.8000,67.7100,67.7800,705894
2009-03-06 12:54:00,67.7900,67.8800,67.7800,67.8000,781909
2009-03-06 12:53:00,67.8500,67.8600,67.7800,67.8000,344922
2009-03-06 12:52:00,67.8100,67.8700,67.8000,67.8501,374300
2009-03-06 12:51:00,67.8400,67.8600,67.7800,67.8100,510204
2009-03-06 12:50:00,67.7600,67.8500,67.7200,67.8400,828339
2009-03-06 12:49:00,67.8100,67.8300,67.7000,67.7700,830182
2009-03-06 12:48:00,67.7900,67.8300,67.7500,67.8000,579434
2009-03-06 12:47:00,67.7400,67.8199,67.7300,67.7900,681334
2009-03-06 12:46:00,67.7700,67.8160,67.7200,67.7400,1270150
2009-03-06 12:45:00,67.9900,67.9900,67.7700,67.7700,2502719
2009-03-06 12:44:00,67.9600,68.0400,67.9600,67.9900,301584
2009-03-06 12:43:00,67.9900,68.0100,67.9200,67.9700,837272
2009-03-06 12:42:00,68.1200,68.1200,67.9900,67.9900,794523
2009-03-06 12:41:00,68.1600,68.1700,68.1000,68.1200,306545
2009-03-06 12:40:00,68.2400,68.2500,68.1100,68.1600,576340
2009-03-06 12:39:00,68.1600,68.2600,68.1300,68.2500,457988
2009-03-06 12:38:00,68.1399,68.1900,68.1100,68.1700,345578
2009-03-06 12:37:00,68.1900,68.2000,68.1300,68.1400,543158
2009-03-06 12:36:00,68.1600,68.2200,68.1400,68.1900,441192
2009-03-06 12:35:00,68.2800,68.2800,68.1500,68.1600,353820
2009-03-06 12:34:00,68.3700,68.3800,68.2600,68.2700,551258
2009-03-06 12:33:00,68.2200,68.3800,68.2000,68.3700,657993
2009-03-06 12:32:00,68.2100,68.2500,68.2000,68.2100,387751
2009-03-06 12:31:00,68.2400,68.2500,68.2100,68.2200,622389
2009-03-06 12:30:00,68.3200,68.3300,68.2400,68.2500,305816
2009-03-06 12:29:00,68.2800,68.3500,68.2700,68.3100,372361
2009-03-06 12:28:00,68.3206,68.4000,68.2700,68.2700,614145
2009-03-06 12:27:00,68.3000,68.3600,68.2900,68.3300,402623
2009-03-06 12:26:00,68.2994,68.3100,68.2600,68.3000,628939
2009-03-06 12:25:00,68.3800,68.4000,68.2800,68.2900,677643
2009-03-06 12:24:00,68.6050,68.6200,68.3700,68.3800,976462
2009-03-06 12:23:00,68.6000,68.6500,68.5600,68.6094,501186
2009-03-06 12:22:00,68.5300,68.6200,68.5100,68.6100,416096
2009-03-06 12:21:00,68.6000,68.6400,68.5200,68.5300,271317
2009-03-06 12:20:00,68.5200,68.6500,68.5200,68.5900,515440
2009-03-06 12:19:00,68.6600,68.7100,68.4700,68.5200,1124843
2009-03-06 12:18:00,68.7600,68.7650,68.6500,68.6580,723034
2009-03-06 12:17:00,68.7200,68.7900,68.7100,68.7500,603682
2009-03-06 12:16:00,68.6000,68.7300,68.5900,68.7200,542674
2009-03-06 12:15:00,68.6200,68.6600,68.5800,68.6000,327729
2009-03-06 12:14:00,68.6600,68.6700,68.5700,68.6200,347967
2009-03-06 12:13:00,68.5700,68.7000,68.5200,68.6500,947673
2009-03-06 12:12:00,68.5500,68.5900,68.5300,68.5704,518308
2009-03-06 12:11:00,68.5500,68.5900,68.5000,68.5600,629245
2009-03-06 12:10:00,68.6600,68.6700,68.5400,68.5500,789283
2009-03-06 12:09:00,68.6700,68.7000,68.6600,68.6600,353511
2009-03-06 12:08:00,68.7000,68.7500,68.6600,68.6700,581681
2009-03-06 12:07:00,68.6800,68.7200,68.6700,68.7000,734454
2009-03-06 12:06:00,68.6000,68.7000,68.5700,68.6800,1625728
2009-03-06 12:05:00,68.4700,68.6000,68.4600,68.6000,539840
2009-03-06 12:04:00,68.3800,68.4900,68.3700,68.4700,727373
2009-03-06 12:03:00,68.4980,68.4980,68.3500,68.3800,642739
2009-03-06 12:02:00,68.6100,68.6200,68.4700,68.4800,975384
2009-03-06 12:01:00,68.4200,68.6100,68.3600,68.6100,880871
2009-03-06 12:00:00,68.3206,68.4150,68.3200,68.3900,491680
2009-03-06 11:59:00,68.3900,68.4600,68.3200,68.3200,304439
2009-03-06 11:58:00,68.4700,68.5400,68.3800,68.3900,810677
2009-03-06 11:57:00,68.3800,68.5300,68.3800,68.4700,1011959
2009-03-06 11:56:00,68.3500,68.4000,68.3400,68.3800,287438
2009-03-06 11:55:00,68.3400,68.3700,68.3100,68.3600,486387
2009-03-06 11:54:00,68.2700,68.3700,68.2100,68.3400,628329
2009-03-06 11:53:00,68.2400,68.3200,68.2400,68.2700,195492
2009-03-06 11:52:00,68.2300,68.2500,68.1700,68.2400,509087
2009-03-06 11:51:00,68.3600,68.3800,68.2000,68.2200,436915
2009-03-06 11:50:00,68.2200,68.3800,68.1900,68.3700,978744
2009-03-06 11:49:00,68.0800,68.2300,68.0800,68.2200,529540
2009-03-06 11:48:00,68.1400,68.1700,68.0400,68.0800,681499
2009-03-06 11:47:00,68.1900,68.1900,68.1300,68.1400,308271
2009-03-06 11:46:00,68.1300,68.2100,68.1300,68.1750,367895
2009-03-06 11:45:00,68.1300,68.2300,68.1100,68.1300,536250
2009-03-06 11:44:00,68.1600,68.2000,68.0800,68.1200,1152929
2009-03-06 11:43:00,68.2600,68.3100,68.1205,68.1500,1536003
2009-03-06 11:42:00,68.2100,68.2700,68.1700,68.2700,583115
2009-03-06 11:41:00,68.3400,68.3400,68.1800,68.2100,650039
2009-03-06 11:40:00,68.3200,68.3700,68.3000,68.3400,339785
2009-03-06 11:39:00,68.4000,68.4000,68.2700,68.3195,831817
2009-03-06 11:38:00,68.4900,68.4900,68.3900,68.4094,413067
2009-03-06 11:37:00,68.5200,68.5300,68.4500,68.4901,619620
2009-03-06 11:36:00,68.6100,68.6300,68.5100,68.5100,583318
2009-03-06 11:35:00,68.4900,68.6300,68.4700,68.6200,610050
2009-03-06 11:34:00,68.5700,68.5900,68.4600,68.4900,996127
2009-03-06 11:33:00,68.4100,68.6100,68.4100,68.5900,1565836
2009-03-06 11:32:00,68.4001,68.4400,68.3700,68.4100,492393
2009-03-06 11:31:00,68.2700,68.4100,68.2600,68.4000,1074121
2009-03-06 11:30:00,68.2200,68.2900,68.1900,68.2700,827647
2009-03-06 11:29:00,68.0900,68.2400,68.0800,68.2200,520850
2009-03-06 11:28:00,68.1000,68.1100,68.0200,68.0900,492510
2009-03-06 11:27:00,68.2000,68.2200,68.0700,68.1000,777315
2009-03-06 11:26:00,68.0400,68.2200,68.0300,68.2000,953742
2009-03-06 11:25:00,68.0900,68.1900,68.0200,68.0300,376334
2009-03-06 11:24:00,68.3100,68.3100,68.0700,68.0800,779474
2009-03-06 11:23:00,68.2300,68.3400,68.2300,68.3100,428997
2009-03-06 11:22:00,68.2900,68.3200,68.2200,68.2300,368685
2009-03-06 11:21:00,68.3300,68.3300,68.1700,68.2800,782244
2009-03-06 11:20:00,68.3300,68.3700,68.2700,68.3300,285967
2009-03-06 11:19:00,68.3400,68.3400,68.2200,68.3300,493823
2009-03-06 11:18:00,68.3800,68.4100,68.2700,68.3400,596159
2009-03-06 11:17:00,68.3800,68.4500,68.3000,68.3899,898251
2009-03-06 11:16:00,68.3500,68.4000,68.3300,68.3900,279392
2009-03-06 11:15:00,68.3400,68.4000,68.2200,68.3500,1030831
2009-03-06 11:14:00,68.3100,68.3700,68.2900,68.3300,380873
2009-03-06 11:13:00,68.3100,68.3750,68.2700,68.3000,447573
2009-03-06 11:12:00,68.3600,68.3800,68.2800,68.3100,1090620
2009-03-06 11:11:00,68.2500,68.3900,68.2400,68.3500,1460064
2009-03-06 11:10:00,68.1400,68.2600,68.1100,68.2450,862945
2009-03-06 11:09:00,68.0500,68.1600,68.0300,68.1499,902827
2009-03-06 11:08:00,68.0100,68.1100,67.9900,68.0500,1431345
2009-03-06 11:07:00,68.1101,68.1400,68.0000,68.0000,700535
2009-03-06 11:06:00,68.1900,68.2000,68.1100,68.1100,562384
2009-03-06 11:05:00,68.2400,68.2500,68.1500,68.1900,807246
2009-03-06 11:04:00,68.0800,68.2500,68.0400,68.2400,1276682
2009-03-06 11:03:00,67.9400,68.1200,67.9200,68.0600,1559590
2009-03-06 11:02:00,68.1200,68.1500,67.9100,67.9500,1876824
2009-03-06 11:01:00,68.0500,68.1700,68.0300,68.1200,847473
2009-03-06 11:00:00,68.0900,68.1800,68.0000,68.0500,1400574
2009-03-06 10:59:00,68.0100,68.2100,67.9900,68.0900,1667531
2009-03-06 10:58:00,67.9900,68.1200,67.9800,68.0100,1547011
2009-03-06 10:57:00,68.2700,68.2800,67.9700,67.9800,2361563
2009-03-06 10:56:00,68.3200,68.4000,68.2700,68.2700,805908
2009-03-06 10:55:00,68.2300,68.3800,68.2000,68.3200,960997
2009-03-06 10:54:00,68.2600,68.3800,68.1800,68.2300,1996267
2009-03-06 10:53:00,68.2000,68.3000,68.1800,68.2600,1377853
2009-03-06 10:52:00,68.3800,68.3900,68.1600,68.2000,1955985
2009-03-06 10:51:00,68.4200,68.4500,68.2700,68.3800,2209779
2009-03-06 10:50:00,68.4701,68.5000,68.3600,68.4100,852912
2009-03-06 10:49:00,68.4800,68.5600,68.4300,68.4800,1178940
2009-03-06 10:48:00,68.4800,68.5000,68.4000,68.4800,1470992
2009-03-06 10:47:00,68.6100,68.7200,68.4200,68.4700,2795003
2009-03-06 10:46:00,68.9100,68.9100,68.6000,68.6100,867338
2009-03-06 10:45:00,68.8800,68.9100,68.8000,68.9100,735226
2009-03-06 10:44:00,68.7700,68.8800,68.7200,68.8800,835239
2009-03-06 10:43:00,68.8100,68.8400,68.7000,68.7700,1028071
2009-03-06 10:42:00,68.8600,68.8800,68.7900,68.8100,689292
2009-03-06 10:41:00,68.8600,68.9200,68.8000,68.8600,923918
2009-03-06 10:40:00,68.6500,68.8700,68.6400,68.8500,1131866
2009-03-06 10:39:00,68.6600,68.7300,68.6200,68.6400,909779
2009-03-06 10:38:00,68.6400,68.7600,68.5600,68.6620,1109496
2009-03-06 10:37:00,68.6100,68.6900,68.6000,68.6450,1622892
2009-03-06 10:36:00,68.6900,68.6900,68.5600,68.6100,1897985
2009-03-06 10:35:00,68.7800,68.8500,68.6400,68.6900,1580699
2009-03-06 10:34:00,68.9700,68.9800,68.7500,68.7800,1446789
2009-03-06 10:33:00,69.0300,69.0500,68.9400,68.9700,826070
2009-03-06 10:32:00,69.1500,69.1700,68.9900,69.0200,1475104
2009-03-06 10:31:00,69.0000,69.2000,69.0000,69.1500,1575690
2009-03-06 10:30:00,69.0800,69.0800,68.9800,69.0600,888775
2009-03-06 10:29:00,69.0800,69.1180,69.0100,69.0800,1008366
2009-03-06 10:28:00,68.9600,69.1300,68.8500,69.0600,1356128
2009-03-06 10:27:00,69.0300,69.0800,68.9300,68.9600,917557
2009-03-06 10:26:00,68.9000,69.0700,68.9000,69.0100,1206527
2009-03-06 10:25:00,68.9100,68.9300,68.8000,68.9100,1591323
2009-03-06 10:24:00,68.9300,69.0200,68.9000,68.9100,1021254
2009-03-06 10:23:00,68.7900,68.9900,68.7800,68.9300,1376843
2009-03-06 10:22:00,68.7600,68.9000,68.7500,68.7900,1388599
2009-03-06 10:21:00,68.9101,68.9800,68.7300,68.7600,1973557
2009-03-06 10:20:00,68.9300,68.9650,68.8600,68.9200,970146
2009-03-06 10:19:00,68.8800,68.9400,68.8200,68.9300,912960
2009-03-06 10:18:00,68.8400,68.9200,68.8324,68.8800,2142986
2009-03-06 10:17:00,68.8700,68.8900,68.7400,68.8400,3758980
2009-03-06 10:16:00,69.0700,69.0700,68.8000,68.8700,3397532
2009-03-06 10:15:00,69.2300,69.2300,69.0300,69.0601,1674821
2009-03-06 10:14:00,69.1500,69.2700,69.1000,69.2200,1288650
2009-03-06 10:13:00,69.4300,69.4300,69.0800,69.1400,2281994
2009-03-06 10:12:00,69.4800,69.4900,69.3600,69.4300,805132
2009-03-06 10:11:00,69.2900,69.5300,69.2800,69.4800,2355412
2009-03-06 10:10:00,69.3800,69.3800,69.1900,69.2900,1087481
2009-03-06 10:09:00,69.2200,69.3900,69.2100,69.3700,1115813
2009-03-06 10:08:00,69.3200,69.4200,69.1600,69.2200,1513016
2009-03-06 10:07:00,69.4200,69.4200,69.2600,69.3100,950324
2009-03-06 10:06:00,69.2400,69.4600,69.2400,69.4200,1837165
2009-03-06 10:05:00,69.3200,69.3300,69.2000,69.3200,1742004
2009-03-06 10:04:00,69.4100,69.4500,69.2700,69.3200,940625
2009-03-06 10:03:00,69.5400,69.6100,69.2900,69.4100,2668941
2009-03-06 10:02:00,69.4600,69.6300,69.4500,69.5300,2575111
2009-03-06 10:01:00,69.6700,69.6900,69.4500,69.4600,1605833
2009-03-06 10:00:00,69.5500,69.7300,69.5400,69.6601,1313994
2009-03-06 09:59:00,69.7300,69.7600,69.5000,69.5400,1467369
2009-03-06 09:58:00,69.6900,69.7400,69.6000,69.7300,1249535
2009-03-06 09:57:00,69.6700,69.7200,69.6100,69.6900,2576021
2009-03-06 09:56:00,69.8580,69.8600,69.6400,69.6600,1696392
2009-03-06 09:55:00,69.8300,69.9100,69.8000,69.8500,1058162
2009-03-06 09:54:00,69.9200,69.9400,69.8000,69.8300,1532123
2009-03-06 09:53:00,70.1300,70.1400,69.9100,69.9200,1290833
2009-03-06 09:52:00,70.0380,70.1900,69.9900,70.1300,796929
2009-03-06 09:51:00,70.0000,70.1100,69.9700,70.0000,1301795
2009-03-06 09:50:00,70.1000,70.1100,70.0000,70.0000,1117517
2009-03-06 09:49:00,70.1200,70.1900,70.0700,70.1000,1420690
2009-03-06 09:48:00,70.2300,70.2325,70.0500,70.1200,2273019
2009-03-06 09:47:00,70.1600,70.2750,70.0900,70.2400,1731828
2009-03-06 09:46:00,70.2150,70.3100,70.1500,70.1700,1741161
2009-03-06 09:45:00,70.3695,70.4500,70.1800,70.2100,3086996
2009-03-06 09:44:00,70.1900,70.4100,70.1800,70.3700,3178811
2009-03-06 09:43:00,70.1700,70.2000,69.9900,70.1900,3322492
2009-03-06 09:42:00,69.7300,70.2000,69.7200,70.1780,5523003
2009-03-06 09:41:00,69.4700,69.7300,69.4400,69.7300,1997106
2009-03-06 09:40:00,69.3850,69.4700,69.3300,69.4700,2209507
2009-03-06 09:39:00,69.4700,69.5500,69.3800,69.3893,3172560
2009-03-06 09:38:00,69.3400,69.4800,69.3400,69.4612,1632686
2009-03-06 09:37:00,69.2100,69.3600,69.2000,69.3500,1159590
2009-03-06 09:36:00,69.1700,69.2200,69.1400,69.2000,1776277
2009-03-06 09:35:00,69.1200,69.1900,69.1000,69.1700,2340713
2009-03-06 09:34:00,69.2100,69.2300,69.0900,69.1200,2455393
2009-03-06 09:33:00,69.3700,69.3800,69.2000,69.2100,1488678
2009-03-06 09:32:00,69.2300,69.4500,69.2000,69.3700,2557632
2009-03-06 09:31:00,69.3500,69.4300,69.1800,69.2300,2752086
2009-03-06 09:30:00,69.3900,69.4800,69.3300,69.3500,2240408
2009-03-06 09:29:00,69.4200,69.4400,69.3600,69.4100,440103
2009-03-06 09:28:00,69.4600,69.4600,69.4200,69.4300,126213
2009-03-06 09:27:00,69.4200,69.4800,69.4200,69.4800,28214
2009-03-06 09:26:00,69.5100,69.5200,69.4100,69.4500,248031
2009-03-06 09:25:00,69.5000,69.5200,69.4600,69.5000,82509
2009-03-06 09:24:00,69.5400,69.5500,69.4900,69.5000,44245
2009-03-06 09:23:00,69.4300,69.5500,69.4200,69.5500,270489
2009-03-06 09:22:00,69.4100,69.4400,69.4100,69.4400,8675
2009-03-06 09:21:00,69.3600,69.4200,69.3400,69.4200,63946
2009-03-06 09:20:00,69.4500,69.4500,69.3600,69.3600,46993
2009-03-06 09:19:00,69.4600,69.4800,69.4300,69.4600,85467
2009-03-06 09:18:00,69.4100,69.5000,69.4100,69.4600,146006
2009-03-06 09:17:00,69.3900,69.4500,69.3800,69.4100,16391
2009-03-06 09:16:00,69.4600,69.4700,69.3500,69.3800,45806
2009-03-06 09:15:00,69.3600,69.4700,69.3400,69.4700,47329
2009-03-06 09:14:00,69.4000,69.4300,69.3700,69.3700,20112
2009-03-06 09:13:00,69.4000,69.4600,69.3900,69.4100,27755
2009-03-06 09:12:00,69.4900,69.5000,69.3600,69.4500,82382
2009-03-06 09:11:00,69.5100,69.5100,69.4500,69.5000,49438
2009-03-06 09:10:00,69.4700,69.5300,69.4700,69.4900,132199
2009-03-06 09:09:00,69.6100,69.6100,69.4700,69.4700,649424
2009-03-06 09:08:00,69.6300,69.6700,69.6300,69.6500,22687
2009-03-06 09:07:00,69.6500,69.6600,69.5800,69.6300,64185
2009-03-06 09:06:00,69.6300,69.7300,69.6100,69.6900,147606
2009-03-06 09:05:00,69.6000,69.6100,69.5100,69.6000,144253
2009-03-06 09:04:00,69.8000,69.8000,69.6000,69.6100,104486
2009-03-06 09:03:00,69.7300,69.8200,69.7200,69.8000,101526
2009-03-06 09:02:00,69.7000,69.7300,69.6500,69.7300,53893
2009-03-06 09:01:00,69.6100,69.7100,69.6000,69.7100,52269
2009-03-06 09:00:00,69.6700,69.6900,69.6000,69.6200,47636
2009-03-06 08:59:00,69.7800,69.7800,69.6400,69.6900,215299
2009-03-06 08:58:00,69.7400,69.7800,69.7400,69.7800,88725
2009-03-06 08:57:00,69.8000,69.8300,69.7400,69.7400,55662
2009-03-06 08:56:00,69.8200,69.8200,69.7500,69.7900,63469
2009-03-06 08:55:00,69.8600,69.9000,69.7900,69.8200,907881
2009-03-06 08:54:00,69.7700,69.9500,69.7700,69.8600,270934
2009-03-06 08:53:00,69.5800,69.7700,69.5600,69.7600,305965
2009-03-06 08:52:00,69.5100,69.6000,69.5000,69.5700,270762
2009-03-06 08:51:00,69.4300,69.5200,69.3700,69.5000,284304
2009-03-06 08:50:00,69.4300,69.4300,69.3500,69.4000,59968
2009-03-06 08:49:00,69.4300,69.4900,69.3900,69.4200,420589
2009-03-06 08:48:00,69.3800,69.4400,69.3100,69.4300,209738
2009-03-06 08:47:00,69.3500,69.4400,69.3500,69.3800,73728
2009-03-06 08:46:00,69.2600,69.4200,69.2600,69.3600,120184
2009-03-06 08:45:00,69.3300,69.3600,69.2500,69.2600,48294
2009-03-06 08:44:00,69.2800,69.3700,69.2700,69.3300,53079
2009-03-06 08:43:00,69.3000,69.3800,69.2900,69.2900,64242
2009-03-06 08:42:00,69.2800,69.3900,69.2700,69.3000,77992
2009-03-06 08:41:00,69.2200,69.2700,69.2100,69.2600,82625
2009-03-06 08:40:00,69.2400,69.2700,69.1200,69.2100,103195
2009-03-06 08:39:00,69.3200,69.3400,69.2000,69.2200,138305
2009-03-06 08:38:00,69.3100,69.4300,69.2700,69.3200,310130
2009-03-06 08:37:00,69.0600,69.3100,69.0300,69.3100,260500
2009-03-06 08:36:00,69.2700,69.3400,69.0300,69.0300,454312
2009-03-06 08:35:00,69.3300,69.4400,69.2600,69.2600,548836
2009-03-06 08:34:00,69.4400,69.4500,69.2700,69.3200,406643
2009-03-06 08:33:00,69.4300,69.5600,69.4000,69.4600,427335
2009-03-06 08:32:00,69.7600,69.9100,69.3800,69.4400,2223932
2009-03-06 08:31:00,69.1900,69.7500,69.1200,69.7500,2285923
2009-03-06 08:30:00,69.1200,69.6500,69.0900,69.2000,2331647
2009-03-06 08:29:00,69.0300,69.2300,68.8800,69.1100,903007
2009-03-06 08:28:00,69.0300,69.0500,68.9900,69.0300,86287
2009-03-06 08:27:00,69.0700,69.0800,69.0200,69.0300,604569
2009-03-06 08:26:00,69.1000,69.1100,69.0800,69.0900,45100
2009-03-06 08:25:00,69.1700,69.1800,69.0800,69.0900,82799
2009-03-06 08:24:00,69.1300,69.2000,69.1300,69.1700,173837
2009-03-06 08:23:00,69.1800,69.1800,69.0900,69.1300,162574
2009-03-06 08:22:00,69.1300,69.2000,69.1300,69.2000,46773
2009-03-06 08:21:00,69.1200,69.1600,69.0700,69.1100,503595
2009-03-06 08:20:00,69.0800,69.1200,69.0700,69.1000,52138
2009-03-06 08:19:00,69.1000,69.1600,69.0500,69.0800,355618
2009-03-06 08:18:00,69.0500,69.1000,69.0400,69.1000,235168
2009-03-06 08:17:00,69.0700,69.0800,69.0200,69.0700,54000
2009-03-06 08:16:00,69.0400,69.0900,69.0400,69.0800,114195
2009-03-06 08:15:00,68.9800,69.0700,68.9800,69.0400,34353
2009-03-06 08:14:00,68.9100,68.9800,68.9100,68.9600,114975
2009-03-06 08:13:00,68.8500,68.9000,68.8500,68.9000,527347
2009-03-06 08:12:00,68.8600,68.8800,68.8300,68.8500,46922
2009-03-06 08:11:00,68.9000,68.9000,68.8300,68.8300,17128
2009-03-06 08:10:00,68.6500,68.9600,68.6100,68.9000,1561331
2009-03-06 08:09:00,68.9000,68.9000,68.8400,68.8500,252439
2009-03-06 08:08:00,68.9000,68.9200,68.8800,68.9000,142915
2009-03-06 08:07:00,68.9200,68.9300,68.8700,68.9000,164502
2009-03-06 08:06:00,68.9200,68.9500,68.9100,68.9300,31700
2009-03-06 08:05:00,68.8700,68.9100,68.8400,68.9100,37800
2009-03-06 08:04:00,68.7000,68.9100,68.7000,68.8800,864083
2009-03-06 08:03:00,68.8300,68.8800,68.8300,68.8800,47250
2009-03-06 08:02:00,68.7600,68.8400,68.7600,68.8300,31533
2009-03-06 08:01:00,68.8000,68.8000,68.7400,68.7700,71467
2009-03-06 08:00:00,68.8500,68.8500,68.7500,68.7800,332347
2009-03-06 07:59:00,68.7700,68.7700,68.7500,68.7700,3431
2009-03-06 07:58:00,68.7500,68.7600,68.7300,68.7600,37145
2009-03-06 07:57:00,68.7600,68.7700,68.7400,68.7500,38569
2009-03-06 07:56:00,68.7600,68.7700,68.7500,68.7500,26969
2009-03-06 07:55:00,68.7300,68.7800,68.7300,68.7700,7600
2009-03-06 07:54:00,68.7500,68.7500,68.7500,68.7500,11032
2009-03-06 07:53:00,68.7400,68.7500,68.7400,68.7500,7800
2009-03-06 07:52:00,68.7500,68.7500,68.7300,68.7300,15300
2009-03-06 07:51:00,68.7500,68.7500,68.7500,68.7500,22400
2009-03-06 07:50:00,68.7900,68.7900,68.7700,68.7700,45200
2009-03-06 07:49:00,68.7700,68.7900,68.7700,68.7900,91323
2009-03-06 07:48:00,68.7300,68.7300,68.7300,68.7300,10000
2009-03-06 07:47:00,68.6600,68.6700,68.6600,68.6600,157732
2009-03-06 07:46:00,68.6200,68.6600,68.6200,68.6600,58400
2009-03-06 07:45:00,68.6400,68.6400,68.6200,68.6200,43100
2009-03-06 07:44:00,68.6000,68.6100,68.6000,68.6100,20400
2009-03-06 07:43:00,68.7000,68.7000,68.6200,68.6200,112600
2009-03-06 07:42:00,68.7200,68.7200,68.7000,68.7000,9100
2009-03-06 07:41:00,68.6900,68.7200,68.6900,68.7200,177431
2009-03-06 07:40:00,68.7800,68.7800,68.7000,68.7000,124869
2009-03-06 07:39:00,68.7400,68.7500,68.7400,68.7500,855
2009-03-06 07:38:00,68.7100,68.7100,68.7000,68.7000,4900
2009-03-06 07:37:00,68.7600,68.7600,68.7400,68.7500,29938
2009-03-06 07:36:00,68.7500,68.7500,68.7400,68.7500,20700
2009-03-06 07:35:00,68.7500,68.7500,68.7500,68.7500,11600
2009-03-06 07:34:00,68.7000,68.7700,68.7000,68.7400,136727
2009-03-06 07:33:00,68.6800,68.7200,68.6800,68.7000,38713
2009-03-06 07:32:00,68.6300,68.6800,68.6300,68.6800,69700
2009-03-06 07:31:00,68.6600,68.6600,68.6200,68.6300,11500
2009-03-06 07:30:00,68.6300,68.6700,68.6300,68.6400,17300
2009-03-06 07:29:00,68.6500,68.6500,68.6300,68.6300,75000
2009-03-06 07:28:00,68.6800,68.6800,68.6800,68.6800,3150
2009-03-06 07:27:00,68.6600,68.7000,68.6500,68.7000,66200
2009-03-06 07:26:00,68.6600,68.6600,68.6600,68.6600,41100
2009-03-06 07:25:00,68.6300,68.7000,68.6300,68.6300,171300
2009-03-06 07:24:00,68.6800,68.6800,68.6400,68.6400,199124
2009-03-06 07:23:00,68.7400,68.7400,68.7000,68.7000,1307
2009-03-06 07:22:00,68.6700,68.6900,68.6600,68.6900,51351
2009-03-06 07:21:00,68.6800,68.7000,68.6800,68.7000,37700
2009-03-06 07:20:00,68.7500,68.7500,68.6800,68.6800,92738
2009-03-06 07:19:00,68.8800,68.8800,68.7500,68.7500,10100
2009-03-06 07:18:00,68.8700,68.8800,68.8700,68.8800,1669
2009-03-06 07:17:00,68.8100,68.8900,68.8100,68.8800,25183
2009-03-06 07:16:00,68.7900,68.8100,68.7700,68.8100,11069
2009-03-06 07:15:00,68.8100,68.8100,68.7800,68.7800,28469
2009-03-06 07:13:00,68.8800,68.8800,68.8700,68.8700,2700
2009-03-06 07:12:00,68.8700,68.8700,68.8600,68.8600,1400
2009-03-06 07:11:00,68.9400,68.9400,68.9400,68.9400,1900
2009-03-06 07:10:00,68.9400,68.9500,68.9000,68.9500,53000
2009-03-06 07:09:00,68.9100,68.9100,68.9100,68.9100,27300
2009-03-06 07:08:00,68.9300,68.9300,68.9300,68.9300,1000
2009-03-06 07:07:00,69.0300,69.0300,68.9500,68.9500,14300
2009-03-06 07:06:00,68.9900,69.0100,68.9800,68.9900,227100
2009-03-06 07:05:00,69.0000,69.0000,68.9300,68.9300,129000
2009-03-06 07:04:00,69.0200,69.0200,68.9500,68.9500,38890
2009-03-06 07:03:00,69.0000,69.0200,69.0000,69.0000,4100
2009-03-06 07:01:00,68.9000,68.9200,68.9000,68.9200,3200
2009-03-06 07:00:00,68.9000,68.9200,68.9000,68.9200,2000
2009-03-06 06:56:00,68.8600,68.8600,68.8500,68.8500,100000
2009-03-06 06:52:00,68.8000,68.8200,68.7900,68.8200,115000
2009-03-06 06:51:00,68.8000,68.8000,68.8000,68.8000,2972
2009-03-06 06:50:00,68.7200,68.7200,68.7200,68.7200,500
2009-03-06 06:49:00,68.6600,68.6600,68.6600,68.6600,1500
2009-03-06 06:48:00,68.6600,68.6600,68.6600,68.6600,1000
2009-03-06 06:43:00,68.6600,68.6600,68.6600,68.6600,2500
2009-03-06 06:38:00,68.6000,68.6300,68.6000,68.6300,25100
2009-03-06 06:35:00,68.5800,68.5800,68.5800,68.5800,500
2009-03-06 06:32:00,68.6300,68.6300,68.6300,68.6300,5000
2009-03-06 06:29:00,68.6200,68.6200,68.5900,68.5900,11000
2009-03-06 06:28:00,68.5400,68.5400,68.5400,68.5400,100
2009-03-06 06:26:00,68.5600,68.5600,68.5600,68.5600,300
2009-03-06 06:24:00,68.4900,68.5300,68.4800,68.4800,1400
2009-03-06 06:23:00,68.5000,68.5000,68.5000,68.5000,100
2009-03-06 06:21:00,68.4700,68.4800,68.4700,68.4800,1000
2009-03-06 06:20:00,68.3800,68.4100,68.3800,68.4100,350
2009-03-06 06:19:00,68.5300,68.5300,68.5100,68.5300,100000
2009-03-06 06:18:00,68.4600,68.4600,68.4600,68.4600,100
2009-03-06 06:17:00,68.5000,68.5000,68.5000,68.5000,100
2009-03-06 06:16:00,68.5000,68.5000,68.4600,68.4600,400
2009-03-06 06:15:00,68.6300,68.6300,68.6000,68.6000,700
2009-03-06 06:12:00,68.7100,68.7100,68.6700,68.6700,2200
2009-03-06 06:11:00,68.7400,68.7400,68.7400,68.7400,100
2009-03-06 06:06:00,68.9000,68.9000,68.9000,68.9000,2500
2009-03-06 06:04:00,68.8600,68.8600,68.8600,68.8600,100
2009-03-06 05:31:00,68.8900,68.8900,68.8900,68.8900,100
2009-03-06 05:29:00,68.9100,68.9100,68.9100,68.9100,100
2009-03-06 05:21:00,69.1000,69.1000,69.1000,69.1000,100
2009-03-06 05:10:00,69.2800,69.2800,69.2800,69.2800,100
2009-03-06 04:15:00,69.4100,69.4100,69.4100,69.4100,300
2009-03-05 19:59:00,69.0600,69.1000,69.0600,69.0800,1750
2009-03-05 19:58:00,69.1000,69.1100,69.0900,69.1100,1848
2009-03-05 19:57:00,69.1200,69.1200,69.1000,69.1000,350
2009-03-05 19:55:00,69.1400,69.1500,69.1400,69.1500,8820
2009-03-05 19:54:00,69.1200,69.1200,69.1200,69.1200,100
2009-03-05 19:53:00,69.1100,69.1500,69.1100,69.1500,6050
2009-03-05 19:52:00,69.1100,69.1100,69.1100,69.1100,300
2009-03-05 19:50:00,69.1300,69.1300,69.1000,69.1000,6282
2009-03-05 19:49:00,69.1300,69.1300,69.1300,69.1300,268
2009-03-05 19:48:00,69.1300,69.1500,69.1300,69.1500,3000
2009-03-05 19:47:00,69.1300,69.1300,69.1000,69.1000,10394
2009-03-05 19:46:00,69.1300,69.1300,69.1300,69.1300,1192
2009-03-05 19:45:00,69.1200,69.1200,69.1200,69.1200,1858
2009-03-05 19:44:00,69.1200,69.1200,69.1200,69.1200,2300
2009-03-05 19:43:00,69.1200,69.1200,69.1200,69.1200,4000
2009-03-05 19:42:00,69.1200,69.1200,69.1200,69.1200,200
2009-03-05 19:41:00,69.1200,69.1300,69.1200,69.1300,4100
2009-03-05 19:40:00,69.1100,69.1100,69.1100,69.1100,1000
2009-03-05 19:39:00,69.1200,69.1300,69.1200,69.1300,1000
2009-03-05 19:38:00,69.1200,69.1200,69.1200,69.1200,3500
2009-03-05 19:37:00,69.1200,69.1200,69.1000,69.1000,768
2009-03-05 19:36:00,69.1400,69.1400,69.0900,69.1100,18368
2009-03-05 19:35:00,69.1400,69.1400,69.1300,69.1400,6425
2009-03-05 19:34:00,69.1300,69.1300,69.1200,69.1200,1455
2009-03-05 19:33:00,69.1100,69.1100,69.1100,69.1100,100
2009-03-05 19:32:00,69.1200,69.1300,69.1200,69.1300,1668
2009-03-05 19:30:00,69.1400,69.1400,69.1200,69.1200,3450
2009-03-05 19:28:00,69.1300,69.1400,69.1300,69.1300,5036
2009-03-05 19:27:00,69.1200,69.1300,69.1000,69.1300,3651
2009-03-05 19:26:00,69.1000,69.1200,69.1000,69.1000,7900
2009-03-05 19:25:00,69.0600,69.0900,69.0600,69.0900,3312
2009-03-05 19:24:00,69.0500,69.0500,69.0500,69.0500,150
2009-03-05 19:23:00,69.0500,69.0600,69.0500,69.0600,1500
2009-03-05 19:22:00,69.0500,69.0600,69.0500,69.0500,1500
2009-03-05 19:21:00,69.0300,69.0600,69.0300,69.0500,3270
2009-03-05 19:20:00,69.0300,69.0300,69.0300,69.0300,268
2009-03-05 19:19:00,69.0300,69.0300,69.0300,69.0300,3000
2009-03-05 19:17:00,69.0600,69.0600,69.0500,69.0500,1000
2009-03-05 19:16:00,69.0600,69.0600,69.0300,69.0300,2468
2009-03-05 19:15:00,69.0700,69.0700,69.0500,69.0500,2068
2009-03-05 19:14:00,69.0600,69.0900,69.0600,69.0900,15500
2009-03-05 19:13:00,69.0600,69.0600,69.0300,69.0600,2907
2009-03-05 19:11:00,69.0500,69.0500,69.0500,69.0500,630
2009-03-05 19:10:00,69.0500,69.0500,69.0500,69.0500,200
2009-03-05 19:09:00,69.0600,69.0600,69.0500,69.0500,16785
2009-03-05 19:07:00,69.0700,69.0700,69.0700,69.0700,500
2009-03-05 19:05:00,69.0700,69.0700,69.0700,69.0700,15700
2009-03-05 19:04:00,69.0500,69.0600,69.0500,69.0600,11100
2009-03-05 19:03:00,69.0500,69.0500,69.0500,69.0500,400
2009-03-05 19:02:00,69.0600,69.0600,69.0600,69.0600,415
2009-03-05 19:01:00,69.0800,69.0800,69.0800,69.0800,400
2009-03-05 19:00:00,69.0500,69.0500,69.0500,69.0500,1900
2009-03-05 18:59:00,69.0600,69.0600,69.0500,69.0500,26088
2009-03-05 18:58:00,69.0800,69.0800,69.0600,69.0600,6169
2009-03-05 18:56:00,69.1300,69.1300,69.1300,69.1300,369
2009-03-05 18:53:00,69.1300,69.1300,69.1300,69.1300,1000
2009-03-05 18:52:00,69.1200,69.1600,69.1200,69.1600,1438
2009-03-05 18:51:00,69.1100,69.1100,69.1000,69.1000,768
2009-03-05 18:50:00,69.1300,69.1300,69.1100,69.1100,2916
2009-03-05 18:49:00,69.0900,69.0900,69.0800,69.0800,1000
2009-03-05 18:48:00,69.1000,69.1000,69.0800,69.0800,5209
2009-03-05 18:47:00,69.1000,69.1000,69.1000,69.1000,341
2009-03-05 18:45:00,69.1100,69.1100,69.1000,69.1000,1742
2009-03-05 18:44:00,69.1000,69.1000,69.1000,69.1000,100
2009-03-05 18:43:00,69.1000,69.1000,69.1000,69.1000,500
2009-03-05 18:42:00,69.1000,69.1000,69.1000,69.1000,200
2009-03-05 18:41:00,69.1000,69.1000,69.1000,69.1000,500
2009-03-05 18:40:00,69.1100,69.1100,69.1100,69.1100,200
2009-03-05 18:38:00,69.0800,69.0800,69.0700,69.0800,1100
2009-03-05 18:37:00,69.0800,69.0800,69.0800,69.0800,100
2009-03-05 18:36:00,69.0700,69.0700,69.0600,69.0600,7431
2009-03-05 18:35:00,69.0800,69.0800,69.0700,69.0700,854
2009-03-05 18:34:00,69.1000,69.1200,69.0700,69.1200,10000
2009-03-05 18:32:00,69.1000,69.1000,69.1000,69.1000,100
2009-03-05 18:31:00,69.0900,69.1100,69.0800,69.0900,12846
2009-03-05 18:29:00,69.1100,69.1100,69.1100,69.1100,100
2009-03-05 18:28:00,69.1200,69.1400,69.1100,69.1100,9050
2009-03-05 18:27:00,69.1300,69.1300,69.1300,69.1300,200
2009-03-05 18:26:00,69.1400,69.1400,69.1400,69.1400,408
2009-03-05 18:25:00,69.1400,69.1400,69.1400,69.1400,300
2009-03-05 18:24:00,69.1600,69.1600,69.1600,69.1600,400
2009-03-05 18:23:00,69.1600,69.1600,69.1600,69.1600,100
2009-03-05 18:22:00,69.1600,69.1600,69.1600,69.1600,738
2009-03-05 18:21:00,69.1900,69.1900,69.1500,69.1500,1055
2009-03-05 18:20:00,69.1600,69.1900,69.1600,69.1900,476
2009-03-05 18:19:00,69.1800,69.1800,69.1800,69.1800,200
2009-03-05 18:17:00,69.1600,69.1600,69.1600,69.1600,750
2009-03-05 18:16:00,69.1800,69.1800,69.1500,69.1500,15000
2009-03-05 18:15:00,69.1800,69.1900,69.1800,69.1800,900
2009-03-05 18:14:00,69.1900,69.1900,69.1500,69.1500,5200
2009-03-05 18:12:00,69.1900,69.1900,69.1900,69.1900,500
2009-03-05 18:11:00,69.1700,69.1900,69.1700,69.1900,595
2009-03-05 18:10:00,69.1900,69.1900,69.1900,69.1900,295
2009-03-05 18:09:00,69.1600,69.2000,69.1600,69.2000,300
2009-03-05 18:08:00,69.1800,69.1800,69.1700,69.1700,869
2009-03-05 18:07:00,69.1900,69.1900,69.1900,69.1900,2864
2009-03-05 18:05:00,69.2000,69.2000,69.2000,69.2000,300
2009-03-05 18:04:00,69.2700,69.2800,69.1900,69.1900,11792
2009-03-05 18:03:00,69.2900,69.2900,69.2800,69.2800,22142
2009-03-05 18:02:00,69.2900,69.3000,69.2900,69.2900,15727
2009-03-05 18:01:00,69.2900,69.2900,69.2900,69.2900,1594
2009-03-05 18:00:00,69.2200,69.2900,69.2200,69.2900,15091
2009-03-05 17:59:00,69.2100,69.2100,69.2100,69.2100,762
2009-03-05 17:58:00,69.2000,69.2100,69.2000,69.2100,2238
2009-03-05 17:57:00,69.1900,69.1900,69.1900,69.1900,500
2009-03-05 17:56:00,69.2100,69.2100,69.2100,69.2100,887
2009-03-05 17:54:00,69.2200,69.2200,69.2000,69.2000,1600
2009-03-05 17:52:00,69.1900,69.1900,69.1900,69.1900,800
2009-03-05 17:51:00,69.2100,69.2100,69.2100,69.2100,300
2009-03-05 17:50:00,69.2100,69.2100,69.2100,69.2100,200
2009-03-05 17:49:00,69.2100,69.2100,69.2100,69.2100,743
2009-03-05 17:48:00,69.2100,69.2100,69.2100,69.2100,1729
2009-03-05 17:44:00,69.2000,69.2000,69.2000,69.2000,864
2009-03-05 17:43:00,69.2500,69.2500,69.2000,69.2000,4000
2009-03-05 17:42:00,69.2300,69.2300,69.2100,69.2100,15278
2009-03-05 17:41:00,69.2300,69.2300,69.2300,69.2300,4024
2009-03-05 17:40:00,69.2300,69.2300,69.2300,69.2300,3100
2009-03-05 17:39:00,69.2400,69.2400,69.2300,69.2300,2331
2009-03-05 17:38:00,69.2500,69.2500,69.2500,69.2500,7063
2009-03-05 17:37:00,69.2500,69.2500,69.2500,69.2500,5469
2009-03-05 17:36:00,69.2500,69.2500,69.2500,69.2500,200
2009-03-05 17:35:00,69.2600,69.2600,69.2500,69.2500,2000
2009-03-05 17:32:00,69.2700,69.2700,69.2600,69.2600,1500
2009-03-05 17:31:00,69.2700,69.2700,69.2500,69.2500,2443
2009-03-05 17:30:00,69.2500,69.2500,69.2500,69.2500,305
2009-03-05 17:29:00,69.2500,69.2500,69.2400,69.2500,796
2009-03-05 17:27:00,69.2300,69.2300,69.2300,69.2300,441
2009-03-05 17:26:00,69.2400,69.2400,69.2300,69.2400,5916
2009-03-05 17:25:00,69.2700,69.2700,69.2300,69.2300,3840
2009-03-05 17:24:00,69.2700,69.2700,69.2600,69.2700,19200
2009-03-05 17:23:00,69.2500,69.2700,69.2500,69.2700,7400
2009-03-05 17:22:00,69.2400,69.2400,69.2400,69.2400,1664
2009-03-05 17:21:00,69.2300,69.2400,69.2200,69.2400,4958
2009-03-05 17:20:00,69.2100,69.2300,69.2100,69.2200,20658
2009-03-05 17:19:00,69.2200,69.2200,69.2200,69.2200,2500
2009-03-05 17:18:00,69.2000,69.2100,69.2000,69.2000,2116
2009-03-05 17:16:00,69.2000,69.2000,69.2000,69.2000,200
2009-03-05 17:15:00,69.2200,69.2200,69.2100,69.2100,4500
2009-03-05 17:14:00,69.1800,69.2100,69.1800,69.2000,7205
2009-03-05 17:13:00,69.2000,69.2000,69.1900,69.1900,6400
2009-03-05 17:12:00,69.2000,69.2000,69.1900,69.1900,3416
2009-03-05 17:11:00,69.1900,69.2000,69.1700,69.2000,9172
2009-03-05 17:10:00,69.2000,69.2000,69.1900,69.1900,5500
2009-03-05 17:09:00,69.2100,69.2100,69.2000,69.2000,23284
2009-03-05 17:08:00,69.1900,69.2100,69.1900,69.2100,2000
2009-03-05 17:07:00,69.2200,69.2200,69.1800,69.1800,21688
2009-03-05 17:06:00,69.2500,69.2500,69.2200,69.2200,9369
2009-03-05 17:05:00,69.2200,69.3000,69.2200,69.2400,72378
2009-03-05 17:04:00,69.2300,69.2300,69.2200,69.2200,1108
2009-03-05 17:03:00,69.2100,69.2500,69.2100,69.2500,7700
2009-03-05 17:02:00,69.1900,69.2200,69.1900,69.2200,43130
2009-03-05 17:01:00,69.1900,69.2000,69.1900,69.2000,300
2009-03-05 17:00:00,69.2000,69.2000,69.2000,69.2000,43070
2009-03-05 16:59:00,69.2000,69.2000,69.2000,69.2000,3150
2009-03-05 16:58:00,69.1900,69.2000,69.1700,69.2000,88300
2009-03-05 16:57:00,69.1800,69.1900,69.1800,69.1900,6809
2009-03-05 16:56:00,69.1800,69.1800,69.1800,69.1800,3329
2009-03-05 16:55:00,69.1500,69.1600,69.1400,69.1600,6350
2009-03-05 16:54:00,69.1700,69.1700,69.1600,69.1600,10000
2009-03-05 16:53:00,69.1600,69.1600,69.1600,69.1600,738
2009-03-05 16:52:00,69.1700,69.1700,69.1600,69.1600,1069
2009-03-05 16:51:00,69.1700,69.1700,69.1500,69.1700,22669
2009-03-05 16:50:00,69.1100,69.1100,69.1100,69.1100,1819597
2009-03-05 16:49:00,69.1100,69.1200,69.1100,69.1200,2181
2009-03-05 16:48:00,69.1500,69.1500,69.1200,69.1200,3498
2009-03-05 16:47:00,69.1500,69.1700,69.1400,69.1500,4330
2009-03-05 16:46:00,69.1400,69.1500,69.1400,69.1500,2100
2009-03-05 16:45:00,69.1500,69.1500,69.1400,69.1400,4085
2009-03-05 16:44:00,69.1600,69.1800,69.1600,69.1800,41488
2009-03-05 16:43:00,69.1600,69.1900,69.1600,69.1800,51823
2009-03-05 16:42:00,69.1400,69.1600,69.1400,69.1600,18709
2009-03-05 16:41:00,69.1200,69.1500,69.0800,69.1400,49528
2009-03-05 16:40:00,69.1100,69.1200,69.1100,69.1200,7398
2009-03-05 16:39:00,69.1200,69.1200,69.0900,69.1100,1512182
2009-03-05 16:38:00,69.0900,69.1000,69.0900,69.1000,5615
2009-03-05 16:37:00,69.0900,69.1200,69.0900,69.1000,4644
2009-03-05 16:36:00,69.1000,69.1200,69.1000,69.1000,6480
2009-03-05 16:35:00,69.1500,69.1500,69.1100,69.1100,23339
2009-03-05 16:34:00,69.1800,69.1800,69.1400,69.1600,7564
2009-03-05 16:33:00,69.1700,69.1800,69.1600,69.1600,1669
2009-03-05 16:32:00,69.1600,69.1600,69.1500,69.1600,2014975
2009-03-05 16:31:00,69.2000,69.2200,69.1600,69.1700,16928
2009-03-05 16:30:00,69.1000,69.2200,69.1000,69.1900,60618
2009-03-05 16:29:00,69.1100,69.1300,69.1000,69.1000,25711
2009-03-05 16:28:00,69.1300,69.1300,69.1100,69.1100,11082
2009-03-05 16:27:00,69.1300,69.1300,69.0934,69.1300,1022700
2009-03-05 16:26:00,68.8000,69.1500,68.8000,69.1500,103903
2009-03-05 16:25:00,69.0900,69.1600,69.0900,69.1000,19988
2009-03-05 16:24:00,69.0900,69.1100,69.0800,69.1100,18293
2009-03-05 16:23:00,69.1000,69.1000,69.1000,69.1000,19828
2009-03-05 16:22:00,69.1000,69.1200,69.0900,69.1200,13848
2009-03-05 16:21:00,69.1000,69.1000,69.0900,69.1000,42645
2009-03-05 16:20:00,69.0800,69.1000,69.0800,69.1000,19370
2009-03-05 16:19:00,69.0800,69.0800,69.0500,69.0800,78684
2009-03-05 16:18:00,69.0700,69.0900,69.0600,69.0800,44288
2009-03-05 16:17:00,69.0700,69.3599,69.0500,69.0500,34293
2009-03-05 16:16:00,69.0700,69.0900,69.0600,69.0700,23409
2009-03-05 16:15:00,69.1500,69.1500,68.6950,69.0800,4393405
2009-03-05 16:14:00,69.1600,69.1800,69.1200,69.1500,227694
2009-03-05 16:13:00,69.1800,69.3748,69.1100,69.1600,260169
2009-03-05 16:12:00,69.0700,69.3748,68.8366,69.1700,572071
2009-03-05 16:11:00,69.0900,69.1100,69.0500,69.0700,518272
2009-03-05 16:10:00,68.9500,69.1000,68.6900,69.1000,512008
2009-03-05 16:09:00,68.9500,68.9700,68.7537,68.9400,3617529
2009-03-05 16:08:00,68.9000,68.9500,68.7137,68.9500,1690966
2009-03-05 16:07:00,68.8300,68.9000,68.8100,68.9000,197731
2009-03-05 16:06:00,68.8000,68.8500,68.7900,68.8300,560400
2009-03-05 16:05:00,68.7800,68.8100,68.7500,68.8000,227536
2009-03-05 16:04:00,68.8000,68.8000,68.7800,68.7900,1244838
2009-03-05 16:03:00,68.8100,68.8300,68.7667,68.8000,322041
2009-03-05 16:02:00,68.8600,68.8700,68.8000,68.8200,470642
2009-03-05 16:01:00,68.8100,68.8800,68.7900,68.8600,1070100
2009-03-05 16:00:00,68.7700,68.8400,68.7200,68.8200,6794976
2009-03-05 15:59:00,68.8000,68.8700,68.7700,68.7700,5902074
2009-03-05 15:58:00,68.7600,68.8300,68.7000,68.8000,2621005
2009-03-05 15:57:00,68.7000,68.8000,68.6900,68.7590,2891971
2009-03-05 15:56:00,68.7200,68.7300,68.6000,68.7000,1452061
2009-03-05 15:55:00,68.7700,68.8500,68.7100,68.7200,2448449
2009-03-05 15:54:00,68.7400,68.7800,68.6600,68.7700,2407050
2009-03-05 15:53:00,68.6200,68.7600,68.6100,68.7400,1829337
2009-03-05 15:52:00,68.7200,68.7500,68.6200,68.6200,1652570
2009-03-05 15:51:00,68.6500,68.7400,68.5700,68.7200,2366562
2009-03-05 15:50:00,68.8300,68.8500,68.6300,68.6500,3413553
2009-03-05 15:49:00,68.5999,68.8600,68.5900,68.8400,4040257
2009-03-05 15:48:00,68.6300,68.6900,68.4000,68.5900,1183171
2009-03-05 15:47:00,68.5200,68.7500,68.4000,68.6200,2092832
2009-03-05 15:46:00,68.4100,68.5500,68.3500,68.5200,1538050
2009-03-05 15:45:00,68.4000,68.4200,68.3500,68.4100,1103030
2009-03-05 15:44:00,68.2478,68.4200,68.1700,68.3900,2598373
2009-03-05 15:43:00,68.5100,68.5200,68.2300,68.2400,1932531
2009-03-05 15:42:00,68.3600,68.5200,68.3300,68.5100,2993480
2009-03-05 15:41:00,68.3300,68.4000,68.2600,68.3600,3289512
2009-03-05 15:40:00,68.3300,68.4400,68.2200,68.3300,4402960
2009-03-05 15:39:00,68.4300,68.4400,68.2600,68.3400,1543432
2009-03-05 15:38:00,68.4900,68.5000,68.4000,68.4300,2186585
2009-03-05 15:37:00,68.4000,68.5300,68.3900,68.4900,1900781
2009-03-05 15:36:00,68.2900,68.4300,68.2700,68.4000,2501244
2009-03-05 15:35:00,68.5100,68.5500,68.2600,68.2700,5000520
2009-03-05 15:34:00,68.6300,68.6500,68.5000,68.5100,1543097
2009-03-05 15:33:00,68.6700,68.7100,68.5500,68.6300,1864515
2009-03-05 15:32:00,68.8100,68.8100,68.6200,68.6220,1626557
2009-03-05 15:31:00,68.8900,68.8900,68.7900,68.8100,982100
2009-03-05 15:30:00,68.8500,68.9400,68.7900,68.8800,1062567
2009-03-05 15:29:00,68.8900,68.9700,68.7900,68.8500,1125607
2009-03-05 15:28:00,68.8500,68.9100,68.7900,68.9000,918299
2009-03-05 15:27:00,68.8100,68.9100,68.7700,68.8400,1040693
2009-03-05 15:26:00,68.8300,68.9000,68.8000,68.8200,1338559
2009-03-05 15:25:00,68.9900,69.0100,68.7600,68.8100,2047439
2009-03-05 15:24:00,69.0400,69.0800,68.9900,68.9900,846893
2009-03-05 15:23:00,69.1600,69.2000,68.9900,69.0300,1081317
2009-03-05 15:22:00,69.2400,69.2600,69.1300,69.1700,833481
2009-03-05 15:21:00,69.0500,69.2500,68.9900,69.2400,974267
2009-03-05 15:20:00,69.0300,69.1200,68.9500,69.0500,1216420
2009-03-05 15:19:00,69.1600,69.1800,69.0000,69.0200,691261
2009-03-05 15:18:00,69.1200,69.1800,69.0600,69.1700,872657
2009-03-05 15:17:00,69.2200,69.2300,69.0600,69.0800,1251388
2009-03-05 15:16:00,69.3700,69.3900,69.2000,69.2100,943404
2009-03-05 15:15:00,69.2200,69.3800,69.2200,69.3800,1415867
2009-03-05 15:14:00,69.1800,69.2700,69.1700,69.2200,987031
2009-03-05 15:13:00,69.1800,69.2100,69.0800,69.1610,1429261
2009-03-05 15:12:00,69.2600,69.2700,69.1500,69.1799,1146646
2009-03-05 15:11:00,69.0400,69.2900,69.0300,69.2600,2374280
2009-03-05 15:10:00,68.9500,69.0700,68.9500,69.0400,676339
2009-03-05 15:09:00,69.0995,69.1000,68.9400,68.9400,930547
2009-03-05 15:08:00,69.0700,69.1100,69.0200,69.1000,1456476
2009-03-05 15:07:00,68.9500,69.1000,68.9500,69.0600,1854107
2009-03-05 15:06:00,68.8200,68.9600,68.8100,68.9600,773556
2009-03-05 15:05:00,68.8000,68.8300,68.6900,68.8100,810251
2009-03-05 15:04:00,68.7800,68.8500,68.7800,68.7900,613341
2009-03-05 15:03:00,68.7900,68.8100,68.7300,68.7900,557293
2009-03-05 15:02:00,68.6999,68.8600,68.6800,68.7900,717889
2009-03-05 15:01:00,68.7000,68.7200,68.6600,68.6999,392240
2009-03-05 15:00:00,68.6900,68.7700,68.6700,68.7100,1060933
2009-03-05 14:59:00,68.8010,68.8200,68.6900,68.6900,454237
2009-03-05 14:58:00,68.7100,68.8400,68.6900,68.8000,871692
2009-03-05 14:57:00,68.6300,68.7500,68.6100,68.7200,828446
2009-03-05 14:56:00,68.6200,68.6900,68.5900,68.6400,1363972
2009-03-05 14:55:00,68.8400,68.9300,68.5800,68.6300,1375521
2009-03-05 14:54:00,68.8400,68.8450,68.7700,68.8200,506947
2009-03-05 14:53:00,68.9000,68.9400,68.8300,68.8400,620103
2009-03-05 14:52:00,68.8600,68.9600,68.7370,68.9000,414160
2009-03-05 14:51:00,68.8800,68.9200,68.8200,68.8700,392734
2009-03-05 14:50:00,68.8894,68.9200,68.7370,68.8950,510057
2009-03-05 14:49:00,68.8100,68.9000,68.7700,68.8801,528732
2009-03-05 14:48:00,68.8800,68.8800,68.7500,68.8200,1136052
2009-03-05 14:47:00,69.0200,69.0299,68.8300,68.8800,691827
2009-03-05 14:46:00,68.8300,69.0700,68.7700,69.0300,1431473
2009-03-05 14:45:00,68.8400,68.8900,68.8200,68.8200,794177
2009-03-05 14:44:00,68.8500,68.8900,68.8100,68.8400,381052
2009-03-05 14:43:00,68.8000,68.8700,68.7700,68.8500,626245
2009-03-05 14:42:00,68.8900,68.9100,68.8000,68.8000,764006
2009-03-05 14:41:00,68.8600,68.9500,68.8600,68.8810,716327
2009-03-05 14:40:00,68.9400,68.9800,68.8500,68.8700,408178
2009-03-05 14:39:00,69.0300,69.0500,68.9100,68.9491,977700
2009-03-05 14:38:00,68.9778,69.0600,68.9700,69.0100,548031
2009-03-05 14:37:00,68.9101,69.0100,68.8700,68.9800,533872
2009-03-05 14:36:00,69.0900,69.1000,68.8700,68.9200,904594
2009-03-05 14:35:00,68.9800,69.1100,68.9700,69.1000,1839140
2009-03-05 14:34:00,68.8500,68.9900,68.8500,68.9700,1301640
2009-03-05 14:33:00,68.7200,68.8900,68.6900,68.8500,903866
2009-03-05 14:32:00,68.8901,68.9100,68.6800,68.7200,1473300
2009-03-05 14:31:00,68.8900,68.9900,68.8400,68.9025,1081617
2009-03-05 14:30:00,68.7700,68.9200,68.7500,68.8900,799847
2009-03-05 14:29:00,68.8200,68.8700,68.7500,68.7600,663968
2009-03-05 14:28:00,68.8200,68.9000,68.7800,68.8300,899164
2009-03-05 14:27:00,68.7600,68.8500,68.7500,68.8200,1144741
2009-03-05 14:26:00,68.7600,68.8000,68.7200,68.7690,1214652
2009-03-05 14:25:00,68.7000,68.7800,68.6400,68.7700,1378412
2009-03-05 14:24:00,68.7000,68.7300,68.6600,68.7000,848043
2009-03-05 14:23:00,68.7500,68.8000,68.6800,68.6994,1106334
2009-03-05 14:22:00,68.7300,68.8100,68.6700,68.7500,1125683
2009-03-05 14:21:00,68.8500,68.9110,68.6800,68.7400,1718038
2009-03-05 14:20:00,69.0694,69.0900,68.8500,68.8500,1307389
2009-03-05 14:19:00,69.1000,69.1700,69.0600,69.0695,706846
2009-03-05 14:18:00,69.0100,69.1100,68.9200,69.1100,2208133
2009-03-05 14:17:00,68.9926,69.0900,68.9901,69.0200,1514985
2009-03-05 14:16:00,68.8500,69.4000,68.8500,69.0000,636556
2009-03-05 14:15:00,68.9100,68.9200,68.8300,68.8600,351808
2009-03-05 14:14:00,68.8200,68.9200,68.8000,68.9200,548863
2009-03-05 14:13:00,68.9100,68.9300,68.7800,68.8100,747293
2009-03-05 14:12:00,68.8800,68.9899,68.8800,68.9200,660141
2009-03-05 14:11:00,68.8400,68.9500,68.8399,68.8900,1066941
2009-03-05 14:10:00,68.9800,69.0100,68.7800,68.8400,1686035
2009-03-05 14:09:00,68.9000,69.4000,68.8800,68.9900,844176
2009-03-05 14:08:00,68.9700,68.9700,68.8700,68.9000,1048856
2009-03-05 14:07:00,68.9600,68.9800,68.8900,68.9700,932818
2009-03-05 14:06:00,68.9600,69.0100,68.9400,68.9600,705115
2009-03-05 14:05:00,69.0800,69.0800,68.9600,68.9600,1506773
2009-03-05 14:04:00,69.1300,69.1500,69.0500,69.0800,452844
2009-03-05 14:03:00,69.1400,69.1900,69.1200,69.1300,545678
2009-03-05 14:02:00,69.1200,69.1700,69.0700,69.1300,1148951
2009-03-05 14:01:00,69.1100,69.1300,69.0700,69.1300,641538
2009-03-05 14:00:00,69.1800,69.1900,68.9932,69.1100,1141710
2009-03-05 13:59:00,69.2500,69.2800,69.1600,69.1701,567869
2009-03-05 13:58:00,69.1200,69.2800,69.1200,69.2500,1524219
2009-03-05 13:57:00,69.1200,69.1600,69.0900,69.1200,465500
2009-03-05 13:56:00,69.0900,69.1300,68.9800,69.1300,558937
2009-03-05 13:55:00,69.0500,69.1200,69.0500,69.0900,600282
2009-03-05 13:54:00,68.9700,69.0500,68.9400,69.0500,548581
2009-03-05 13:53:00,69.0300,69.0600,68.8900,68.9600,800283
2009-03-05 13:52:00,69.0100,69.0800,69.0000,69.0300,545911
2009-03-05 13:51:00,68.9500,69.0300,68.9300,69.0200,817142
2009-03-05 13:50:00,68.9900,68.9900,68.8800,68.9500,1028876
2009-03-05 13:49:00,69.0600,69.1300,68.9200,68.9900,1396939
2009-03-05 13:48:00,69.1000,69.1300,69.0500,69.0600,244401
2009-03-05 13:47:00,69.0500,69.2100,69.0499,69.1000,504829
2009-03-05 13:46:00,69.0600,69.1000,68.9900,69.0500,787876
2009-03-05 13:45:00,68.9600,69.0700,68.9400,69.0600,611041
2009-03-05 13:44:00,68.9700,69.0200,68.9200,68.9600,1661229
2009-03-05 13:43:00,69.1000,69.1200,68.9500,68.9700,1700419
2009-03-05 13:42:00,69.2700,69.2700,69.0700,69.1100,745221
2009-03-05 13:41:00,69.3200,69.3200,69.2500,69.2700,382120
2009-03-05 13:40:00,69.2100,69.4200,69.1900,69.3100,1524905
2009-03-05 13:39:00,69.1400,69.2100,69.1300,69.2000,873237
2009-03-05 13:38:00,69.1200,69.2000,69.1200,69.1400,315778
2009-03-05 13:37:00,69.1700,69.1800,69.1200,69.1200,295894
2009-03-05 13:36:00,69.2200,69.2300,69.1200,69.1690,600214
2009-03-05 13:35:00,69.1900,69.2200,69.1300,69.2200,485356
2009-03-05 13:34:00,69.1400,69.2300,69.1400,69.1800,649453
2009-03-05 13:33:00,69.1700,69.1700,69.1000,69.1400,1643463
2009-03-05 13:32:00,69.3400,69.3500,69.1500,69.1600,1202804
2009-03-05 13:31:00,69.4000,69.4200,69.3200,69.3400,1398965
2009-03-05 13:30:00,69.4100,69.4300,69.3800,69.4000,676452
2009-03-05 13:29:00,69.3700,69.4300,69.3500,69.4100,707012
2009-03-05 13:28:00,69.3300,69.3700,69.3000,69.3600,696321
2009-03-05 13:27:00,69.3300,69.3800,69.3100,69.3300,382304
2009-03-05 13:26:00,69.4100,69.4100,69.2500,69.3300,731324
2009-03-05 13:25:00,69.3600,69.4100,69.3400,69.4100,506458
2009-03-05 13:24:00,69.3400,69.4200,69.3200,69.3700,1964687
2009-03-05 13:23:00,69.4500,69.4900,69.3400,69.3400,1220049
2009-03-05 13:22:00,69.5500,69.5700,69.4500,69.4500,1189985
2009-03-05 13:21:00,69.5900,69.6300,69.5500,69.5500,617290
2009-03-05 13:20:00,69.7100,69.7100,69.5800,69.5900,738043
2009-03-05 13:19:00,69.6700,69.7700,69.6600,69.7100,1496118
2009-03-05 13:18:00,69.5800,69.7100,69.5400,69.6600,966713
2009-03-05 13:17:00,69.5500,69.6200,69.5300,69.5800,508323
2009-03-05 13:16:00,69.6200,69.6200,69.5300,69.5600,1011942
2009-03-05 13:15:00,69.6300,69.6700,69.6000,69.6100,671986
2009-03-05 13:14:00,69.6300,69.6500,69.5900,69.6200,992849
2009-03-05 13:13:00,69.6200,69.7300,69.5900,69.6300,1274825
2009-03-05 13:12:00,69.6800,69.7200,69.6000,69.6100,1384552
2009-03-05 13:11:00,69.5400,69.7000,69.5100,69.6800,1899981
2009-03-05 13:10:00,69.4400,69.5500,69.4200,69.5401,1749343
2009-03-05 13:09:00,69.2400,69.4600,69.2000,69.4400,1408488
2009-03-05 13:08:00,69.1700,69.2525,69.1600,69.2400,343697
2009-03-05 13:07:00,69.1200,69.2100,69.1100,69.1700,775558
2009-03-05 13:06:00,69.0800,69.1200,69.0700,69.1200,81834
2009-03-05 13:05:00,69.0800,69.1000,69.0500,69.0722,399484
2009-03-05 13:04:00,69.0700,69.1200,69.0300,69.0800,303775
2009-03-05 13:03:00,69.0475,69.1000,69.0000,69.0700,336157
2009-03-05 13:02:00,69.0600,69.1300,69.0100,69.0500,625679
2009-03-05 13:01:00,69.0800,69.1000,69.0000,69.0600,542621
2009-03-05 13:00:00,69.0700,69.1000,69.0400,69.0800,527789
2009-03-05 12:59:00,68.9700,69.0800,68.9500,69.0700,554189
2009-03-05 12:58:00,69.0200,69.0200,68.9400,68.9700,594712
2009-03-05 12:57:00,69.0600,69.0700,69.0200,69.0200,462788
2009-03-05 12:56:00,69.0800,69.0800,68.9900,69.0594,540724
2009-03-05 12:55:00,69.1600,69.1700,69.0600,69.0700,865353
2009-03-05 12:54:00,69.1600,69.1900,69.1500,69.1600,260277
2009-03-05 12:53:00,69.1900,69.2000,69.1600,69.1700,260940
2009-03-05 12:52:00,69.1600,69.2000,69.1500,69.1900,365139
2009-03-05 12:51:00,69.1700,69.2000,69.1300,69.1600,517232
2009-03-05 12:50:00,69.1500,69.1800,69.1100,69.1700,553467
2009-03-05 12:49:00,69.2399,69.2700,69.0800,69.1400,1116777
2009-03-05 12:48:00,69.2800,69.2900,69.2200,69.2400,363656
2009-03-05 12:47:00,69.3300,69.3700,69.2700,69.2700,434372
2009-03-05 12:46:00,69.3894,69.3900,69.3200,69.3300,388656
2009-03-05 12:45:00,69.4600,69.4800,69.3600,69.3900,452557
2009-03-05 12:44:00,69.4399,69.4900,69.4100,69.4600,581843
2009-03-05 12:43:00,69.4600,69.4800,69.4000,69.4400,939071
2009-03-05 12:42:00,69.4300,69.4800,69.4200,69.4678,1001264
2009-03-05 12:41:00,69.3400,69.4300,69.3300,69.4300,258847
2009-03-05 12:40:00,69.3900,69.4200,69.3300,69.3300,690781
2009-03-05 12:39:00,69.2800,69.4000,69.2700,69.3900,564262
2009-03-05 12:38:00,69.2397,69.3300,69.2300,69.2700,384242
2009-03-05 12:37:00,69.2800,69.3000,69.2200,69.2400,399476
2009-03-05 12:36:00,69.3600,69.3800,69.2600,69.2700,397045
2009-03-05 12:35:00,69.3700,69.3800,69.2800,69.3600,778367
2009-03-05 12:34:00,69.2800,69.3800,69.2700,69.3700,534656
2009-03-05 12:33:00,69.2700,69.3000,69.2400,69.2601,594961
2009-03-05 12:32:00,69.3500,69.3500,69.2600,69.2600,477633
2009-03-05 12:31:00,69.3200,69.3600,69.2800,69.3400,785455
2009-03-05 12:30:00,69.3900,69.4200,69.3200,69.3200,1241201
2009-03-05 12:29:00,69.3400,69.3900,69.3300,69.3800,739200
2009-03-05 12:28:00,69.3001,69.3800,69.2800,69.3400,1453388
2009-03-05 12:27:00,69.2400,69.3100,69.2100,69.3000,845550
2009-03-05 12:26:00,69.2200,69.2700,69.1800,69.2401,777985
2009-03-05 12:25:00,69.1700,69.2400,69.1600,69.2299,411911
2009-03-05 12:24:00,69.2100,69.2300,69.1500,69.1700,375975
2009-03-05 12:23:00,69.2200,69.2500,69.1600,69.2100,955065
2009-03-05 12:22:00,69.1300,69.2700,68.9000,69.2200,1058243
2009-03-05 12:21:00,69.0800,69.1800,69.0800,69.1300,675116
2009-03-05 12:20:00,69.0900,69.1400,69.0700,69.0800,686356
2009-03-05 12:19:00,69.0100,69.1100,69.0100,69.0900,831390
2009-03-05 12:18:00,68.9000,69.0200,68.9000,69.0100,300324
2009-03-05 12:17:00,68.9300,68.9500,68.8800,68.9000,675186
2009-03-05 12:16:00,68.9500,69.0000,68.9300,68.9300,631719
2009-03-05 12:15:00,68.9200,68.9500,68.8800,68.9500,471607
2009-03-05 12:14:00,68.8400,68.9500,68.8000,68.9200,1267034
2009-03-05 12:13:00,68.8900,68.8900,68.8300,68.8400,740822
2009-03-05 12:12:00,68.9100,68.9400,68.8600,68.8900,662124
2009-03-05 12:11:00,68.8900,68.9200,68.8700,68.9200,1137466
2009-03-05 12:10:00,68.9800,68.9900,68.8800,68.8900,919472
2009-03-05 12:09:00,69.0300,69.0300,68.9500,68.9800,1033079
2009-03-05 12:08:00,69.0800,69.1600,69.0000,69.0200,881318
2009-03-05 12:07:00,69.0700,69.1100,69.0600,69.0826,442816
2009-03-05 12:06:00,69.0200,69.0800,68.9800,69.0800,796946
2009-03-05 12:05:00,69.0599,69.0800,68.9800,69.0200,1216035
2009-03-05 12:04:00,69.0200,69.1200,68.9710,69.0500,928649
2009-03-05 12:03:00,69.1900,69.2000,68.9700,69.0200,1259065
2009-03-05 12:02:00,69.1400,69.2300,69.1200,69.1900,303690
2009-03-05 12:01:00,69.1900,69.2700,69.1400,69.1400,533651
2009-03-05 12:00:00,69.1800,69.3000,69.1600,69.1800,741093
2009-03-05 11:59:00,69.0900,69.2300,69.0100,69.1900,1369768
2009-03-05 11:58:00,69.1500,69.1900,69.0600,69.0900,872055
2009-03-05 11:57:00,69.1300,69.1600,69.0600,69.1500,488852
2009-03-05 11:56:00,69.1100,69.1400,69.0700,69.1400,666477
2009-03-05 11:55:00,69.0800,69.1700,69.0700,69.1000,598466
2009-03-05 11:54:00,69.2400,69.2400,69.0700,69.0800,1236339
2009-03-05 11:53:00,69.2700,69.2800,69.2200,69.2588,440079
2009-03-05 11:52:00,69.3200,69.3300,69.2600,69.2700,399552
2009-03-05 11:51:00,69.3600,69.3700,69.2700,69.3200,534212
2009-03-05 11:50:00,69.3900,69.4100,69.3300,69.3700,287527
2009-03-05 11:49:00,69.3400,69.4300,69.3400,69.3900,783652
2009-03-05 11:48:00,69.4200,69.4200,69.2800,69.3400,641805
2009-03-05 11:47:00,69.4400,69.4500,69.4100,69.4200,206063
2009-03-05 11:46:00,69.4600,69.4700,69.4000,69.4400,519700
2009-03-05 11:45:00,69.4200,69.4900,69.4000,69.4600,889318
2009-03-05 11:44:00,69.3700,69.4500,69.3650,69.4300,708231
2009-03-05 11:43:00,69.2900,69.3800,69.2900,69.3750,549932
2009-03-05 11:42:00,69.2400,69.3559,69.2100,69.2900,616040
2009-03-05 11:41:00,69.3100,69.3400,69.2100,69.2499,909311
2009-03-05 11:40:00,69.3700,69.3900,69.3000,69.3100,583842
2009-03-05 11:39:00,69.3400,69.4000,69.3000,69.3900,932470
2009-03-05 11:38:00,69.2700,69.3700,69.2500,69.3400,745804
2009-03-05 11:37:00,69.2800,69.3500,69.2300,69.2600,927139
2009-03-05 11:36:00,69.3300,69.3500,69.2800,69.3000,807288
2009-03-05 11:35:00,69.2600,69.3300,69.2500,69.3300,1492034
2009-03-05 11:34:00,69.1200,69.2700,69.0900,69.2500,1051106
2009-03-05 11:33:00,69.1300,69.1700,69.0600,69.1200,1456341
2009-03-05 11:32:00,69.0900,69.1500,69.0700,69.1300,797743
2009-03-05 11:31:00,69.1300,69.1500,69.0500,69.0900,1123122
2009-03-05 11:30:00,69.1700,69.2200,69.1200,69.1400,1032161
2009-03-05 11:29:00,69.1200,69.1800,69.1000,69.1700,719443
2009-03-05 11:28:00,69.1600,69.2200,69.0700,69.1100,1316807
2009-03-05 11:27:00,69.1899,69.1900,69.1300,69.1700,656997
2009-03-05 11:26:00,69.2000,69.2800,69.1700,69.1900,1028776
2009-03-05 11:25:00,69.2910,69.3100,69.1800,69.2000,1075282
2009-03-05 11:24:00,69.2900,69.3000,69.2200,69.2900,925931
2009-03-05 11:23:00,69.3200,69.3900,69.2800,69.2800,1153864
2009-03-05 11:22:00,69.2800,69.3400,69.2700,69.3200,543346
2009-03-05 11:21:00,69.2300,69.3500,69.2200,69.2900,1335334
2009-03-05 11:20:00,69.2900,69.2900,69.1600,69.2300,1523888
2009-03-05 11:19:00,69.3500,69.3500,69.2400,69.2900,2025271
2009-03-05 11:18:00,69.4000,69.4100,69.3500,69.3500,565711
2009-03-05 11:17:00,69.2800,69.4100,69.2800,69.4000,1879834
2009-03-05 11:16:00,69.4200,69.4400,69.2700,69.2800,2268039
2009-03-05 11:15:00,69.7100,69.7100,69.4000,69.4200,1834200
2009-03-05 11:14:00,69.7400,69.7900,69.6800,69.7100,850982
2009-03-05 11:13:00,69.7200,69.8400,69.6900,69.7500,1964912
2009-03-05 11:12:00,69.7800,69.8500,69.7000,69.7100,619748
2009-03-05 11:11:00,69.8600,69.8700,69.7700,69.7900,520958
2009-03-05 11:10:00,69.8106,69.8800,69.7750,69.8550,445455
2009-03-05 11:09:00,69.7700,69.8500,69.7500,69.8100,1504958
2009-03-05 11:08:00,69.7700,69.7900,69.6800,69.7700,1418123
2009-03-05 11:07:00,69.8300,69.8707,69.7500,69.7792,1186793
2009-03-05 11:06:00,69.8900,69.9000,69.8199,69.8300,468476
2009-03-05 11:05:00,69.8300,69.9000,69.8300,69.8900,535456
2009-03-05 11:04:00,69.9100,69.9200,69.8100,69.8400,682634
2009-03-05 11:03:00,69.8200,69.9500,69.8200,69.9100,466922
2009-03-05 11:02:00,69.8500,69.8600,69.8000,69.8300,346163
2009-03-05 11:01:00,69.8100,69.8900,69.7700,69.8400,1199626
2009-03-05 11:00:00,69.7500,69.8400,69.7100,69.8100,1165099
2009-03-05 10:59:00,69.8300,69.8400,69.7100,69.7600,3264359
2009-03-05 10:58:00,69.8800,69.9199,69.8200,69.8300,1537741
2009-03-05 10:57:00,70.0100,70.0350,69.8600,69.8800,847306
2009-03-05 10:56:00,70.0500,70.0600,70.0000,70.0100,288383
2009-03-05 10:55:00,70.0200,70.1100,70.0000,70.0550,701608
2009-03-05 10:54:00,69.8900,70.0300,69.8700,70.0300,1042536
2009-03-05 10:53:00,69.9500,69.9600,69.8700,69.8800,740471
2009-03-05 10:52:00,70.0400,70.0900,69.9000,69.9650,954420
2009-03-05 10:51:00,70.0500,70.0700,69.9300,70.0400,1231644
2009-03-05 10:50:00,70.0200,70.0700,69.9500,70.0500,704051
2009-03-05 10:49:00,69.9900,70.0300,69.8900,70.0300,1606067
2009-03-05 10:48:00,70.0399,70.0700,69.9300,69.9900,1403657
2009-03-05 10:47:00,70.0400,70.0700,70.0000,70.0400,1138078
2009-03-05 10:46:00,70.1500,70.2200,70.0100,70.0400,1298705
2009-03-05 10:45:00,70.2700,70.2720,70.1200,70.1600,822859
2009-03-05 10:44:00,70.4200,70.4200,70.2799,70.2800,836907
2009-03-05 10:43:00,70.3600,70.4200,70.3550,70.4200,419610
2009-03-05 10:42:00,70.3500,70.4100,70.3400,70.3600,449777
2009-03-05 10:41:00,70.3000,70.4700,70.2800,70.3400,1513418
2009-03-05 10:40:00,70.1800,70.3200,70.1800,70.3000,536464
2009-03-05 10:39:00,70.1799,70.2800,70.1700,70.1900,450881
2009-03-05 10:38:00,70.1400,70.1900,70.0600,70.1800,1093950
2009-03-05 10:37:00,70.3100,70.3200,70.1300,70.1300,776465
2009-03-05 10:36:00,70.2600,70.3900,70.2500,70.3100,1085408
2009-03-05 10:35:00,70.3300,70.3400,70.2500,70.2600,799744
2009-03-05 10:34:00,70.2800,70.3700,70.2000,70.3400,598180
2009-03-05 10:33:00,70.2800,70.3200,70.2300,70.2900,894146
2009-03-05 10:32:00,70.1999,70.3700,70.1600,70.2800,1002135
2009-03-05 10:31:00,70.1050,70.2100,70.0500,70.2000,630315
2009-03-05 10:30:00,70.1900,70.1900,70.0700,70.1000,544161
2009-03-05 10:29:00,70.2200,70.2200,70.1300,70.1894,495341
2009-03-05 10:28:00,70.0801,70.2300,70.0801,70.2200,665505
2009-03-05 10:27:00,70.1100,70.1400,70.0500,70.0900,717784
2009-03-05 10:26:00,70.0400,70.1300,70.0000,70.1000,870490
2009-03-05 10:25:00,70.0600,70.0900,70.0000,70.0400,672163
2009-03-05 10:24:00,70.0200,70.1000,70.0100,70.0500,878883
2009-03-05 10:23:00,69.9800,70.0500,69.9500,70.0150,740226
2009-03-05 10:22:00,70.0800,70.0800,69.9600,69.9800,1316233
2009-03-05 10:21:00,70.1100,70.1400,70.0000,70.0800,2261233
2009-03-05 10:20:00,70.2300,70.2700,70.0700,70.1200,1013917
2009-03-05 10:19:00,70.2500,70.2800,70.2000,70.2300,457706
2009-03-05 10:18:00,70.2900,70.2900,70.1800,70.2500,855560
2009-03-05 10:17:00,70.2800,70.3100,70.2000,70.2804,781725
2009-03-05 10:16:00,70.1900,70.3400,70.1600,70.2800,844071
2009-03-05 10:15:00,70.1900,70.2600,70.1500,70.1800,1752472
2009-03-05 10:14:00,70.2600,70.2800,70.1800,70.1900,1874171
2009-03-05 10:13:00,70.3200,70.8000,70.2600,70.2700,1192511
2009-03-05 10:12:00,70.3600,70.3800,70.2900,70.3500,1231928
2009-03-05 10:11:00,70.4400,70.5000,70.3300,70.3500,966228
2009-03-05 10:10:00,70.5500,70.5600,70.4200,70.4305,1487919
2009-03-05 10:09:00,70.6800,70.7700,70.5400,70.5499,1300935
2009-03-05 10:08:00,70.8000,70.8700,70.6400,70.6800,1354848
2009-03-05 10:07:00,70.7400,70.8400,70.6900,70.8000,1162249
2009-03-05 10:06:00,70.7000,70.7600,70.5600,70.7400,1856249
2009-03-05 10:05:00,70.7800,70.8101,70.7000,70.7000,1027301
2009-03-05 10:04:00,70.7000,70.8000,70.6800,70.7310,650584
2009-03-05 10:03:00,70.7200,70.7300,70.6300,70.7000,1135339
2009-03-05 10:02:00,70.7500,70.8300,70.7000,70.7300,1884171
2009-03-05 10:01:00,70.5300,70.8200,70.5100,70.7500,2998360
2009-03-05 10:00:00,70.4900,70.6500,70.4100,70.5300,3466437
2009-03-05 09:59:00,70.5300,70.5600,70.4800,70.4800,452197
2009-03-05 09:58:00,70.4800,70.5800,70.4500,70.5300,1800762
2009-03-05 09:57:00,70.5000,70.5500,70.4100,70.4900,850582
2009-03-05 09:56:00,70.6100,70.6100,70.4250,70.5000,2664076
2009-03-05 09:55:00,70.5000,70.7000,70.4900,70.6000,1618858
2009-03-05 09:54:00,70.5200,70.5300,70.4000,70.4990,839043
2009-03-05 09:53:00,70.4400,70.5800,70.4400,70.5200,670813
2009-03-05 09:52:00,70.3800,70.4700,70.3800,70.4400,779434
2009-03-05 09:51:00,70.4800,70.4900,70.3600,70.3900,1139886
2009-03-05 09:50:00,70.4000,70.5100,70.3900,70.4800,1087645
2009-03-05 09:49:00,70.5800,70.5900,70.3800,70.4000,1170890
2009-03-05 09:48:00,70.6300,70.6400,70.5000,70.5800,802106
2009-03-05 09:47:00,70.6600,70.7500,70.6000,70.6300,1396639
2009-03-05 09:46:00,70.4500,70.7200,70.4500,70.6500,1819094
2009-03-05 09:45:00,70.4200,70.5700,70.4200,70.4600,1081183
2009-03-05 09:44:00,70.5100,70.5400,70.4000,70.4200,947929
2009-03-05 09:43:00,70.4794,70.5400,70.4400,70.5100,1595340
2009-03-05 09:42:00,70.6200,70.6600,70.4700,70.4700,1633738
2009-03-05 09:41:00,70.4899,70.6200,70.4700,70.6106,1572530
2009-03-05 09:40:00,70.4900,70.5200,70.4300,70.4800,569639
2009-03-05 09:39:00,70.5100,70.5300,70.4500,70.4800,1501922
2009-03-05 09:38:00,70.4100,70.5900,70.4000,70.5100,3625005
2009-03-05 09:37:00,70.2500,70.4300,70.2300,70.4000,1943499
2009-03-05 09:36:00,70.2200,70.2500,70.1700,70.2500,1249084
2009-03-05 09:35:00,70.1800,70.2400,70.1300,70.2200,1113052
2009-03-05 09:34:00,70.0300,70.2100,69.9800,70.1800,1434298
2009-03-05 09:33:00,70.1000,70.1500,70.0000,70.0399,1104318
2009-03-05 09:32:00,70.1100,70.1700,70.0700,70.1094,920581
2009-03-05 09:31:00,70.1300,70.1500,70.0300,70.1100,2269490
2009-03-05 09:30:00,70.1000,70.2000,70.0300,70.1300,1845638
2009-03-05 09:29:00,70.0800,70.1500,70.0800,70.1000,137979
2009-03-05 09:28:00,70.0500,70.1000,70.0300,70.0900,112063
2009-03-05 09:27:00,70.0700,70.0900,69.9900,70.0400,276577
2009-03-05 09:26:00,70.0900,70.1200,70.0500,70.0700,91795
2009-03-05 09:25:00,70.1000,70.1300,70.0700,70.0800,132946
2009-03-05 09:24:00,70.1100,70.1500,70.0800,70.1100,215365
2009-03-05 09:23:00,70.0300,70.1100,70.0300,70.0900,190817
2009-03-05 09:22:00,70.0500,70.0500,70.0100,70.0300,60982
2009-03-05 09:21:00,70.0700,70.0700,70.0400,70.0500,20220
2009-03-05 09:20:00,70.0900,70.1000,70.0600,70.0700,84579
2009-03-05 09:19:00,70.0500,70.1000,70.0400,70.0800,110498
2009-03-05 09:18:00,70.0000,70.0700,70.0000,70.0700,120081
2009-03-05 09:17:00,69.9800,70.0000,69.9700,70.0000,25349
2009-03-05 09:16:00,70.0000,70.0000,69.9600,69.9900,54915
2009-03-05 09:15:00,69.9700,70.0300,69.9600,70.0000,118812
2009-03-05 09:14:00,69.9200,69.9800,69.9100,69.9700,37029
2009-03-05 09:13:00,69.9500,69.9700,69.9200,69.9300,131142
2009-03-05 09:12:00,70.0100,70.0100,69.9500,69.9600,36132
2009-03-05 09:11:00,70.0300,70.0400,70.0100,70.0200,38620
2009-03-05 09:10:00,70.0200,70.0500,70.0000,70.0400,70229
2009-03-05 09:09:00,70.0000,70.0500,69.9900,70.0200,34285
2009-03-05 09:08:00,69.9800,70.0100,69.9700,69.9900,32696
2009-03-05 09:07:00,69.9200,70.0000,69.9200,69.9800,57741
2009-03-05 09:06:00,69.8700,69.9400,69.8700,69.9200,69246
2009-03-05 09:05:00,69.8700,69.9000,69.8500,69.8700,38293
2009-03-05 09:04:00,69.8800,69.8800,69.8100,69.8700,84923
2009-03-05 09:03:00,69.8900,69.9000,69.8400,69.8600,16090
2009-03-05 09:02:00,69.8900,69.9100,69.8700,69.9000,33729
2009-03-05 09:01:00,69.8500,69.9000,69.8300,69.8900,72901
2009-03-05 09:00:00,69.7700,69.8600,69.7600,69.8600,119019
2009-03-05 08:59:00,69.7900,69.8200,69.7800,69.7900,61561
2009-03-05 08:58:00,69.8400,69.8700,69.7800,69.7800,125789
2009-03-05 08:57:00,69.7800,69.8600,69.7700,69.8500,66336
2009-03-05 08:56:00,69.7300,69.8100,69.7300,69.7800,60504
2009-03-05 08:55:00,69.7100,69.7500,69.6800,69.7500,85889
2009-03-05 08:54:00,69.7800,69.7900,69.7000,69.7100,53792
2009-03-05 08:53:00,69.8000,69.8000,69.7600,69.7800,42491
2009-03-05 08:52:00,69.8000,69.8100,69.7800,69.8000,29200
2009-03-05 08:51:00,69.7700,69.8300,69.7400,69.8200,190799
2009-03-05 08:50:00,69.8300,69.8300,69.7400,69.7700,114139
2009-03-05 08:49:00,69.8300,69.8700,69.8000,69.8100,45169
2009-03-05 08:48:00,69.8400,69.8400,69.8000,69.8300,49572
2009-03-05 08:47:00,69.8000,69.8300,69.7600,69.8300,78064
2009-03-05 08:46:00,69.7900,69.8200,69.7900,69.7900,26429
2009-03-05 08:45:00,69.8300,69.8600,69.8000,69.8100,15970
2009-03-05 08:44:00,69.8200,69.8500,69.8200,69.8300,64090
2009-03-05 08:43:00,69.7800,69.8500,69.7700,69.8200,210037
2009-03-05 08:42:00,69.7100,69.7900,69.7000,69.7800,318690
2009-03-05 08:41:00,69.9200,69.9200,69.7000,69.7300,762972
2009-03-05 08:40:00,69.9400,69.9600,69.8800,69.9200,45565
2009-03-05 08:39:00,69.8800,69.9600,69.8500,69.9400,354899
2009-03-05 08:38:00,70.0100,70.0100,69.8700,69.8800,310600
2009-03-05 08:37:00,70.0400,70.0400,70.0000,70.0000,124327
2009-03-05 08:36:00,70.0000,70.0400,69.9600,70.0300,222517
2009-03-05 08:35:00,70.1600,70.1700,70.0000,70.0000,165763
2009-03-05 08:34:00,70.1200,70.1700,70.1000,70.1400,153417
2009-03-05 08:33:00,70.2700,70.2700,70.0600,70.0900,289453
2009-03-05 08:32:00,70.3000,70.3000,70.2300,70.2400,70833
2009-03-05 08:31:00,70.3400,70.3700,70.2000,70.2800,315714
2009-03-05 08:30:00,70.1000,70.3700,70.1000,70.3400,722745
2009-03-05 08:29:00,70.1700,70.1700,70.0900,70.0900,184913
2009-03-05 08:28:00,70.1700,70.1900,70.1400,70.1800,15600
2009-03-05 08:27:00,70.2200,70.2300,70.1600,70.1700,26862
2009-03-05 08:26:00,70.1800,70.2200,70.0700,70.2200,101665
2009-03-05 08:25:00,70.2400,70.2400,70.1900,70.1900,215716
2009-03-05 08:24:00,70.2200,70.2800,70.2200,70.2300,152898
2009-03-05 08:23:00,70.2400,70.2800,70.1900,70.2200,26314
2009-03-05 08:22:00,70.2800,70.2800,70.2300,70.2300,20150
2009-03-05 08:21:00,70.2700,70.2900,70.2600,70.2600,23265
2009-03-05 08:20:00,70.2800,70.3100,70.1800,70.2700,354225
2009-03-05 08:19:00,70.1800,70.2700,70.1700,70.2700,59537
2009-03-05 08:18:00,70.2100,70.2300,70.1900,70.2000,67869
2009-03-05 08:17:00,70.2100,70.2300,70.2000,70.2100,137782
2009-03-05 08:16:00,70.1500,70.2200,70.1400,70.2200,144518
2009-03-05 08:15:00,70.2500,70.2600,70.1200,70.1300,188081
2009-03-05 08:14:00,70.2600,70.2600,70.2000,70.2400,36640
2009-03-05 08:13:00,70.3100,70.3100,70.2700,70.2800,36229
2009-03-05 08:12:00,70.3300,70.3600,70.3100,70.3100,37595
2009-03-05 08:11:00,70.2700,70.3300,70.2600,70.3300,68350
2009-03-05 08:10:00,70.2100,70.2700,70.2100,70.2700,35900
2009-03-05 08:09:00,70.2400,70.2500,70.1300,70.2100,388582
2009-03-05 08:08:00,70.2500,70.2500,70.1900,70.2300,74209
2009-03-05 08:07:00,70.2300,70.2400,70.2200,70.2400,15700
2009-03-05 08:06:00,70.1900,70.2300,70.1400,70.2200,39225
2009-03-05 08:05:00,70.1900,70.2100,69.8700,70.2100,32600
2009-03-05 08:04:00,70.1800,70.2000,70.1700,70.1900,73593
2009-03-05 08:03:00,70.1700,70.2000,70.0200,70.0200,39931
2009-03-05 08:02:00,70.1200,70.2600,70.1200,70.2200,254229
2009-03-05 08:01:00,70.0900,70.1300,70.0400,70.1300,61287
2009-03-05 08:00:00,70.1000,70.8000,70.0700,70.1000,687154
2009-03-05 07:59:00,70.1500,70.1800,70.1000,70.1000,41907
2009-03-05 07:58:00,70.1800,70.2000,70.1600,70.1800,40789
2009-03-05 07:57:00,70.1500,70.2100,70.1500,70.2000,19331
2009-03-05 07:56:00,70.1900,70.1900,70.1500,70.1500,35469
2009-03-05 07:55:00,70.2100,70.2400,70.2100,70.2400,21534
2009-03-05 07:54:00,70.2100,70.2300,70.2100,70.2100,7431
2009-03-05 07:53:00,70.1700,70.1900,70.1700,70.1900,969
2009-03-05 07:52:00,70.1500,70.1600,70.1500,70.1600,1200
2009-03-05 07:51:00,70.1700,70.1700,70.1700,70.1700,400
2009-03-05 07:50:00,70.1500,70.1500,70.1500,70.1500,769
2009-03-05 07:49:00,70.1200,70.1600,70.1100,70.1100,56019
2009-03-05 07:48:00,70.1800,70.2100,70.1200,70.1200,59800
2009-03-05 07:47:00,70.2500,70.2600,70.2100,70.2400,35200
2009-03-05 07:46:00,70.1100,70.2600,70.1100,70.2600,11500
2009-03-05 07:45:00,70.1800,70.1800,70.1000,70.1000,31500
2009-03-05 07:44:00,70.1700,70.2200,70.1700,70.1800,58631
2009-03-05 07:43:00,70.1400,70.1700,70.1400,70.1700,5200
2009-03-05 07:42:00,70.1100,70.1400,70.1100,70.1100,27500
2009-03-05 07:41:00,70.1700,70.1700,70.1100,70.1400,55000
2009-03-05 07:40:00,70.1900,70.2000,70.1700,70.1700,66962
2009-03-05 07:39:00,70.1400,70.1900,70.1400,70.1900,102300
2009-03-05 07:38:00,70.1000,70.1300,70.0700,70.1300,84556
2009-03-05 07:37:00,70.1000,70.1000,70.0800,70.1000,5600
2009-03-05 07:36:00,70.0900,70.1100,70.0800,70.1100,7138
2009-03-05 07:35:00,70.0600,70.0900,70.0300,70.0900,24488
2009-03-05 07:34:00,70.0600,70.0700,70.0600,70.0700,15069
2009-03-05 07:33:00,69.9700,70.0600,69.9300,70.0600,25245
2009-03-05 07:32:00,70.0400,70.0500,69.9900,69.9900,28450
2009-03-05 07:31:00,69.9800,70.0400,69.9800,70.0000,40438
2009-03-05 07:30:00,69.9100,69.9900,69.8800,69.9900,121304
2009-03-05 07:29:00,69.9100,69.9100,69.8800,69.9100,40413
2009-03-05 07:28:00,69.9500,69.9600,69.8500,69.9300,44323
2009-03-05 07:27:00,70.0300,70.0400,69.9600,69.9600,19413
2009-03-05 07:26:00,70.0100,70.0600,69.9900,70.0300,4913
2009-03-05 07:25:00,70.0200,70.0600,70.0100,70.0100,22564
2009-03-05 07:24:00,70.0000,70.0700,70.0000,70.0700,129038
2009-03-05 07:23:00,70.1100,70.1100,70.0000,70.0400,27001
2009-03-05 07:22:00,70.1700,70.1700,70.0900,70.1100,42897
2009-03-05 07:21:00,70.2800,70.2900,70.1900,70.1900,10410
2009-03-05 07:20:00,70.2900,70.3200,70.2900,70.3200,11600
2009-03-05 07:19:00,70.3200,70.3200,70.2900,70.3200,1900
2009-03-05 07:18:00,70.3400,70.3600,70.3200,70.3400,20800
2009-03-05 07:17:00,70.2500,70.3000,70.2500,70.2800,6300
2009-03-05 07:16:00,70.2800,70.2800,70.2800,70.2800,100
2009-03-05 07:15:00,70.2300,70.2900,70.2300,70.2900,6250
2009-03-05 07:14:00,70.2200,70.2200,70.2200,70.2200,713
2009-03-05 07:13:00,70.2300,70.2600,70.2000,70.2200,34100
2009-03-05 07:12:00,70.2400,70.2400,70.2000,70.2000,2300
2009-03-05 07:11:00,70.2400,70.2400,70.2400,70.2400,500
2009-03-05 07:10:00,70.1900,70.1900,70.1500,70.1600,10600
2009-03-05 07:09:00,70.2600,70.2600,70.2000,70.2000,3300
2009-03-05 07:08:00,70.2600,70.2900,70.2600,70.2700,1900
2009-03-05 07:07:00,70.2800,70.2900,70.2100,70.2100,30500
2009-03-05 07:06:00,70.2100,70.2600,70.2000,70.2500,4093
2009-03-05 07:05:00,70.2100,70.2100,70.1700,70.1800,7500
2009-03-05 07:04:00,70.2100,70.2700,70.2100,70.2400,53200
2009-03-05 07:03:00,70.2200,70.2300,70.1500,70.2100,127100
2009-03-05 07:02:00,70.2500,70.2500,70.2100,70.2500,8400
2009-03-05 07:01:00,70.2900,70.2900,70.2300,70.2500,17100
2009-03-05 07:00:00,70.2700,70.2700,70.2200,70.2400,57937
2009-03-05 06:59:00,70.2500,70.2700,70.2500,70.2700,21600
2009-03-05 06:58:00,70.2000,70.2000,70.2000,70.2000,25000
2009-03-05 06:55:00,70.2100,70.2100,70.1600,70.2100,4000
2009-03-05 06:54:00,70.2100,70.2100,70.2000,70.2000,1400
2009-03-05 06:53:00,70.2300,70.2300,70.2300,70.2300,100
2009-03-05 06:52:00,70.2500,70.2500,70.2500,70.2500,5100
2009-03-05 06:51:00,70.2100,70.2100,70.2100,70.2100,1000
2009-03-05 06:50:00,70.2000,70.2600,70.2000,70.2600,1100
2009-03-05 06:48:00,70.1000,70.1000,70.1000,70.1000,100
2009-03-05 06:47:00,70.1600,70.1600,70.1600,70.1600,100
2009-03-05 06:46:00,70.0400,70.0900,70.0400,70.0900,10100
2009-03-05 06:45:00,70.1600,70.1600,70.1600,70.1600,200
2009-03-05 06:44:00,70.1500,70.2100,70.1500,70.2100,2800
2009-03-05 06:42:00,70.1400,70.1400,70.1300,70.1300,600
2009-03-05 06:33:00,70.2100,70.2300,70.2100,70.2300,1200
2009-03-05 06:30:00,70.0900,70.0900,70.0700,70.0700,3000
2009-03-05 06:29:00,70.0600,70.0600,70.0600,70.0600,2500
2009-03-05 06:27:00,69.9100,69.9100,69.9100,69.9100,300
2009-03-05 06:26:00,70.0100,70.0100,69.9400,69.9400,746
2009-03-05 06:25:00,70.0000,70.0100,70.0000,70.0000,5200
2009-03-05 06:24:00,70.1100,70.1100,70.0000,70.0000,1599
2009-03-05 06:21:00,70.2900,70.2900,70.2400,70.2400,10200
2009-03-05 06:18:00,70.1500,70.1500,70.1500,70.1500,100
2009-03-05 06:17:00,70.2400,70.2400,70.2000,70.2400,300
2009-03-05 06:16:00,70.3200,70.3200,70.3200,70.3200,100
2009-03-05 06:15:00,70.3700,70.3700,70.3700,70.3700,5000
2009-03-05 06:11:00,70.3300,70.3300,70.3300,70.3300,1000
2009-03-05 06:10:00,70.2500,70.3000,70.2500,70.3000,8000
2009-03-05 06:09:00,70.3800,70.3800,70.2400,70.2400,3600
2009-03-05 06:08:00,70.4000,70.4000,70.3800,70.3800,2000
2009-03-05 06:07:00,70.4300,70.4800,70.4300,70.4800,200
2009-03-05 06:05:00,70.4800,70.5000,70.4800,70.5000,6000
2009-03-05 06:00:00,70.4300,70.4500,70.4300,70.4500,200
2009-03-05 05:58:00,70.5000,70.5000,70.4900,70.4900,200
2009-03-05 05:57:00,70.6200,70.6200,70.5300,70.5300,600
2009-03-05 05:56:00,70.6100,70.6100,70.6100,70.6100,2000
2009-03-05 05:54:00,70.6800,70.6800,70.6800,70.6800,500
2009-03-05 05:51:00,70.7100,70.7100,70.7100,70.7100,200
2009-03-05 05:49:00,70.6800,70.6800,70.6800,70.6800,1500
2009-03-05 05:46:00,70.6000,70.6000,70.6000,70.6000,100
2009-03-05 05:38:00,70.6300,70.6300,70.5100,70.5100,1713
2009-03-05 05:35:00,70.6300,70.6300,70.6300,70.6300,100
2009-03-05 05:34:00,70.6400,70.6400,70.6400,70.6400,1000
2009-03-05 05:33:00,70.7100,70.7100,70.7100,70.7100,400
2009-03-05 05:32:00,70.7300,70.7300,70.7300,70.7300,100
2009-03-05 05:30:00,70.6900,70.6900,70.6900,70.6900,5000
2009-03-05 05:13:00,70.8800,70.8800,70.8800,70.8800,100
2009-03-05 04:53:00,70.8200,70.8200,70.8200,70.8200,100
2009-03-05 04:41:00,70.6800,70.6800,70.6800,70.6800,350
2009-03-05 04:34:00,70.6000,70.6000,70.6000,70.6000,900
2009-03-05 04:29:00,70.6500,70.6500,70.6500,70.6500,100
2009-03-05 04:28:00,70.6800,70.6800,70.6800,70.6800,100
2009-03-05 04:26:00,70.6700,70.6700,70.6700,70.6700,930
2009-03-05 04:25:00,70.6700,70.6700,70.6700,70.6700,180
2009-03-05 04:20:00,70.7200,70.7200,70.7200,70.7200,720
2009-03-05 04:16:00,70.7300,70.7300,70.7300,70.7300,144
2009-03-05 04:15:00,70.7300,70.7300,70.6900,70.6900,1400
2009-03-04 19:59:00,71.4300,71.4400,71.4000,71.4400,4590
2009-03-04 19:58:00,71.4200,71.4200,71.4000,71.4000,750
2009-03-04 19:57:00,71.4200,71.4200,71.4200,71.4200,1200
2009-03-04 19:56:00,71.4100,71.4100,71.4100,71.4100,738
2009-03-04 19:55:00,71.4500,71.4600,71.4400,71.4400,1345
2009-03-04 19:54:00,71.4600,71.4600,71.4600,71.4600,100
2009-03-04 19:53:00,71.4400,71.4400,71.4400,71.4400,270
2009-03-04 19:52:00,71.4600,71.4600,71.4500,71.4500,650
2009-03-04 19:50:00,71.4000,71.4000,71.3800,71.3800,200
2009-03-04 19:49:00,71.3600,71.3600,71.3600,71.3600,100
2009-03-04 19:48:00,71.4200,71.4200,71.3700,71.3700,1869
2009-03-04 19:47:00,71.4000,71.4000,71.4000,71.4000,2700
2009-03-04 19:46:00,71.4100,71.4100,71.4100,71.4100,1216
2009-03-04 19:45:00,71.4200,71.4200,71.4100,71.4100,1072
2009-03-04 19:44:00,71.5000,71.5000,71.4500,71.4500,8732
2009-03-04 19:43:00,71.5400,71.5400,71.5100,71.5200,2124
2009-03-04 19:42:00,71.5600,71.5600,71.5400,71.5400,2270
2009-03-04 19:41:00,71.5900,71.5900,71.5900,71.5900,600
2009-03-04 19:40:00,71.6200,71.6200,71.6200,71.6200,300
2009-03-04 19:39:00,71.6200,71.6400,71.6000,71.6200,6000
2009-03-04 19:38:00,71.6400,71.6400,71.6400,71.6400,1400
2009-03-04 19:37:00,71.6500,71.6500,71.6500,71.6500,500
2009-03-04 19:36:00,71.6500,71.6500,71.6500,71.6500,700
2009-03-04 19:35:00,71.6800,71.6800,71.6800,71.6800,500
2009-03-04 19:34:00,71.6400,71.6400,71.6400,71.6400,518
2009-03-04 19:33:00,71.6200,71.6200,71.6200,71.6200,740
2009-03-04 19:32:00,71.6200,71.6200,71.6200,71.6200,2757
2009-03-04 19:31:00,71.6200,71.6200,71.6200,71.6200,150
2009-03-04 19:30:00,71.6200,71.6200,71.6200,71.6200,2093
2009-03-04 19:29:00,71.6600,71.6800,71.6100,71.6100,3001
2009-03-04 19:28:00,71.6100,71.6800,71.6100,71.6800,6084
2009-03-04 19:27:00,71.6000,71.6100,71.6000,71.6100,1250
2009-03-04 19:26:00,71.5800,71.5900,71.5800,71.5900,1606
2009-03-04 19:25:00,71.5800,71.5800,71.5800,71.5800,2558
2009-03-04 19:24:00,71.5500,71.5800,71.5500,71.5800,1200
2009-03-04 19:22:00,71.5000,71.5300,71.5000,71.5300,2443
2009-03-04 19:21:00,71.4800,71.5000,71.4800,71.5000,919
2009-03-04 19:20:00,71.5000,71.5000,71.5000,71.5000,417
2009-03-04 19:19:00,71.5100,71.5200,71.5100,71.5200,1700
2009-03-04 19:18:00,71.5200,71.5200,71.5200,71.5200,1500
2009-03-04 19:17:00,71.5000,71.5000,71.5000,71.5000,200
2009-03-04 19:16:00,71.4400,71.4800,71.4400,71.4800,1207
2009-03-04 19:15:00,71.4600,71.4800,71.4600,71.4800,5860
2009-03-04 19:13:00,71.4500,71.5000,71.4500,71.5000,5144
2009-03-04 19:12:00,71.4000,71.4000,71.4000,71.4000,600
2009-03-04 19:11:00,71.3800,71.3900,71.3800,71.3900,1100
2009-03-04 19:06:00,71.3400,71.3500,71.3400,71.3500,1100
2009-03-04 19:04:00,71.3600,71.3600,71.3300,71.3300,3000
2009-03-04 19:03:00,71.3100,71.3100,71.3000,71.3100,1200
2009-03-04 19:02:00,71.3600,71.3600,71.3600,71.3600,413
2009-03-04 19:00:00,71.3800,71.3800,71.3000,71.3100,9460
2009-03-04 18:59:00,71.4100,71.4100,71.3800,71.3800,13100
2009-03-04 18:58:00,71.4100,71.4100,71.4100,71.4100,1369
2009-03-04 18:57:00,71.4300,71.4400,71.4300,71.4300,5199
2009-03-04 18:56:00,71.4300,71.4300,71.4300,71.4300,200
2009-03-04 18:52:00,71.4300,71.4300,71.4200,71.4300,1001
2009-03-04 18:51:00,71.4300,71.4300,71.4200,71.4300,8073
2009-03-04 18:50:00,71.4700,71.4700,71.4500,71.4500,1658
2009-03-04 18:49:00,71.4400,71.4500,71.4400,71.4500,1000
2009-03-04 18:47:00,71.4400,71.4400,71.4400,71.4400,2000
2009-03-04 18:46:00,71.4300,71.4300,71.4200,71.4200,21500
2009-03-04 18:45:00,71.4300,71.4300,71.4200,71.4200,14431
2009-03-04 18:44:00,71.4100,71.4300,71.4100,71.4300,9500
2009-03-04 18:43:00,71.4300,71.4300,71.4100,71.4200,4716
2009-03-04 18:42:00,71.4100,71.4300,71.4100,71.4300,5586
2009-03-04 18:39:00,71.4000,71.4000,71.4000,71.4000,2500
2009-03-04 18:38:00,71.4900,71.4900,71.4900,71.4900,100000
2009-03-04 18:37:00,71.4000,71.4000,71.4000,71.4000,1186
2009-03-04 18:36:00,71.4100,71.4100,71.4100,71.4100,100
2009-03-04 18:35:00,71.4000,71.4300,71.4000,71.4300,2000
2009-03-04 18:34:00,71.4000,71.4000,71.4000,71.4000,469
2009-03-04 18:31:00,71.4300,71.4300,71.4000,71.4000,4000
2009-03-04 18:30:00,71.4300,71.4300,71.3900,71.3900,3000
2009-03-04 18:29:00,71.4300,71.4300,71.4000,71.4200,1792
2009-03-04 18:28:00,71.4700,71.4700,71.4300,71.4300,202916
2009-03-04 18:26:00,71.4400,71.4400,71.4400,71.4400,100
2009-03-04 18:25:00,71.3600,71.4000,71.3600,71.4000,3400
2009-03-04 18:24:00,71.3800,71.3800,71.3600,71.3600,8900
2009-03-04 18:23:00,71.3800,71.3900,71.3800,71.3900,11220
2009-03-04 18:22:00,71.4100,71.4200,71.3800,71.3800,26094
2009-03-04 18:21:00,71.4500,71.4600,71.4100,71.4100,12116
2009-03-04 18:20:00,71.4500,71.4500,71.4300,71.4300,1600
2009-03-04 18:19:00,71.4300,71.4500,71.4300,71.4500,16300
2009-03-04 18:18:00,71.4800,71.4800,71.4200,71.4200,18692
2009-03-04 18:17:00,71.5000,71.5100,71.4600,71.4900,13506
2009-03-04 18:16:00,71.5100,71.5100,71.5100,71.5100,1000
2009-03-04 18:15:00,71.5100,71.5300,71.5000,71.5000,5200
2009-03-04 18:13:00,71.5100,71.5100,71.5100,71.5100,8117
2009-03-04 18:12:00,71.5200,71.5300,71.5200,71.5300,19000
2009-03-04 18:11:00,71.5200,71.5300,71.5200,71.5300,6499
2009-03-04 18:10:00,71.5300,71.5300,71.5200,71.5200,1269
2009-03-04 18:09:00,71.5300,71.5400,71.5200,71.5300,22629
2009-03-04 18:08:00,71.5200,71.5300,71.5100,71.5300,7903
2009-03-04 18:07:00,71.5200,71.5200,71.5100,71.5200,16358
2009-03-04 18:06:00,71.5500,71.5500,71.5200,71.5200,19769
2009-03-04 18:05:00,71.5100,71.5500,71.4900,71.5500,7700
2009-03-04 18:04:00,71.5000,71.5300,71.5000,71.5000,12389
2009-03-04 18:03:00,71.5400,71.5500,71.5000,71.5000,2901
2009-03-04 18:02:00,71.5100,71.5300,71.5000,71.5000,32499
2009-03-04 18:01:00,71.5600,71.5700,71.5600,71.5700,5000
2009-03-04 18:00:00,71.5400,71.5600,71.5000,71.5600,28126
2009-03-04 17:59:00,71.5400,71.5400,71.5400,71.5400,35000
2009-03-04 17:58:00,71.5500,71.5500,71.5400,71.5400,10000
2009-03-04 17:57:00,71.5500,71.5500,71.5500,71.5500,300
2009-03-04 17:56:00,71.5400,71.5500,71.5400,71.5500,65400
2009-03-04 17:55:00,71.5400,71.5400,71.5400,71.5400,5000
2009-03-04 17:54:00,71.5400,71.5600,71.5400,71.5600,41064
2009-03-04 17:53:00,71.5400,71.5400,71.5400,71.5400,10500
2009-03-04 17:50:00,71.5700,71.5700,71.5700,71.5700,970
2009-03-04 17:49:00,71.5600,71.5700,71.5600,71.5600,1100
2009-03-04 17:48:00,71.5600,71.5600,71.5600,71.5600,1000
2009-03-04 17:47:00,71.5400,71.5400,71.5400,71.5400,1900
2009-03-04 17:46:00,71.5400,71.5500,71.5400,71.5500,1869
2009-03-04 17:45:00,71.5400,71.5500,71.5400,71.5500,725
2009-03-04 17:44:00,71.5400,71.5500,71.5400,71.5400,7469
2009-03-04 17:43:00,71.5000,71.5400,71.5000,71.5400,24544
2009-03-04 17:42:00,71.5200,71.5200,71.5000,71.5000,4500
2009-03-04 17:41:00,71.5800,71.5800,71.5400,71.5400,6100
2009-03-04 17:40:00,71.5800,71.5800,71.5800,71.5800,4500
2009-03-04 17:38:00,71.5500,71.5500,71.5500,71.5500,1000
2009-03-04 17:37:00,71.5600,71.5800,71.5600,71.5800,10000
2009-03-04 17:36:00,71.5500,71.5500,71.5500,71.5500,10000
2009-03-04 17:35:00,71.5400,71.5400,71.5400,71.5400,200
2009-03-04 17:34:00,71.5200,71.5300,71.5200,71.5300,1356
2009-03-04 17:33:00,71.5200,71.5200,71.5200,71.5200,13400
2009-03-04 17:32:00,71.4700,71.5200,71.4700,71.5200,1625
2009-03-04 17:30:00,71.5200,71.5200,71.4600,71.4600,10450
2009-03-04 17:29:00,71.5000,71.5200,71.5000,71.5100,19659
2009-03-04 17:28:00,71.5000,71.5000,71.5000,71.5000,7000
2009-03-04 17:24:00,71.5000,71.5100,71.5000,71.5100,1656
2009-03-04 17:22:00,71.4400,71.5300,71.4400,71.5000,139371
2009-03-04 17:21:00,71.4400,71.4400,71.4300,71.4300,2800
2009-03-04 17:20:00,71.4200,71.4300,71.4100,71.4100,9997
2009-03-04 17:19:00,71.4500,71.4500,71.4400,71.4400,2069
2009-03-04 17:18:00,71.4700,71.4700,71.4500,71.4500,1148
2009-03-04 17:17:00,71.4700,71.4700,71.4700,71.4700,501774
2009-03-04 17:16:00,71.4700,71.4700,71.4600,71.4700,1198
2009-03-04 17:15:00,71.4600,71.4600,71.4600,71.4600,1281
2009-03-04 17:14:00,71.4900,71.4900,71.4900,71.4900,500
2009-03-04 17:13:00,71.4600,71.4600,71.4600,71.4600,8004
2009-03-04 17:12:00,71.5000,71.5000,71.4600,71.4600,37100
2009-03-04 17:11:00,71.4700,71.4700,71.4700,71.4700,500
2009-03-04 17:10:00,71.4700,71.4700,71.4700,71.4700,355
2009-03-04 17:09:00,71.4600,71.4700,71.4600,71.4700,2000
2009-03-04 17:08:00,71.4900,71.4900,71.4900,71.4900,100
2009-03-04 17:07:00,71.4500,71.4800,71.4400,71.4800,8559
2009-03-04 17:06:00,71.4400,71.4400,71.4400,71.4400,2000
2009-03-04 17:05:00,71.4700,71.4900,71.4500,71.4500,1500
2009-03-04 17:04:00,71.5000,71.5000,71.4500,71.4500,2341
2009-03-04 17:02:00,71.4700,71.5000,71.4700,71.5000,5775
2009-03-04 17:01:00,71.4800,71.4900,71.4800,71.4900,1008682
2009-03-04 17:00:00,71.4600,71.4900,71.4500,71.4900,5744
2009-03-04 16:59:00,71.4600,71.4600,71.4300,71.4600,14500
2009-03-04 16:58:00,71.4700,71.4900,71.4600,71.4900,7779
2009-03-04 16:57:00,71.4100,71.5000,71.4100,71.4800,11807
2009-03-04 16:56:00,71.4000,71.4200,71.4000,71.4100,5300
2009-03-04 16:55:00,71.4200,71.4400,71.4000,71.4400,16024
2009-03-04 16:54:00,71.4100,71.4400,71.3900,71.4000,35026
2009-03-04 16:53:00,71.3900,71.4100,71.3900,71.4000,29600
2009-03-04 16:52:00,71.3600,71.3900,71.3600,71.3900,4900
2009-03-04 16:51:00,71.3700,71.3700,71.3500,71.3600,5000
2009-03-04 16:50:00,71.3500,71.3500,71.3500,71.3500,4200
2009-03-04 16:49:00,71.3500,71.3500,71.3400,71.3500,36200
2009-03-04 16:48:00,71.3300,71.3400,71.3100,71.3100,10600
2009-03-04 16:47:00,71.2800,71.3300,71.2800,71.3300,2102
2009-03-04 16:46:00,71.2700,71.3300,71.2500,71.3300,8900
2009-03-04 16:45:00,71.3000,71.3000,71.2500,71.2600,9793
2009-03-04 16:44:00,71.3200,71.3200,71.3200,71.3200,369
2009-03-04 16:43:00,71.3300,71.3800,71.3300,71.3800,1500
2009-03-04 16:42:00,71.2800,71.3000,71.2500,71.3000,16133
2009-03-04 16:41:00,71.3300,71.3300,71.2300,71.2800,39174
2009-03-04 16:40:00,71.4400,71.4400,71.3400,71.3400,33100
2009-03-04 16:39:00,71.4200,71.4500,71.4200,71.4200,9300
2009-03-04 16:38:00,71.3900,71.4000,71.3900,71.4000,8328
2009-03-04 16:37:00,71.3900,71.7250,71.3900,71.3900,1615972
2009-03-04 16:36:00,71.3800,71.3900,71.3500,71.3500,265358
2009-03-04 16:35:00,71.3300,71.3800,71.3200,71.3800,26501
2009-03-04 16:34:00,71.3500,71.3600,71.3300,71.3600,12181
2009-03-04 16:33:00,71.3800,71.3800,71.3100,71.3500,25489
2009-03-04 16:32:00,71.4300,71.4500,71.3800,71.3800,31712
2009-03-04 16:31:00,71.4500,71.4500,71.4300,71.4500,29833
2009-03-04 16:30:00,71.4800,71.4800,71.4200,71.4600,24792
2009-03-04 16:29:00,71.4600,71.4900,71.4600,71.4900,22118
2009-03-04 16:28:00,71.4400,71.4700,71.4400,71.4700,11279
2009-03-04 16:27:00,71.4400,71.4700,71.4100,71.4300,15517
2009-03-04 16:26:00,71.4000,71.4400,71.3900,71.3900,1515933
2009-03-04 16:25:00,71.4200,71.4300,71.4000,71.4000,1022182
2009-03-04 16:24:00,71.4100,71.4100,71.4100,71.4100,5800
2009-03-04 16:23:00,71.4500,71.6700,71.4100,71.4200,1013118
2009-03-04 16:22:00,71.4800,71.4900,71.4600,71.4600,13200
2009-03-04 16:21:00,71.4200,71.4800,71.4200,71.4800,35947
2009-03-04 16:20:00,71.4400,71.4400,71.4200,71.4200,23157
2009-03-04 16:19:00,71.4200,71.4500,71.3500,71.4300,58769
2009-03-04 16:18:00,71.4700,71.5000,71.4100,71.4200,112774
2009-03-04 16:17:00,71.4200,72.2045,71.4200,71.4200,2201017
2009-03-04 16:16:00,71.3600,71.7844,71.3600,71.4000,2559321
2009-03-04 16:15:00,71.3700,72.4690,71.3300,71.3600,281349
2009-03-04 16:14:00,71.4300,71.4300,71.2836,71.3500,620035
2009-03-04 16:13:00,71.4400,71.6502,71.4000,71.4300,64571
2009-03-04 16:12:00,71.6673,72.0000,71.4200,71.4400,239984
2009-03-04 16:11:00,71.4300,71.9000,71.4000,71.4300,693289
2009-03-04 16:10:00,71.4500,71.4600,70.9500,71.4300,457399
2009-03-04 16:09:00,71.4800,71.6900,71.4500,71.4700,335867
2009-03-04 16:08:00,71.4900,71.5500,71.4900,71.4900,204438
2009-03-04 16:07:00,71.5500,71.5775,71.4900,71.4900,530580
2009-03-04 16:06:00,71.5600,71.6000,71.5300,71.5400,305234
2009-03-04 16:05:00,71.5200,71.6700,71.5200,71.5500,2112999
2009-03-04 16:04:00,71.5500,71.5700,71.5000,71.5200,643423
2009-03-04 16:03:00,71.4900,71.5800,71.4500,71.5700,568979
2009-03-04 16:02:00,71.5300,72.3364,71.3500,71.4900,1408454
2009-03-04 16:01:00,71.6300,71.8144,71.5000,71.5400,1274863
2009-03-04 16:00:00,71.7400,72.4390,71.5608,71.6300,3449810
2009-03-04 15:59:00,71.7500,71.7500,71.6100,71.7300,6227578
2009-03-04 15:58:00,71.7400,71.8000,71.7300,71.7500,3048646
2009-03-04 15:57:00,71.7400,71.7600,71.6300,71.7490,3222391
2009-03-04 15:56:00,71.8700,71.8799,71.7300,71.7400,2323969
2009-03-04 15:55:00,71.8300,71.9500,71.7800,71.8910,3657948
2009-03-04 15:54:00,72.0500,72.0600,71.7500,71.8200,2997961
2009-03-04 15:53:00,71.9900,72.0600,71.9600,72.0500,1275104
2009-03-04 15:52:00,72.1600,72.1600,71.9500,71.9900,2955122
2009-03-04 15:51:00,72.1800,72.1800,72.1000,72.1500,1031036
2009-03-04 15:50:00,72.1100,72.1800,72.0800,72.1700,1053873
2009-03-04 15:49:00,72.1680,72.2500,72.0700,72.1100,2332343
2009-03-04 15:48:00,72.1400,72.2100,72.1400,72.1700,2954410
2009-03-04 15:47:00,72.1800,72.1810,72.0900,72.1400,2012954
2009-03-04 15:46:00,72.3500,72.3600,72.1300,72.1700,2281391
2009-03-04 15:45:00,72.4110,72.4200,72.3400,72.3400,1115517
2009-03-04 15:44:00,72.3500,72.4300,72.2800,72.4100,1257070
2009-03-04 15:43:00,72.3900,72.4600,72.3300,72.3501,910319
2009-03-04 15:42:00,72.3000,72.4500,72.3000,72.4000,995522
2009-03-04 15:41:00,72.3200,72.3700,72.2800,72.3100,1825718
2009-03-04 15:40:00,72.4600,72.5000,72.2800,72.3200,1863203
2009-03-04 15:39:00,72.4306,72.5800,71.5000,72.4600,2612632
2009-03-04 15:38:00,72.3600,72.5000,72.3400,72.4300,2081312
2009-03-04 15:37:00,72.6500,72.6700,72.3300,72.3600,1924288
2009-03-04 15:36:00,72.6800,72.7300,72.5900,72.6500,1491993
2009-03-04 15:35:00,72.6400,72.7200,72.6200,72.6706,1505316
2009-03-04 15:34:00,72.7900,72.8200,72.6400,72.6400,844426
2009-03-04 15:33:00,72.6900,72.8200,72.6880,72.7800,1059320
2009-03-04 15:32:00,72.6875,72.7400,72.6600,72.6900,499567
2009-03-04 15:31:00,72.6900,72.7400,72.6500,72.6807,647962
2009-03-04 15:30:00,72.8300,72.8700,72.6800,72.6900,1162264
2009-03-04 15:29:00,72.6994,72.8500,72.6700,72.8400,1336024
2009-03-04 15:28:00,72.7000,72.7500,72.6200,72.6900,1301938
2009-03-04 15:27:00,72.6700,72.7700,72.6400,72.6675,575514
2009-03-04 15:26:00,72.7200,72.7900,72.6300,72.6800,900630
2009-03-04 15:25:00,72.6200,72.7400,72.5400,72.7300,573011
2009-03-04 15:24:00,72.5600,72.6900,72.5200,72.6000,1116878
2009-03-04 15:23:00,72.5400,72.6700,72.5400,72.5600,1207255
2009-03-04 15:22:00,72.5700,72.5800,72.4900,72.5500,1302396
2009-03-04 15:21:00,72.6700,72.6900,72.5700,72.5900,1211337
2009-03-04 15:20:00,72.7400,72.7800,72.6800,72.6800,929625
2009-03-04 15:19:00,72.7100,72.7700,72.6900,72.7450,677278
2009-03-04 15:18:00,72.7700,72.8100,72.7100,72.7101,1405324
2009-03-04 15:17:00,72.7400,72.8300,72.7100,72.7700,1258059
2009-03-04 15:16:00,72.7200,72.8200,72.6900,72.7400,1534929
2009-03-04 15:15:00,72.6600,72.7500,72.6300,72.7200,1300228
2009-03-04 15:14:00,72.7500,72.7700,72.6400,72.6600,1197564
2009-03-04 15:13:00,72.6700,72.7600,72.6500,72.7600,1113732
2009-03-04 15:12:00,72.6100,72.7200,72.5500,72.6800,2042142
2009-03-04 15:11:00,72.4400,72.6600,72.4100,72.6101,1847450
2009-03-04 15:10:00,72.3822,72.4800,72.3800,72.4400,728591
2009-03-04 15:09:00,72.2700,72.4300,72.2700,72.3900,980201
2009-03-04 15:08:00,72.3600,72.4000,72.2600,72.2700,708083
2009-03-04 15:07:00,72.3400,72.3700,72.3200,72.3600,597822
2009-03-04 15:06:00,72.3100,72.3500,72.2400,72.3500,744174
2009-03-04 15:05:00,72.2900,72.3700,72.2900,72.3200,656801
2009-03-04 15:04:00,72.3400,72.3700,72.2500,72.3000,1485906
2009-03-04 15:03:00,72.4690,72.4900,72.3100,72.3500,873077
2009-03-04 15:02:00,72.5100,72.5200,72.4000,72.4600,915764
2009-03-04 15:01:00,72.3950,72.5300,72.3920,72.5000,1512643
2009-03-04 15:00:00,72.4100,72.4800,72.3400,72.4000,1199784
2009-03-04 14:59:00,72.3100,72.4800,72.2700,72.4100,2162743
2009-03-04 14:58:00,72.3000,72.3300,72.1900,72.3100,1506295
2009-03-04 14:57:00,72.3500,72.3800,72.3000,72.3000,1316090
2009-03-04 14:56:00,72.3200,72.4100,72.3200,72.3400,857874
2009-03-04 14:55:00,72.3800,72.4000,72.3100,72.3205,724815
2009-03-04 14:54:00,72.4300,72.4500,72.3800,72.3800,698629
2009-03-04 14:53:00,72.3500,72.4700,72.3300,72.4400,789086
2009-03-04 14:52:00,72.3900,72.4400,72.3500,72.3600,914376
2009-03-04 14:51:00,72.3200,72.4300,72.3100,72.3900,1105346
2009-03-04 14:50:00,72.2100,72.3500,72.2100,72.3200,855182
2009-03-04 14:49:00,72.2600,72.2700,72.2000,72.2100,498403
2009-03-04 14:48:00,72.1200,72.3200,72.1200,72.2600,1050874
2009-03-04 14:47:00,72.1600,72.2000,72.1200,72.1300,581794
2009-03-04 14:46:00,72.2300,72.2300,71.7300,72.1600,1054096
2009-03-04 14:45:00,72.1500,72.2500,72.1300,72.2300,1657727
2009-03-04 14:44:00,72.0200,72.1600,72.0100,72.1500,1777557
2009-03-04 14:43:00,72.0300,72.0500,71.9100,72.0300,669748
2009-03-04 14:42:00,72.0300,72.1100,72.0200,72.0400,1184694
2009-03-04 14:41:00,71.9400,72.0400,71.9400,72.0299,409899
2009-03-04 14:40:00,72.0000,72.0100,71.8800,71.9400,542217
2009-03-04 14:39:00,72.0600,72.0600,71.9800,72.0000,1000750
2009-03-04 14:38:00,71.8700,72.1100,71.8700,72.0600,1733976
2009-03-04 14:37:00,71.7900,71.8800,71.7600,71.8600,559743
2009-03-04 14:36:00,71.6500,71.8200,71.6300,71.7800,675405
2009-03-04 14:35:00,71.7500,71.8100,71.6500,71.6500,926877
2009-03-04 14:34:00,71.6500,71.7500,71.6400,71.7500,729545
2009-03-04 14:33:00,71.5900,71.6900,71.5900,71.6500,988755
2009-03-04 14:32:00,71.7494,71.7500,71.5800,71.5800,831144
2009-03-04 14:31:00,71.7600,71.8500,71.7100,71.7400,214874
2009-03-04 14:30:00,71.7000,71.7600,71.6800,71.7506,291236
2009-03-04 14:29:00,71.6700,71.7300,71.6600,71.7000,294131
2009-03-04 14:28:00,71.7100,71.7200,71.6400,71.6700,946030
2009-03-04 14:27:00,71.7100,71.7200,71.6100,71.7100,932828
2009-03-04 14:26:00,71.8100,71.8200,71.7000,71.7100,657797
2009-03-04 14:25:00,71.8100,71.8300,71.7600,71.8100,454951
2009-03-04 14:24:00,71.7500,71.8800,71.7500,71.8100,884422
2009-03-04 14:23:00,71.8006,71.8200,71.7300,71.7500,656254
2009-03-04 14:22:00,71.8300,71.8600,71.7800,71.8000,500764
2009-03-04 14:21:00,71.9000,71.9100,71.7900,71.8200,1060117
2009-03-04 14:20:00,71.9400,71.9500,71.8600,71.9000,1010775
2009-03-04 14:19:00,71.9700,72.0200,71.8800,71.9400,1499230
2009-03-04 14:18:00,71.8700,71.9700,71.8600,71.9700,1229632
2009-03-04 14:17:00,71.8200,71.9100,71.8100,71.8700,662089
2009-03-04 14:16:00,71.7100,71.8300,71.7000,71.8114,816721
2009-03-04 14:15:00,71.6800,71.7900,71.6600,71.7200,666930
2009-03-04 14:14:00,71.7200,71.7400,71.6500,71.6710,550656
2009-03-04 14:13:00,71.7900,71.7900,71.6800,71.7200,1001410
2009-03-04 14:12:00,71.7500,71.8300,71.4700,71.8000,1413212
2009-03-04 14:11:00,71.8000,71.8000,71.7000,71.7500,419658
2009-03-04 14:10:00,71.7900,71.8300,71.7700,71.8000,958287
2009-03-04 14:09:00,71.7700,71.8200,71.7200,71.7900,498490
2009-03-04 14:08:00,71.5900,71.8000,71.5900,71.7700,2954121
2009-03-04 14:07:00,71.5299,71.6100,71.5100,71.5900,950252
2009-03-04 14:06:00,71.5700,71.6000,71.4600,71.5300,499840
2009-03-04 14:05:00,71.5000,71.6600,71.5000,71.5700,1122212
2009-03-04 14:04:00,71.5700,71.5800,71.4800,71.4901,1033726
2009-03-04 14:03:00,71.4100,71.5900,71.3700,71.5700,1401220
2009-03-04 14:02:00,71.3700,71.4200,71.2800,71.4100,1415663
2009-03-04 14:01:00,71.3700,71.4300,71.3300,71.3600,604980
2009-03-04 14:00:00,71.3200,71.4000,71.2100,71.3600,1513985
2009-03-04 13:59:00,71.3800,71.4000,71.3150,71.3200,449696
2009-03-04 13:58:00,71.3900,71.4200,71.3700,71.3800,276273
2009-03-04 13:57:00,71.4700,71.4700,71.3600,71.4000,483566
2009-03-04 13:56:00,71.4900,71.5000,71.4300,71.4700,133430
2009-03-04 13:55:00,71.4700,71.5500,71.4300,71.4900,350842
2009-03-04 13:54:00,71.5700,71.5800,71.4300,71.4700,665975
2009-03-04 13:53:00,71.5700,71.5900,71.5400,71.5700,413021
2009-03-04 13:52:00,71.4700,71.5700,71.4700,71.5700,1484768
2009-03-04 13:51:00,71.5400,71.5500,71.4300,71.4700,467691
2009-03-04 13:50:00,71.5600,71.5900,71.4800,71.5400,276188
2009-03-04 13:49:00,71.5600,71.6000,71.4600,71.5600,581386
2009-03-04 13:48:00,71.4796,71.5800,71.4700,71.5700,610092
2009-03-04 13:47:00,71.5000,71.5200,71.4250,71.4300,395347
2009-03-04 13:46:00,71.3800,71.5400,71.3600,71.5000,754127
2009-03-04 13:45:00,71.3300,71.4100,71.3200,71.3650,446788
2009-03-04 13:44:00,71.3000,71.3300,71.2650,71.3201,402672
2009-03-04 13:43:00,71.3200,71.3500,71.3100,71.3100,1664428
2009-03-04 13:42:00,71.3500,71.4000,71.3200,71.3300,250975
2009-03-04 13:41:00,71.2400,71.3500,71.2300,71.3494,228284
2009-03-04 13:40:00,71.2600,71.2700,71.2100,71.2400,539353
2009-03-04 13:39:00,71.2300,71.3050,71.2200,71.2600,929022
2009-03-04 13:38:00,71.3900,71.4300,71.2300,71.2300,1543814
2009-03-04 13:37:00,71.4550,71.5000,71.3600,71.3800,1027593
2009-03-04 13:36:00,71.5000,71.5300,71.4300,71.4600,552243
2009-03-04 13:35:00,71.4400,71.5100,71.4000,71.5100,682333
2009-03-04 13:34:00,71.4900,71.5000,71.4000,71.4400,714424
2009-03-04 13:33:00,71.5600,71.5600,71.4600,71.5050,810424
2009-03-04 13:32:00,71.5500,71.6400,71.5300,71.5500,1106683
2009-03-04 13:31:00,71.4900,71.5800,70.0730,71.5450,1620009
2009-03-04 13:30:00,71.3300,71.5000,71.3200,71.4894,882410
2009-03-04 13:29:00,71.5200,71.5200,71.3200,71.3400,728961
2009-03-04 13:28:00,71.4900,71.5400,71.4600,71.5101,616239
2009-03-04 13:27:00,71.3700,71.5000,71.3700,71.4897,792162
2009-03-04 13:26:00,71.3100,71.4000,71.3000,71.3800,391420
2009-03-04 13:25:00,71.3400,71.3500,71.3100,71.3100,366851
2009-03-04 13:24:00,71.3499,71.3500,71.3000,71.3400,361764
2009-03-04 13:23:00,71.2900,71.3500,71.2700,71.3400,360661
2009-03-04 13:22:00,71.2700,71.4000,71.2700,71.3000,662829
2009-03-04 13:21:00,71.2350,71.2700,71.2022,71.2700,181170
2009-03-04 13:20:00,71.3400,71.3700,71.2300,71.2350,594221
2009-03-04 13:19:00,71.2000,71.3600,71.1800,71.3400,899400
2009-03-04 13:18:00,71.3000,71.3100,71.0800,71.2100,1077328
2009-03-04 13:17:00,71.3100,71.3450,71.2600,71.3000,189926
2009-03-04 13:16:00,71.2800,71.3800,71.2600,71.3300,670805
2009-03-04 13:15:00,71.1700,71.3200,71.1400,71.2850,783280
2009-03-04 13:14:00,71.2210,71.2300,71.1500,71.1700,498801
2009-03-04 13:13:00,71.2600,71.3000,71.1800,71.2300,492868
2009-03-04 13:12:00,71.2800,71.3300,71.2500,71.2600,885511
2009-03-04 13:11:00,71.2800,71.3200,71.2600,71.2800,629326
2009-03-04 13:10:00,71.1700,71.2900,71.1500,71.2800,693779
2009-03-04 13:09:00,71.1000,71.1800,71.0700,71.1600,621159
2009-03-04 13:08:00,71.0601,71.1100,71.0600,71.1006,317662
2009-03-04 13:07:00,70.9600,71.1100,70.9500,71.0650,1409012
2009-03-04 13:06:00,70.9600,71.0200,70.9300,70.9700,952775
2009-03-04 13:05:00,71.1000,71.1100,70.9400,70.9500,1153040
2009-03-04 13:04:00,71.1800,71.2200,71.0800,71.1010,907563
2009-03-04 13:03:00,71.2200,71.2600,71.1600,71.1800,786451
2009-03-04 13:02:00,71.1400,71.2500,71.0900,71.2200,1053490
2009-03-04 13:01:00,71.1800,71.2200,71.1400,71.1400,877474
2009-03-04 13:00:00,71.2200,71.2300,71.1400,71.1800,649642
2009-03-04 12:59:00,71.1000,71.2500,71.0800,71.2200,660463
2009-03-04 12:58:00,71.0900,71.1300,71.0700,71.1090,649602
2009-03-04 12:57:00,71.1400,71.1500,71.0300,71.0900,741763
2009-03-04 12:56:00,71.2200,71.2350,71.0900,71.1400,659646
2009-03-04 12:55:00,71.2600,71.2600,71.1900,71.2200,542806
2009-03-04 12:54:00,71.2600,71.2900,71.2200,71.2600,436394
2009-03-04 12:53:00,71.2000,71.3000,71.2000,71.2600,611045
2009-03-04 12:52:00,71.2000,71.2100,71.1800,71.2000,432860
2009-03-04 12:51:00,71.1600,71.2000,71.1600,71.2000,689034
2009-03-04 12:50:00,71.1700,71.1900,71.1300,71.1600,745550
2009-03-04 12:49:00,71.1900,71.2200,71.1500,71.1700,940472
2009-03-04 12:48:00,71.2800,71.3150,71.1400,71.1899,2011762
2009-03-04 12:47:00,71.2900,71.3200,71.2600,71.2700,704667
2009-03-04 12:46:00,71.3600,71.3700,71.2750,71.2890,756754
2009-03-04 12:45:00,71.3999,71.4500,71.3500,71.3600,337048
2009-03-04 12:44:00,71.4700,71.5000,71.3900,71.4000,793475
2009-03-04 12:43:00,71.5600,71.6562,71.4500,71.4600,572630
2009-03-04 12:42:00,71.5900,71.5900,71.5100,71.5700,349363
2009-03-04 12:41:00,71.6100,71.6600,71.5900,71.5900,474735
2009-03-04 12:40:00,71.6600,71.6700,71.5700,71.6000,325773
2009-03-04 12:39:00,71.6300,71.6800,71.6100,71.6600,314612
2009-03-04 12:38:00,71.6300,71.6900,71.5900,71.6300,789696
2009-03-04 12:37:00,71.5400,71.6600,71.5200,71.6350,522121
2009-03-04 12:36:00,71.5300,71.5600,71.4900,71.5499,353246
2009-03-04 12:35:00,71.5422,71.5500,71.4900,71.5300,566400
2009-03-04 12:34:00,71.4700,71.5500,71.4500,71.5500,843246
2009-03-04 12:33:00,71.4910,71.5200,71.4700,71.4700,259907
2009-03-04 12:32:00,71.4700,71.5299,71.4600,71.4900,348600
2009-03-04 12:31:00,71.4700,71.5100,71.4100,71.4700,296182
2009-03-04 12:30:00,71.4400,71.5300,71.4300,71.4700,399499
2009-03-04 12:29:00,71.5300,71.5300,71.4400,71.4900,323127
2009-03-04 12:28:00,71.4900,71.5400,71.4400,71.5400,287274
2009-03-04 12:27:00,71.4400,71.5000,71.4400,71.4900,291252
2009-03-04 12:26:00,71.3600,71.4800,71.3500,71.4300,504243
2009-03-04 12:25:00,71.3100,71.4400,71.3000,71.3700,814295
2009-03-04 12:24:00,71.3800,71.4100,71.3000,71.3200,668148
2009-03-04 12:23:00,71.3600,71.4500,71.3500,71.3700,812845
2009-03-04 12:22:00,71.2900,71.3500,71.2700,71.3500,247003
2009-03-04 12:21:00,71.3200,71.3400,71.2600,71.2900,328098
2009-03-04 12:20:00,71.2300,71.3300,71.2300,71.3200,639528
2009-03-04 12:19:00,71.3199,71.3550,71.2300,71.2300,778393
2009-03-04 12:18:00,71.3600,71.4000,71.2900,71.3100,550380
2009-03-04 12:17:00,71.2900,71.3700,71.2400,71.3700,577563
2009-03-04 12:16:00,71.4500,71.4600,71.2400,71.2900,1070691
2009-03-04 12:15:00,71.4600,71.4700,71.4300,71.4650,258496
2009-03-04 12:14:00,71.4999,71.5000,71.4099,71.4694,490897
2009-03-04 12:13:00,71.4800,71.5300,71.4400,71.4810,798515
2009-03-04 12:12:00,71.4000,71.5100,71.3999,71.4900,633342
2009-03-04 12:11:00,71.4100,71.4300,71.3700,71.4000,340524
2009-03-04 12:10:00,71.4200,71.4800,71.4100,71.4100,426851
2009-03-04 12:09:00,71.4200,71.4399,71.3700,71.4200,1045751
2009-03-04 12:08:00,71.5000,71.5000,71.3700,71.4250,985977
2009-03-04 12:07:00,71.5300,71.5800,71.4800,71.4900,1055922
2009-03-04 12:06:00,71.6500,71.6600,71.5200,71.5300,765476
2009-03-04 12:05:00,71.6600,71.7100,71.6400,71.6400,702485
2009-03-04 12:04:00,71.7400,71.7500,71.6500,71.6650,456301
2009-03-04 12:03:00,71.7200,71.7500,71.6900,71.7400,1756068
2009-03-04 12:02:00,71.8100,71.8300,71.7200,71.7300,388459
2009-03-04 12:01:00,71.7700,71.8900,71.7700,71.8000,862183
2009-03-04 12:00:00,71.8100,71.8600,71.7500,71.7700,523938
2009-03-04 11:59:00,71.8800,71.8900,71.7700,71.8100,552543
2009-03-04 11:58:00,71.8800,71.9100,71.8600,71.8900,531036
2009-03-04 11:57:00,71.7400,71.9500,71.7400,71.8900,1435548
2009-03-04 11:56:00,71.7500,71.7600,71.7100,71.7400,503377
2009-03-04 11:55:00,71.6900,71.7600,71.6700,71.7600,441908
2009-03-04 11:54:00,71.6700,71.7500,71.6200,71.6900,727633
2009-03-04 11:53:00,71.7400,71.7500,71.6400,71.6800,356438
2009-03-04 11:52:00,71.8000,71.8100,71.7200,71.7390,927816
2009-03-04 11:51:00,71.7300,71.8100,71.6800,71.8000,510544
2009-03-04 11:50:00,71.6600,71.7500,71.6400,71.7300,777838
2009-03-04 11:49:00,71.5600,71.6800,71.5400,71.6600,622994
2009-03-04 11:48:00,71.4800,71.6300,71.4700,71.5625,581882
2009-03-04 11:47:00,71.5600,71.6000,71.4700,71.4910,967703
2009-03-04 11:46:00,71.6400,71.6500,71.5300,71.5700,425434
2009-03-04 11:45:00,71.6200,71.6600,71.6100,71.6400,321460
2009-03-04 11:44:00,71.5900,71.6800,71.5700,71.6200,482269
2009-03-04 11:43:00,71.6100,71.6300,71.5800,71.5800,164875
2009-03-04 11:42:00,71.6310,71.6400,71.5800,71.6100,449865
2009-03-04 11:41:00,71.7400,71.7400,71.6300,71.6391,391717
2009-03-04 11:40:00,71.7350,71.7400,71.6800,71.7400,486804
2009-03-04 11:39:00,71.7200,71.7600,71.6800,71.7200,476328
2009-03-04 11:38:00,71.7300,71.7600,71.7000,71.7200,2357130
2009-03-04 11:37:00,71.7700,71.8000,71.7200,71.7300,300709
2009-03-04 11:36:00,71.7500,71.8200,71.7300,71.7700,439092
2009-03-04 11:35:00,71.8400,71.8800,71.7500,71.7500,734787
2009-03-04 11:34:00,71.8200,71.8650,71.8101,71.8400,510732
2009-03-04 11:33:00,71.8200,71.8200,71.7600,71.8200,827988
2009-03-04 11:32:00,71.8600,71.9000,71.8000,71.8106,785367
2009-03-04 11:31:00,71.8100,71.9000,71.8100,71.8700,1403946
2009-03-04 11:30:00,71.7900,71.8500,71.7200,71.8100,1962767
2009-03-04 11:29:00,71.7200,71.8500,71.7100,71.8100,1711248
2009-03-04 11:28:00,71.7200,71.7400,71.6400,71.7200,1033669
2009-03-04 11:27:00,71.6700,71.7400,71.6500,71.7000,1246715
2009-03-04 11:26:00,71.5600,71.7000,71.5600,71.6700,1051992
2009-03-04 11:25:00,71.6000,71.6000,71.5300,71.5500,274532
2009-03-04 11:24:00,71.4950,71.6000,71.4800,71.6000,351460
2009-03-04 11:23:00,71.3800,71.5500,71.3500,71.5000,802790
2009-03-04 11:22:00,71.4200,71.4300,71.3700,71.3701,578675
2009-03-04 11:21:00,71.4600,71.4800,71.3500,71.4050,900950
2009-03-04 11:20:00,71.5000,71.5900,71.4600,71.4600,808430
2009-03-04 11:19:00,71.5000,71.5400,71.4800,71.5100,763634
2009-03-04 11:18:00,71.5000,71.5500,71.4600,71.5000,736171
2009-03-04 11:17:00,71.5700,71.5700,71.4800,71.5100,1025240
2009-03-04 11:16:00,71.5700,71.6100,71.5300,71.5700,580290
2009-03-04 11:15:00,71.5600,71.6150,71.5600,71.5700,637320
2009-03-04 11:14:00,71.6006,71.6300,71.5600,71.6150,1158363
2009-03-04 11:13:00,71.6100,71.7100,71.6000,71.6100,744973
2009-03-04 11:12:00,71.7200,71.7550,71.6100,71.6100,793969
2009-03-04 11:11:00,71.7400,71.7900,71.7100,71.7100,1173772
2009-03-04 11:10:00,71.5700,71.7600,71.5600,71.7500,994635
2009-03-04 11:09:00,71.6800,71.6850,71.5700,71.5700,885557
2009-03-04 11:08:00,71.7200,71.7400,71.6800,71.7000,823373
2009-03-04 11:07:00,71.7000,71.7700,71.6500,71.7300,1299883
2009-03-04 11:06:00,71.6500,71.7300,71.6200,71.7000,1194655
2009-03-04 11:05:00,71.4600,71.6500,71.4500,71.6500,1183471
2009-03-04 11:04:00,71.4800,71.5300,71.4600,71.4600,611154
2009-03-04 11:03:00,71.5400,71.5800,71.4400,71.4900,1433185
2009-03-04 11:02:00,71.4000,71.5900,71.3800,71.5500,3007292
2009-03-04 11:01:00,71.3094,71.4300,71.3000,71.4000,1183542
2009-03-04 11:00:00,71.1900,71.3500,71.1900,71.3100,1058718
2009-03-04 10:59:00,71.1600,71.2300,71.1400,71.2000,1027771
2009-03-04 10:58:00,71.1200,71.2300,71.1100,71.1699,950405
2009-03-04 10:57:00,71.1800,71.2800,71.1000,71.1200,1134819
2009-03-04 10:56:00,71.2400,71.2700,71.1600,71.1800,562400
2009-03-04 10:55:00,71.2700,71.3400,71.2400,71.2590,593594
2009-03-04 10:54:00,71.3100,71.3100,71.2100,71.2750,468377
2009-03-04 10:53:00,71.3900,71.3950,71.2300,71.3000,1428781
2009-03-04 10:52:00,71.3900,71.4400,71.2500,71.3900,2273738
2009-03-04 10:51:00,71.1500,71.4100,71.1400,71.4000,1016555
2009-03-04 10:50:00,71.2300,71.2500,71.1500,71.1500,611305
2009-03-04 10:49:00,71.1800,71.2500,71.1600,71.2400,480740
2009-03-04 10:48:00,71.1500,71.1800,71.0700,71.1800,1632909
2009-03-04 10:47:00,71.2500,71.2600,71.1500,71.1500,991596
2009-03-04 10:46:00,71.3200,71.3600,71.2100,71.2400,711132
2009-03-04 10:45:00,71.1900,71.3400,71.1900,71.3300,1547290
2009-03-04 10:44:00,71.2499,71.3300,71.1800,71.1900,1184936
2009-03-04 10:43:00,71.2700,71.2900,71.2050,71.2500,566638
2009-03-04 10:42:00,71.3200,71.3400,71.2399,71.2600,1180164
2009-03-04 10:41:00,71.1000,71.3200,71.0600,71.3200,2726259
2009-03-04 10:40:00,70.9199,71.1000,70.8900,71.0900,1075463
2009-03-04 10:39:00,70.8100,70.9500,70.8100,70.9100,1010516
2009-03-04 10:38:00,70.7700,70.8300,70.7000,70.8100,751692
2009-03-04 10:37:00,70.7300,70.8400,70.7000,70.7700,1055772
2009-03-04 10:36:00,70.6600,70.7600,70.6500,70.7400,818113
2009-03-04 10:35:00,70.8900,70.9100,70.6700,70.6700,928890
2009-03-04 10:34:00,70.9300,70.9500,70.8400,70.8900,734860
2009-03-04 10:33:00,70.7900,70.9900,70.7900,70.9394,857146
2009-03-04 10:32:00,70.8200,70.8800,70.7700,70.8000,962498
2009-03-04 10:31:00,70.8500,70.9300,70.8000,70.8300,1462091
2009-03-04 10:30:00,70.8600,70.9000,70.7400,70.8300,2212027
2009-03-04 10:29:00,70.7000,70.8800,70.6900,70.8606,2244947
2009-03-04 10:28:00,70.6900,70.7000,70.5800,70.7000,956615
2009-03-04 10:27:00,70.7000,70.7400,70.6800,70.6901,2070667
2009-03-04 10:26:00,70.6900,70.7700,70.6800,70.6900,1005902
2009-03-04 10:25:00,70.6400,70.7100,70.5600,70.6850,1965124
2009-03-04 10:24:00,70.5800,70.6500,70.5100,70.6400,2009054
2009-03-04 10:23:00,70.5600,70.6000,70.4900,70.5700,1092078
2009-03-04 10:22:00,70.4910,70.6000,70.4600,70.5600,1439845
2009-03-04 10:21:00,70.5500,70.5800,70.4100,70.4700,1952721
2009-03-04 10:20:00,70.6200,70.6600,70.5200,70.5400,927602
2009-03-04 10:19:00,70.7000,70.7400,70.5800,70.6300,1208353
2009-03-04 10:18:00,70.6400,70.7400,70.6200,70.6900,1257677
2009-03-04 10:17:00,70.6500,70.6700,70.5300,70.6500,1249730
2009-03-04 10:16:00,70.7400,70.7700,70.6100,70.6500,835352
2009-03-04 10:15:00,70.7800,70.8600,70.7300,70.7401,1343283
2009-03-04 10:14:00,70.7700,70.8100,70.7100,70.7800,1206297
2009-03-04 10:13:00,70.7486,70.8000,70.7100,70.7999,830098
2009-03-04 10:12:00,70.7800,70.7900,70.6300,70.7405,2230319
2009-03-04 10:11:00,70.8200,70.8300,70.7300,70.7900,1667339
2009-03-04 10:10:00,70.9700,70.9800,70.8200,70.8200,1298382
2009-03-04 10:09:00,71.0900,71.1006,70.9500,70.9701,874415
2009-03-04 10:08:00,71.2100,71.2100,71.0900,71.0900,911785
2009-03-04 10:07:00,71.2100,71.2400,71.1400,71.2200,938488
2009-03-04 10:06:00,71.2400,71.3000,71.1700,71.2100,1515446
2009-03-04 10:05:00,71.1200,71.2600,71.0600,71.2400,1519162
2009-03-04 10:04:00,71.1100,71.1700,70.9700,71.1200,909150
2009-03-04 10:03:00,71.0700,71.1900,71.0500,71.1100,1676770
2009-03-04 10:02:00,71.1500,71.1500,70.9700,71.0500,1177597
2009-03-04 10:01:00,71.0501,71.2100,71.0500,71.1550,1788538
2009-03-04 10:00:00,70.8950,71.0700,70.8900,71.0600,2221400
2009-03-04 09:59:00,70.9100,70.9900,70.8900,70.8900,778174
2009-03-04 09:58:00,70.8900,70.9400,70.8700,70.9100,1476282
2009-03-04 09:57:00,71.0400,71.0400,70.8900,70.8900,1344994
2009-03-04 09:56:00,71.0300,71.0900,71.0100,71.0400,1141015
2009-03-04 09:55:00,70.9100,71.0300,70.9000,71.0200,1155275
2009-03-04 09:54:00,70.9000,70.9950,70.8800,70.9100,4276414
2009-03-04 09:53:00,70.8910,70.9900,70.8500,70.9000,2329352
2009-03-04 09:52:00,70.9900,70.9900,70.8100,70.9200,2567018
2009-03-04 09:51:00,71.0805,71.1500,70.9600,70.9900,2374649
2009-03-04 09:50:00,71.2700,71.2800,71.0700,71.0900,1904370
2009-03-04 09:49:00,71.2900,71.3100,71.1600,71.2700,1075686
2009-03-04 09:48:00,71.2500,71.3300,71.2000,71.2900,1627021
2009-03-04 09:47:00,71.1200,71.2600,71.1100,71.2500,1619034
2009-03-04 09:46:00,71.2900,71.3100,71.1200,71.1294,2527534
2009-03-04 09:45:00,71.3100,71.4200,71.2700,71.3000,1763945
2009-03-04 09:44:00,71.2400,71.4000,71.2200,71.3100,2223919
2009-03-04 09:43:00,71.4300,71.4500,71.2200,71.2400,1160522
2009-03-04 09:42:00,71.3600,71.4900,71.3600,71.4300,1556257
2009-03-04 09:41:00,71.2900,71.4100,71.2400,71.3700,1918004
2009-03-04 09:40:00,71.3900,71.4404,71.2600,71.2900,2645832
2009-03-04 09:39:00,71.5000,71.5700,71.3900,71.4000,1980682
2009-03-04 09:38:00,71.5600,71.5700,71.4400,71.4900,2379171
2009-03-04 09:37:00,71.4400,71.5800,71.4300,71.5600,2743855
2009-03-04 09:36:00,71.2900,71.4400,71.2800,71.4400,1809258
2009-03-04 09:35:00,71.1900,71.2900,71.1100,71.2900,1583581
2009-03-04 09:34:00,71.0705,71.2000,71.0400,71.1900,1493466
2009-03-04 09:33:00,71.2300,71.2300,71.0800,71.0800,1944712
2009-03-04 09:32:00,71.1900,71.3200,71.1700,71.2200,1542137
2009-03-04 09:31:00,71.2800,71.2900,71.1700,71.2000,1817149
2009-03-04 09:30:00,71.2300,71.3500,71.1700,71.2800,3398179
2009-03-04 09:29:00,71.2400,71.2700,71.1900,71.2500,361890
2009-03-04 09:28:00,71.2900,71.2900,71.2200,71.2300,291888
2009-03-04 09:27:00,71.1600,71.3200,71.1600,71.2900,339259
2009-03-04 09:26:00,71.1300,71.2100,71.1300,71.1600,101724
2009-03-04 09:25:00,71.2100,71.2300,71.1200,71.1300,230520
2009-03-04 09:24:00,71.2100,71.2500,71.1700,71.2200,118004
2009-03-04 09:23:00,71.1600,71.2100,71.0450,71.2100,232638
2009-03-04 09:22:00,71.1100,71.1700,71.1000,71.1700,66257
2009-03-04 09:21:00,71.1300,71.1400,71.1000,71.1100,52070
2009-03-04 09:20:00,71.1200,71.1400,71.0700,71.1300,151165
2009-03-04 09:19:00,71.0900,71.1500,71.0600,71.1200,478499
2009-03-04 09:18:00,71.2000,71.2300,71.0700,71.0800,253879
2009-03-04 09:17:00,71.2100,71.2200,71.1600,71.2200,94755
2009-03-04 09:16:00,71.2100,71.2500,71.1300,71.2000,252709
2009-03-04 09:15:00,71.1500,71.2500,71.1100,71.2100,284263
2009-03-04 09:14:00,71.1100,71.1500,71.1100,71.1500,51053
2009-03-04 09:13:00,71.1200,71.1300,71.1100,71.1100,27113
2009-03-04 09:12:00,71.0900,71.1700,71.0800,71.1200,135673
2009-03-04 09:11:00,71.1000,71.1300,71.0800,71.1000,83339
2009-03-04 09:10:00,71.1400,71.1500,71.0800,71.1000,80425
2009-03-04 09:09:00,71.1300,71.1700,71.1200,71.1500,65900
2009-03-04 09:08:00,71.1700,71.1800,71.1200,71.1200,21309
2009-03-04 09:07:00,71.1900,71.2000,71.1400,71.1500,33334
2009-03-04 09:06:00,71.1100,71.2100,71.1100,71.2000,127603
2009-03-04 09:05:00,71.0600,71.1200,71.0600,71.1100,89505
2009-03-04 09:04:00,71.0700,71.0800,71.0500,71.0600,49661
2009-03-04 09:03:00,71.1000,71.1500,71.0600,71.0700,357876
2009-03-04 09:02:00,71.1400,71.1500,71.1000,71.1000,85637
2009-03-04 09:01:00,71.0600,71.1300,71.0600,71.1300,225967
2009-03-04 09:00:00,71.1700,71.1700,71.0500,71.0700,149305
2009-03-04 08:59:00,71.1100,71.2500,71.1100,71.1700,226196
2009-03-04 08:58:00,71.0300,71.1200,71.0300,71.1100,55677
2009-03-04 08:57:00,71.0200,71.0400,70.9900,71.0300,79709
2009-03-04 08:56:00,71.0500,71.1900,71.0200,71.0300,540360
2009-03-04 08:55:00,70.9300,71.0600,70.9200,71.0400,142496
2009-03-04 08:54:00,70.8500,70.9500,70.8500,70.9400,136625
2009-03-04 08:53:00,70.8100,70.8700,70.8100,70.8700,101003
2009-03-04 08:52:00,70.7900,70.8400,70.7800,70.8100,150546
2009-03-04 08:51:00,70.8100,70.8100,70.7500,70.7900,100394
2009-03-04 08:50:00,70.7300,70.8200,70.7200,70.8100,61925
2009-03-04 08:49:00,70.7000,70.7400,70.7000,70.7400,25393
2009-03-04 08:48:00,70.7100,70.7400,70.6900,70.7000,240610
2009-03-04 08:47:00,70.6800,70.7500,70.6800,70.7100,53951
2009-03-04 08:46:00,70.6700,70.6800,70.6600,70.6800,25830
2009-03-04 08:45:00,70.6500,70.6900,70.6400,70.6600,114365
2009-03-04 08:44:00,70.6000,70.6500,70.6000,70.6500,95781
2009-03-04 08:43:00,70.5800,70.6100,70.5700,70.6000,73948
2009-03-04 08:42:00,70.5800,70.5900,70.5600,70.5800,37839
2009-03-04 08:41:00,70.6100,70.6400,70.5700,70.5700,234799
2009-03-04 08:40:00,70.6900,70.6900,70.6200,70.6200,58305
2009-03-04 08:39:00,70.6800,70.7100,70.6500,70.6800,65071
2009-03-04 08:38:00,70.6900,70.6900,70.6500,70.6800,70447
2009-03-04 08:37:00,70.7400,70.9000,70.6900,70.6900,111438
2009-03-04 08:36:00,70.6000,70.7500,70.5800,70.7400,78403
2009-03-04 08:35:00,70.5500,70.6200,70.5500,70.6000,139050
2009-03-04 08:34:00,70.5600,70.5600,70.5000,70.5600,65723
2009-03-04 08:33:00,70.5100,70.5800,70.5100,70.5600,20900
2009-03-04 08:32:00,70.5000,70.5600,70.5000,70.5000,54695
2009-03-04 08:31:00,70.4400,70.5300,70.4400,70.5000,76880
2009-03-04 08:30:00,70.4400,70.4600,70.4400,70.4400,36676
2009-03-04 08:29:00,70.3900,70.4300,70.3600,70.4300,142700
2009-03-04 08:28:00,70.2900,70.3900,70.2700,70.3800,69802
2009-03-04 08:27:00,70.3800,70.4000,70.2800,70.2900,197067
2009-03-04 08:26:00,70.3900,70.4500,70.3900,70.4000,43300
2009-03-04 08:25:00,70.4700,70.4800,70.4100,70.4100,76766
2009-03-04 08:24:00,70.4600,70.4800,70.4200,70.4800,52226
2009-03-04 08:23:00,70.4000,70.4600,70.4000,70.4600,63900
2009-03-04 08:22:00,70.4400,70.4500,70.4000,70.4100,10958
2009-03-04 08:21:00,70.4700,70.4800,70.4100,70.4800,60232
2009-03-04 08:20:00,70.3400,70.4900,70.3400,70.4700,51003
2009-03-04 08:19:00,70.3600,70.3900,70.3200,70.3300,568159
2009-03-04 08:18:00,70.4100,70.4100,70.3200,70.3500,67750
2009-03-04 08:17:00,70.4100,70.4200,70.3600,70.4100,212250
2009-03-04 08:16:00,70.4500,70.4700,70.3500,70.4000,144345
2009-03-04 08:15:00,70.4400,70.5800,70.2700,70.4500,263701
2009-03-04 08:14:00,70.4500,70.4700,70.4200,70.4200,123548
2009-03-04 08:13:00,70.4500,70.4700,70.4500,70.4700,67392
2009-03-04 08:12:00,70.5400,70.5500,70.4500,70.4500,125500
2009-03-04 08:11:00,70.5400,70.5600,70.5000,70.5200,13949
2009-03-04 08:10:00,70.6900,70.7400,70.5200,70.5200,910664
2009-03-04 08:09:00,70.5200,70.5500,70.4700,70.5200,7040
2009-03-04 08:08:00,70.5300,70.5300,70.4900,70.5300,14610
2009-03-04 08:07:00,70.4400,70.5300,70.4400,70.5200,25172
2009-03-04 08:06:00,70.5000,70.5100,70.4400,70.4400,87609
2009-03-04 08:05:00,70.4800,70.5100,70.4400,70.4800,48727
2009-03-04 08:04:00,70.4400,70.4700,70.4300,70.4600,26965
2009-03-04 08:03:00,70.4400,70.4700,70.4100,70.4200,46075
2009-03-04 08:02:00,70.4600,70.4600,70.4400,70.4400,21037
2009-03-04 08:01:00,70.4600,70.4900,70.4600,70.4800,398200
2009-03-04 08:00:00,70.4500,70.6800,70.4300,70.4600,211246
2009-03-04 07:59:00,70.4400,70.4800,70.4400,70.4400,34100
2009-03-04 07:58:00,70.4600,70.4600,70.4300,70.4400,36905
2009-03-04 07:57:00,70.4500,70.4600,70.4100,70.4600,41799
2009-03-04 07:56:00,70.5100,70.5100,70.4500,70.4500,64769
2009-03-04 07:55:00,70.5000,70.5300,70.5000,70.5100,11700
2009-03-04 07:54:00,70.4800,70.5600,70.4800,70.5200,53154
2009-03-04 07:53:00,70.5000,70.5000,70.4700,70.4800,77450
2009-03-04 07:52:00,70.5400,70.5600,70.5100,70.5200,35165
2009-03-04 07:51:00,70.5500,70.5500,70.5100,70.5100,4613
2009-03-04 07:50:00,70.6000,70.6100,70.5400,70.5400,5144
2009-03-04 07:49:00,70.6400,70.6700,70.6000,70.6000,20300
2009-03-04 07:48:00,70.6300,70.6300,70.6000,70.6000,46450
2009-03-04 07:47:00,70.6500,70.6500,70.6300,70.6300,17400
2009-03-04 07:46:00,70.6500,70.6600,70.6300,70.6500,89831
2009-03-04 07:45:00,70.6100,70.6500,70.6100,70.6500,53469
2009-03-04 07:44:00,70.6200,70.6400,70.6200,70.6300,10269
2009-03-04 07:43:00,70.5700,70.6200,70.5700,70.6000,21467
2009-03-04 07:42:00,70.6000,70.6000,70.5800,70.5900,13863
2009-03-04 07:41:00,70.6000,70.6500,70.5800,70.5900,30200
2009-03-04 07:40:00,70.6300,70.6300,70.5800,70.6000,6126
2009-03-04 07:39:00,70.6600,70.6700,70.6300,70.6300,3578
2009-03-04 07:38:00,70.7100,70.7100,70.6600,70.6600,24507
2009-03-04 07:37:00,70.6600,70.7500,70.6500,70.7200,10664
2009-03-04 07:36:00,70.6900,70.7000,70.6700,70.7000,48211
2009-03-04 07:35:00,70.6900,70.7000,70.6800,70.6800,56250
2009-03-04 07:34:00,70.6800,70.6800,70.6800,70.6800,22984
2009-03-04 07:33:00,70.6800,70.7800,70.6800,70.7600,44800
2009-03-04 07:32:00,70.6500,70.7000,70.6500,70.6900,28469
2009-03-04 07:31:00,70.6600,70.6600,70.6500,70.6500,5300
2009-03-04 07:30:00,70.6600,70.6600,70.6600,70.6600,400
2009-03-04 07:29:00,70.6400,70.6500,70.6400,70.6500,10479
2009-03-04 07:28:00,70.6000,70.6500,70.6000,70.6500,9276
2009-03-04 07:27:00,70.5400,70.5900,70.5000,70.5600,162730
2009-03-04 07:26:00,70.6200,70.6200,70.5700,70.5700,38045
2009-03-04 07:25:00,70.6500,70.6500,70.6400,70.6500,2500
2009-03-04 07:24:00,70.7000,70.7000,70.6400,70.6500,44800
2009-03-04 07:23:00,70.6900,70.7000,70.6900,70.7000,7400
2009-03-04 07:22:00,70.6800,70.7100,70.6600,70.7100,15600
2009-03-04 07:21:00,70.6500,70.6800,70.6500,70.6800,27500
2009-03-04 07:20:00,70.6200,70.6800,70.6200,70.6800,10150
2009-03-04 07:19:00,70.6800,70.6800,70.6300,70.6300,26507
2009-03-04 07:18:00,70.7200,70.7200,70.6800,70.6800,11800
2009-03-04 07:17:00,70.7400,70.7400,70.7200,70.7300,39969
2009-03-04 07:16:00,70.6800,70.7500,70.6800,70.7400,23969
2009-03-04 07:15:00,70.7300,70.7500,70.6800,70.6800,72869
2009-03-04 07:14:00,70.7800,70.7800,70.7300,70.7300,37400
2009-03-04 07:13:00,70.7200,70.7800,70.7200,70.7800,250826
2009-03-04 07:12:00,70.7100,70.7500,70.7100,70.7200,231496
2009-03-04 07:11:00,70.7000,70.7100,70.7000,70.7100,8069
2009-03-04 07:10:00,70.7100,70.7700,70.7000,70.7700,4200
2009-03-04 07:09:00,70.7400,70.7400,70.6900,70.7300,14600
2009-03-04 07:08:00,70.7700,70.7700,70.7300,70.7300,900
2009-03-04 07:06:00,70.8000,70.8000,70.7600,70.7800,44800
2009-03-04 07:05:00,70.7200,70.7800,70.7200,70.7700,17185
2009-03-04 07:04:00,70.6500,70.7200,70.6400,70.7100,281200
2009-03-04 07:03:00,70.6000,70.7000,70.6000,70.7000,2969
2009-03-04 07:02:00,70.6700,70.7100,70.6100,70.6300,32999
2009-03-04 07:01:00,70.7200,70.7200,70.7000,70.7000,6900
2009-03-04 07:00:00,70.8200,70.8200,70.6800,70.6900,32769
2009-03-04 06:59:00,70.8000,70.8000,70.8000,70.8000,2869
2009-03-04 06:58:00,70.7900,70.8000,70.7900,70.8000,8238
2009-03-04 06:57:00,70.7500,70.7700,70.7500,70.7700,2200
2009-03-04 06:56:00,70.7500,70.7500,70.7500,70.7500,200
2009-03-04 06:55:00,70.7500,70.7500,70.7500,70.7500,469
2009-03-04 06:54:00,70.7300,70.7300,70.7300,70.7300,200
2009-03-04 06:53:00,70.7500,70.7500,70.7200,70.7200,10400
2009-03-04 06:52:00,70.8200,70.8200,70.7500,70.7500,2600
2009-03-04 06:51:00,70.8000,70.8000,70.8000,70.8000,370
2009-03-04 06:50:00,70.7400,70.7700,70.7400,70.7700,6435
2009-03-04 06:46:00,70.7000,70.7000,70.7000,70.7000,100
2009-03-04 06:45:00,70.6700,70.6700,70.6700,70.6700,1200
2009-03-04 06:43:00,70.7000,70.7000,70.7000,70.7000,5000
2009-03-04 06:42:00,70.7000,70.7000,70.7000,70.7000,3000
2009-03-04 06:41:00,70.7200,70.7200,70.7200,70.7200,495
2009-03-04 06:40:00,70.7200,70.7200,70.7200,70.7200,675
2009-03-04 06:39:00,70.7500,70.7500,70.7500,70.7500,400
2009-03-04 06:34:00,70.7000,70.7000,70.7000,70.7000,2500
2009-03-04 06:32:00,70.7200,70.7200,70.7200,70.7200,361
2009-03-04 06:28:00,70.6500,70.6500,70.6500,70.6500,197
2009-03-04 06:21:00,70.7200,70.7200,70.7200,70.7200,1000
2009-03-04 06:19:00,70.7000,70.7000,70.7000,70.7000,1000
2009-03-04 06:18:00,70.7300,70.7300,70.7300,70.7300,400
2009-03-04 06:10:00,70.6500,70.6700,70.6500,70.6700,200
2009-03-04 06:09:00,70.6000,70.6000,70.6000,70.6000,600
2009-03-04 06:08:00,70.6200,70.6200,70.6000,70.6000,5000
2009-03-04 06:04:00,70.8000,70.8000,70.8000,70.8000,800
2009-03-04 06:01:00,70.8100,70.8100,70.7700,70.7700,1000
2009-03-04 05:58:00,70.8200,70.8200,70.8200,70.8200,300
2009-03-04 05:56:00,70.7800,70.7800,70.7800,70.7800,100
2009-03-04 05:45:00,70.6900,70.6900,70.6900,70.6900,100
2009-03-04 05:26:00,70.7800,70.7800,70.7800,70.7800,2000
2009-03-04 05:20:00,70.9400,70.9400,70.9400,70.9400,181
2009-03-04 05:16:00,70.9200,70.9200,70.9200,70.9200,405
2009-03-04 05:01:00,70.8500,70.8500,70.8500,70.8500,1000
2009-03-04 04:53:00,71.0000,71.0300,71.0000,71.0300,3500
2009-03-04 04:52:00,70.9900,70.9900,70.9900,70.9900,100
2009-03-04 04:51:00,70.9900,71.0000,70.9900,71.0000,5300
2009-03-04 04:50:00,70.9500,70.9500,70.9500,70.9500,500
2009-03-04 04:49:00,70.9300,70.9700,70.9300,70.9700,500
2009-03-04 04:48:00,70.9100,70.9100,70.9100,70.9100,200
2009-03-04 04:47:00,70.9000,70.9000,70.9000,70.9000,100
2009-03-04 04:42:00,70.8800,70.8800,70.8800,70.8800,200
2009-03-04 04:41:00,70.8100,70.8500,70.8100,70.8500,1200
2009-03-04 04:37:00,70.8100,70.8100,70.8000,70.8000,1010
2009-03-04 04:35:00,70.7500,70.8000,70.7500,70.8000,312
2009-03-04 04:32:00,70.7300,70.7300,70.7300,70.7300,1000
2009-03-04 04:28:00,70.7800,70.7800,70.7800,70.7800,2064
2009-03-04 04:25:00,70.7500,70.7500,70.7500,70.7500,3000
2009-03-04 04:18:00,70.7000,70.7500,70.7000,70.7500,300
2009-03-04 04:17:00,70.7000,70.7000,70.7000,70.7000,100
2009-03-04 04:15:00,70.6800,70.6800,70.6800,70.6800,800
2009-03-03 19:59:00,69.3500,69.3800,69.3500,69.3800,2725
2009-03-03 19:58:00,69.3500,69.3500,69.3500,69.3500,850
2009-03-03 19:57:00,69.2800,69.2900,69.2800,69.2900,2926
2009-03-03 19:56:00,69.2700,69.2700,69.2500,69.2500,3538
2009-03-03 19:54:00,69.3000,69.3000,69.2600,69.2600,600
2009-03-03 19:53:00,69.3000,69.3000,69.3000,69.3000,100
2009-03-03 19:52:00,69.3300,69.3300,69.2900,69.3000,5199
2009-03-03 19:50:00,69.3300,69.3300,69.3100,69.3100,2400
2009-03-03 19:49:00,69.3100,69.3200,69.3100,69.3200,1500
2009-03-03 19:48:00,69.3400,69.3500,69.3100,69.3100,1110
2009-03-03 19:47:00,69.3800,69.3800,69.3300,69.3300,1600
2009-03-03 19:46:00,69.3700,69.3700,69.3700,69.3700,500
2009-03-03 19:45:00,69.3600,69.3700,69.3500,69.3500,4668
2009-03-03 19:44:00,69.3900,69.3900,69.3600,69.3800,4321
2009-03-03 19:43:00,69.4300,69.4300,69.4000,69.4000,3069
2009-03-03 19:42:00,69.4300,69.4500,69.4300,69.4500,500
2009-03-03 19:41:00,69.4300,69.4300,69.4300,69.4300,200
2009-03-03 19:40:00,69.4300,69.4300,69.4000,69.4000,1069
2009-03-03 19:39:00,69.4600,69.4600,69.4300,69.4300,2869
2009-03-03 19:37:00,69.5000,69.5000,69.5000,69.5000,250
2009-03-03 19:35:00,69.5000,69.5000,69.5000,69.5000,250
2009-03-03 19:34:00,69.5100,69.5100,69.5100,69.5100,200
2009-03-03 19:33:00,69.5500,69.5500,69.5500,69.5500,100
2009-03-03 19:32:00,69.4900,69.5500,69.4900,69.5300,6559
2009-03-03 19:31:00,69.4800,69.4800,69.4800,69.4800,274
2009-03-03 19:29:00,69.5100,69.5100,69.5100,69.5100,500
2009-03-03 19:28:00,69.4700,69.4700,69.4700,69.4700,650
2009-03-03 19:26:00,69.4700,69.4700,69.4600,69.4600,1300
2009-03-03 19:24:00,69.5200,69.5200,69.5200,69.5200,501
2009-03-03 19:23:00,69.5200,69.5200,69.5200,69.5200,100
2009-03-03 19:22:00,69.5000,69.5000,69.5000,69.5000,569
2009-03-03 19:21:00,69.5200,69.5200,69.5100,69.5100,1469
2009-03-03 19:18:00,69.5400,69.5500,69.5400,69.5500,542
2009-03-03 19:17:00,69.5400,69.5400,69.5400,69.5400,2572
2009-03-03 19:16:00,69.5500,69.5500,69.5100,69.5500,1800
2009-03-03 19:14:00,69.5300,69.5500,69.5300,69.5500,1100
2009-03-03 19:13:00,69.5300,69.5300,69.5300,69.5300,369
2009-03-03 19:12:00,69.5400,69.5600,69.5400,69.5400,1364
2009-03-03 19:11:00,69.5600,69.5600,69.5600,69.5600,2382
2009-03-03 19:10:00,69.5500,69.5700,69.5400,69.5600,2400
2009-03-03 19:09:00,69.5100,69.5400,69.4900,69.5400,2200
2009-03-03 19:08:00,69.5100,69.5100,69.5100,69.5100,5300
2009-03-03 19:07:00,69.5200,69.5200,69.5200,69.5200,189
2009-03-03 19:06:00,69.5500,69.5500,69.5400,69.5400,600
2009-03-03 19:05:00,69.5400,69.5400,69.5400,69.5400,100
2009-03-03 19:04:00,69.5700,69.5700,69.5600,69.5600,600
2009-03-03 19:03:00,69.5800,69.5800,69.5400,69.5700,2116
2009-03-03 19:02:00,69.5400,69.5800,69.5400,69.5500,6460
2009-03-03 19:01:00,69.5400,69.5400,69.5400,69.5400,300
2009-03-03 19:00:00,69.5000,69.5500,69.4900,69.5200,41378
2009-03-03 18:59:00,69.4900,69.5000,69.4900,69.5000,4758
2009-03-03 18:58:00,69.4900,69.5000,69.4900,69.5000,8740
2009-03-03 18:57:00,69.4700,69.5000,69.4700,69.5000,17749
2009-03-03 18:56:00,69.4500,69.4800,69.4500,69.4700,34237
2009-03-03 18:55:00,69.4400,69.4800,69.4400,69.4800,5300
2009-03-03 18:54:00,69.4300,69.4700,69.4300,69.4700,9199
2009-03-03 18:53:00,69.3900,69.4300,69.3900,69.4200,2065
2009-03-03 18:52:00,69.3800,69.3900,69.3800,69.3900,330
2009-03-03 18:51:00,69.3900,69.3900,69.3700,69.3800,2120
2009-03-03 18:50:00,69.4000,69.4000,69.4000,69.4000,400
2009-03-03 18:49:00,69.3900,69.3900,69.3900,69.3900,200
2009-03-03 18:48:00,69.3900,69.3900,69.3900,69.3900,130
2009-03-03 18:47:00,69.4000,69.4000,69.4000,69.4000,300
2009-03-03 18:46:00,69.4000,69.4200,69.4000,69.4200,200
2009-03-03 18:45:00,69.4100,69.4500,69.4000,69.4000,22681
2009-03-03 18:44:00,69.3700,69.3900,69.3600,69.3900,1000
2009-03-03 18:43:00,69.3700,69.4000,69.3700,69.3900,800
2009-03-03 18:42:00,69.3700,69.4100,69.3700,69.4100,2430
2009-03-03 18:41:00,69.3700,69.4000,69.3700,69.4000,5038
2009-03-03 18:39:00,69.3700,69.3800,69.3700,69.3800,869
2009-03-03 18:36:00,69.3400,69.3400,69.3400,69.3400,3139
2009-03-03 18:35:00,69.3100,69.3300,69.3100,69.3200,3533
2009-03-03 18:34:00,69.3000,69.3200,69.3000,69.3200,646
2009-03-03 18:31:00,69.3100,69.3100,69.3000,69.3000,300
2009-03-03 18:30:00,69.3400,69.3400,69.3100,69.3100,1130
2009-03-03 18:29:00,69.3400,69.3400,69.3100,69.3300,1100
2009-03-03 18:28:00,69.2900,69.3200,69.2900,69.3200,1269
2009-03-03 18:26:00,69.2700,69.2800,69.2700,69.2800,3600
2009-03-03 18:25:00,69.2700,69.2700,69.2700,69.2700,133
2009-03-03 18:24:00,69.3000,69.3000,69.2600,69.2600,3038
2009-03-03 18:23:00,69.3200,69.3200,69.3200,69.3200,600
2009-03-03 18:22:00,69.2700,69.3200,69.2700,69.3200,2313
2009-03-03 18:21:00,69.3000,69.3000,69.2800,69.2800,619
2009-03-03 18:20:00,69.2800,69.3000,69.2700,69.3000,6200
2009-03-03 18:19:00,69.3200,69.3200,69.3000,69.3000,3269
2009-03-03 18:18:00,69.3200,69.3200,69.3200,69.3200,2771
2009-03-03 18:17:00,69.3400,69.3500,69.3400,69.3400,1450
2009-03-03 18:16:00,69.3100,69.3500,69.3000,69.3500,7610
2009-03-03 18:14:00,69.3000,69.3000,69.3000,69.3000,1500
2009-03-03 18:13:00,69.3200,69.3300,69.3200,69.3200,1299
2009-03-03 18:12:00,69.3100,69.3200,69.3000,69.3000,1037
2009-03-03 18:11:00,69.3100,69.3400,69.3000,69.3000,12572
2009-03-03 18:10:00,69.2100,69.3000,69.2100,69.3000,8807
2009-03-03 18:09:00,69.1800,69.2400,69.1800,69.2200,16167
2009-03-03 18:08:00,69.1800,69.1800,69.1800,69.1800,2000
2009-03-03 18:07:00,69.2500,69.2500,69.2500,69.2500,702
2009-03-03 18:06:00,69.2400,69.2500,69.2400,69.2500,698
2009-03-03 18:05:00,69.2000,69.2400,69.2000,69.2400,2268
2009-03-03 18:04:00,69.1900,69.2000,69.1400,69.1500,3800
2009-03-03 18:03:00,69.2000,69.2300,69.2000,69.2200,4032
2009-03-03 18:02:00,69.1700,69.2000,69.1700,69.2000,16013
2009-03-03 18:01:00,69.1000,69.1500,69.1000,69.1500,12399
2009-03-03 18:00:00,69.1000,69.1000,69.1000,69.1000,2870
2009-03-03 17:59:00,69.1000,69.1100,69.0800,69.0800,2969
2009-03-03 17:58:00,69.1100,69.1100,69.1100,69.1100,132
2009-03-03 17:57:00,69.1100,69.1100,69.1000,69.1000,5600
2009-03-03 17:56:00,69.1100,69.1100,69.1000,69.1100,2800
2009-03-03 17:55:00,69.1100,69.1500,69.1100,69.1300,16968
2009-03-03 17:54:00,69.0900,69.1100,69.0900,69.1100,200
2009-03-03 17:53:00,69.0800,69.0900,69.0800,69.0800,8800
2009-03-03 17:52:00,69.0800,69.0800,69.0800,69.0800,600
2009-03-03 17:51:00,69.0500,69.0500,69.0500,69.0500,500
2009-03-03 17:50:00,69.0800,69.0800,69.0500,69.0500,5950
2009-03-03 17:49:00,69.0500,69.0500,69.0500,69.0500,1119
2009-03-03 17:48:00,69.0000,69.0500,69.0000,69.0500,1055
2009-03-03 17:47:00,69.0000,69.0000,68.9600,68.9600,20150
2009-03-03 17:46:00,68.9800,69.0000,68.9800,69.0000,2000
2009-03-03 17:45:00,69.0000,69.0000,68.9700,68.9800,2938
2009-03-03 17:44:00,68.9800,69.0000,68.9700,68.9800,4269
2009-03-03 17:43:00,69.0000,69.0000,68.9900,68.9900,1905
2009-03-03 17:42:00,69.0000,69.0000,69.0000,69.0000,3200
2009-03-03 17:41:00,68.9700,69.0000,68.9700,69.0000,15486
2009-03-03 17:40:00,69.0500,69.0500,68.9700,68.9700,13476
2009-03-03 17:39:00,69.0900,69.0900,69.0500,69.0500,869
2009-03-03 17:38:00,69.0500,69.1400,69.0500,69.0900,1469
2009-03-03 17:37:00,69.0500,69.0500,69.0500,69.0500,882
2009-03-03 17:36:00,69.0900,69.0900,69.0400,69.0500,9318
2009-03-03 17:35:00,69.1200,69.1200,69.1000,69.1000,469
2009-03-03 17:34:00,69.1200,69.1200,69.1000,69.1000,1185
2009-03-03 17:33:00,69.1500,69.1500,69.1200,69.1400,6042
2009-03-03 17:32:00,69.1500,69.1900,69.1300,69.1900,3100
2009-03-03 17:31:00,69.1400,69.1500,69.1400,69.1500,4469
2009-03-03 17:30:00,69.1400,69.1500,69.1000,69.1000,6560
2009-03-03 17:29:00,69.0500,69.1300,69.0300,69.1300,10963
2009-03-03 17:28:00,69.0800,69.0800,69.0500,69.0600,10731
2009-03-03 17:27:00,69.1200,69.1200,69.0800,69.0800,2200
2009-03-03 17:26:00,69.1200,69.1400,69.1200,69.1400,10244
2009-03-03 17:25:00,69.1000,69.1000,69.0800,69.1000,1798
2009-03-03 17:24:00,69.1100,69.1100,69.1000,69.1000,4332
2009-03-03 17:23:00,69.1300,69.1300,69.1100,69.1100,4214
2009-03-03 17:22:00,69.1200,69.1300,69.1200,69.1300,1028
2009-03-03 17:21:00,69.1200,69.1300,69.1200,69.1200,6284
2009-03-03 17:20:00,69.1400,69.1400,69.1100,69.1200,2748
2009-03-03 17:19:00,69.1000,69.1300,69.1000,69.1200,8862
2009-03-03 17:18:00,69.1300,69.1300,69.1100,69.1200,2031
2009-03-03 17:17:00,69.1500,69.1500,69.1400,69.1400,2630
2009-03-03 17:16:00,69.1400,69.1600,69.1400,69.1400,10769
2009-03-03 17:15:00,69.1400,69.1400,69.1200,69.1200,5600
2009-03-03 17:14:00,69.1600,69.1600,69.1200,69.1200,900
2009-03-03 17:13:00,69.1000,69.1700,69.1000,69.1600,35662
2009-03-03 17:12:00,69.0900,69.1500,69.0900,69.1300,22176
2009-03-03 17:11:00,69.0800,69.0900,69.0600,69.0600,1500
2009-03-03 17:10:00,69.0400,69.0700,69.0300,69.0500,8995
2009-03-03 17:09:00,69.0000,69.0500,69.0000,69.0300,11857
2009-03-03 17:08:00,69.0000,69.0000,68.9900,69.0000,4200
2009-03-03 17:07:00,69.0700,69.0700,68.9000,68.9700,6569
2009-03-03 17:06:00,69.0700,69.0700,69.0700,69.0700,2414
2009-03-03 17:05:00,69.0700,69.0700,69.0700,69.0700,300
2009-03-03 17:04:00,69.0700,69.0700,69.0500,69.0700,10747
2009-03-03 17:03:00,69.0700,69.0700,69.0500,69.0700,4130
2009-03-03 17:02:00,69.1200,69.1300,69.1000,69.1200,6468
2009-03-03 17:01:00,69.1200,69.1300,69.1000,69.1200,19700
2009-03-03 17:00:00,69.0600,69.1200,69.0500,69.1000,26100
2009-03-03 16:59:00,69.0500,69.1000,69.0400,69.0800,29632
2009-03-03 16:58:00,68.9600,69.0700,68.9500,69.0700,22378
2009-03-03 16:57:00,68.9800,69.0000,68.9500,68.9700,29380
2009-03-03 16:56:00,69.0000,69.0200,68.9700,68.9800,93556
2009-03-03 16:55:00,68.9500,69.0000,68.9300,69.0000,44433
2009-03-03 16:54:00,68.8800,68.9500,68.8700,68.9500,35349
2009-03-03 16:53:00,68.9000,68.9100,68.8800,68.8900,13569
2009-03-03 16:52:00,68.8500,68.9300,68.8500,68.9000,59140
2009-03-03 16:51:00,68.8900,68.9300,68.8600,68.8600,20364
2009-03-03 16:50:00,68.8900,68.8900,68.8800,68.8900,10054
2009-03-03 16:49:00,68.8800,68.9200,68.8700,68.9000,7453
2009-03-03 16:48:00,68.8700,68.8800,68.8300,68.8800,22412
2009-03-03 16:47:00,68.8500,68.8500,68.8200,68.8500,45666
2009-03-03 16:46:00,68.9200,68.9200,68.8000,68.8900,49707
2009-03-03 16:45:00,68.9500,68.9700,68.9100,68.9400,15824
2009-03-03 16:44:00,68.9700,68.9700,68.9400,68.9600,38548
2009-03-03 16:43:00,68.9100,68.9800,68.9100,68.9700,11221
2009-03-03 16:42:00,68.9000,68.9600,68.9000,68.9200,30558
2009-03-03 16:41:00,68.9500,68.9500,68.9000,68.9000,109051
2009-03-03 16:40:00,68.9200,68.9900,68.9200,68.9500,54098
2009-03-03 16:39:00,68.9700,68.9700,68.8900,68.9200,43235
2009-03-03 16:38:00,69.0000,69.0300,68.9200,68.9700,61637
2009-03-03 16:37:00,69.0700,70.0700,68.9600,68.9600,65142
2009-03-03 16:36:00,68.9600,69.0900,68.9300,69.0800,183971
2009-03-03 16:35:00,69.1800,69.1800,68.7600,68.9600,568428
2009-03-03 16:34:00,69.2300,69.3100,69.1500,69.2000,154708
2009-03-03 16:33:00,69.4600,69.4900,69.1300,69.2600,83451
2009-03-03 16:32:00,69.4700,69.4900,69.4400,69.4500,5400
2009-03-03 16:31:00,69.4400,69.4800,69.4000,69.4300,43025
2009-03-03 16:30:00,69.5400,69.5500,69.4400,69.4400,104638
2009-03-03 16:29:00,69.5300,69.5400,69.5000,69.5000,11680
2009-03-03 16:28:00,69.5200,69.5700,69.5000,69.5000,33470
2009-03-03 16:27:00,69.5000,69.5400,69.4900,69.5200,18449
2009-03-03 16:26:00,69.5400,69.5400,69.4900,69.4900,26900
2009-03-03 16:25:00,69.5600,69.5600,69.4700,69.5400,9400
2009-03-03 16:24:00,69.5300,69.5800,69.5200,69.5400,40920
2009-03-03 16:23:00,69.5200,69.5600,69.5000,69.5600,36655
2009-03-03 16:22:00,69.5000,69.5400,69.4800,69.5000,17127
2009-03-03 16:21:00,69.4900,69.5100,69.4600,69.5000,55915
2009-03-03 16:20:00,69.4700,69.4900,69.4400,69.4900,178744
2009-03-03 16:19:00,69.4900,69.5100,69.4600,69.4800,24577
2009-03-03 16:18:00,69.5400,69.5500,69.4700,69.5200,79625
2009-03-03 16:17:00,69.4700,70.3704,69.4600,69.5400,100520
2009-03-03 16:16:00,69.4900,69.4900,69.3900,69.4600,258482
2009-03-03 16:15:00,69.4800,69.6400,69.4700,69.5000,112416
2009-03-03 16:14:00,69.4600,69.5400,69.4300,69.4900,286887
2009-03-03 16:13:00,69.6400,69.6400,69.4600,69.4600,733348
2009-03-03 16:12:00,69.6700,69.7100,69.6300,69.6400,425350
2009-03-03 16:11:00,69.6400,69.6700,69.6000,69.6700,135784
2009-03-03 16:10:00,69.6900,69.6900,69.5800,69.6300,492081
2009-03-03 16:09:00,69.7300,69.7300,69.6800,69.7000,172206
2009-03-03 16:08:00,69.7900,69.8000,69.7200,69.7300,329439
2009-03-03 16:07:00,69.7200,69.8100,69.7000,69.8000,246069
2009-03-03 16:06:00,69.7000,69.7600,69.6300,69.7300,409868
2009-03-03 16:05:00,69.7200,70.0700,69.6800,69.7000,457813
2009-03-03 16:04:00,69.7600,70.0700,69.6900,70.0700,613404
2009-03-03 16:03:00,69.7100,70.0000,69.7100,69.7600,867183
2009-03-03 16:02:00,69.8500,70.0700,69.6900,69.7100,1190673
2009-03-03 16:01:00,69.9100,69.9100,69.7200,69.8600,1900804
2009-03-03 16:00:00,70.0400,70.0400,69.7700,69.9100,1949581
2009-03-03 15:59:00,70.2000,70.2310,70.0200,70.0400,5137826
2009-03-03 15:58:00,70.2800,70.4940,70.2000,70.2100,4191640
2009-03-03 15:57:00,70.2900,70.3000,70.2301,70.2700,1002942
2009-03-03 15:56:00,70.1800,70.3500,70.1800,70.2900,1271355
2009-03-03 15:55:00,70.3400,70.3700,70.1800,70.1900,2052558
2009-03-03 15:54:00,70.2800,70.4700,70.2501,70.3690,2072722
2009-03-03 15:53:00,70.1200,70.2800,70.1000,70.2800,2040941
2009-03-03 15:52:00,70.0600,70.1200,70.0300,70.1100,903160
2009-03-03 15:51:00,70.0500,70.1500,70.0200,70.0600,1155630
2009-03-03 15:50:00,70.0000,70.0800,69.9900,70.0499,807594
2009-03-03 15:49:00,70.0400,70.0800,69.9900,70.0000,694724
2009-03-03 15:48:00,70.0600,70.1000,70.0000,70.0400,851760
2009-03-03 15:47:00,69.9310,70.1200,69.9306,70.0600,879170
2009-03-03 15:46:00,69.9900,70.0200,69.9000,69.9400,1006355
2009-03-03 15:45:00,69.9700,70.0200,69.9100,69.9800,630138
2009-03-03 15:44:00,70.0100,70.0300,69.8800,69.9700,938215
2009-03-03 15:43:00,70.0100,70.0400,69.9200,70.0100,1059061
2009-03-03 15:42:00,69.9200,70.1300,69.9200,70.0200,2209047
2009-03-03 15:41:00,69.9000,69.9500,69.8700,69.9202,672721
2009-03-03 15:40:00,69.9200,69.9500,69.8600,69.9100,2039750
2009-03-03 15:39:00,70.0600,70.0900,69.9100,69.9200,1706519
2009-03-03 15:38:00,70.0900,70.1200,70.0000,70.0700,1825043
2009-03-03 15:37:00,70.2000,70.2500,70.0800,70.0900,756040
2009-03-03 15:36:00,70.2100,70.2700,70.2000,70.2100,386196
2009-03-03 15:35:00,70.3100,70.3500,70.1800,70.2100,1026282
2009-03-03 15:34:00,70.1990,70.3300,70.1200,70.3190,1418400
2009-03-03 15:33:00,70.2006,70.2800,70.1800,70.2000,1020079
2009-03-03 15:32:00,70.2900,70.2900,70.0900,70.2100,1762359
2009-03-03 15:31:00,70.3300,70.3700,70.2700,70.2800,1456975
2009-03-03 15:30:00,70.2200,70.3300,70.1600,70.3300,1443892
2009-03-03 15:29:00,70.3101,70.3300,70.1800,70.2300,581543
2009-03-03 15:28:00,70.2600,70.3300,70.2200,70.3200,780369
2009-03-03 15:27:00,70.2300,70.3600,70.2200,70.2600,1382682
2009-03-03 15:26:00,70.3500,70.3500,70.1300,70.2300,1094821
2009-03-03 15:25:00,70.2800,70.3700,70.2200,70.3500,1359941
2009-03-03 15:24:00,70.1900,70.3800,70.1800,70.2800,1427167
2009-03-03 15:23:00,70.3600,70.4200,70.1800,70.1900,2444465
2009-03-03 15:22:00,70.6600,70.6700,70.3300,70.3700,3250880
2009-03-03 15:21:00,70.6300,70.7500,70.6200,70.6500,523084
2009-03-03 15:20:00,70.6700,70.8000,70.6200,70.6200,1251482
2009-03-03 15:19:00,70.7350,70.7400,70.6200,70.6600,551496
2009-03-03 15:18:00,70.6900,70.8200,70.6900,70.7300,1091506
2009-03-03 15:17:00,70.6900,70.7000,70.5600,70.6950,867899
2009-03-03 15:16:00,70.5500,70.7400,70.5300,70.6900,861986
2009-03-03 15:15:00,70.6400,70.6500,70.5300,70.5500,1140621
2009-03-03 15:14:00,70.6600,70.6600,70.5800,70.6400,1046856
2009-03-03 15:13:00,70.5802,70.7200,70.5800,70.6700,1407066
2009-03-03 15:12:00,70.8500,70.8700,70.5500,70.5900,1660034
2009-03-03 15:11:00,70.9300,70.9600,70.8300,70.8600,471549
2009-03-03 15:10:00,70.7800,70.9800,70.7700,70.9300,1025003
2009-03-03 15:09:00,70.9300,70.9400,70.7700,70.7800,826032
2009-03-03 15:08:00,70.7300,70.9600,70.7200,70.9200,1213805
2009-03-03 15:07:00,70.7600,70.8300,70.7200,70.7400,1066490
2009-03-03 15:06:00,70.8400,70.8700,70.7300,70.7700,2052609
2009-03-03 15:05:00,71.0400,71.0900,70.8300,70.8400,1313946
2009-03-03 15:04:00,71.1300,71.1399,71.0100,71.0400,915756
2009-03-03 15:03:00,71.1500,71.2300,71.1050,71.1300,830331
2009-03-03 15:02:00,71.0900,71.1700,71.0300,71.1600,775676
2009-03-03 15:01:00,71.0600,71.1500,70.9900,71.0800,960126
2009-03-03 15:00:00,71.2600,71.2600,71.0400,71.0700,1318056
2009-03-03 14:59:00,71.3100,71.3600,71.1800,71.2600,1244214
2009-03-03 14:58:00,71.2900,71.4500,70.7000,71.3200,2488877
2009-03-03 14:57:00,71.1400,71.2900,70.4940,70.4940,3754324
2009-03-03 14:56:00,71.2600,71.2600,71.1000,71.1500,1085564
2009-03-03 14:55:00,71.0500,71.2800,71.0000,71.2600,1428874
2009-03-03 14:54:00,71.1200,71.1300,71.0500,71.0600,705621
2009-03-03 14:53:00,70.9700,71.1300,70.9500,71.1200,928187
2009-03-03 14:52:00,70.8600,71.0000,70.8200,70.9700,1052339
2009-03-03 14:51:00,70.9001,70.9700,70.8400,70.8400,1305270
2009-03-03 14:50:00,71.0900,71.1300,70.9000,70.9100,1108824
2009-03-03 14:49:00,70.9700,71.1500,70.9100,71.0900,1332026
2009-03-03 14:48:00,71.1800,71.1900,70.8800,70.9600,1335596
2009-03-03 14:47:00,71.0700,71.2300,71.0620,71.1800,1033030
2009-03-03 14:46:00,71.0400,71.0700,70.9800,71.0610,1009643
2009-03-03 14:45:00,71.1200,71.1400,70.9900,71.0375,1637184
2009-03-03 14:44:00,71.1400,71.1800,71.1100,71.1200,1367153
2009-03-03 14:43:00,71.3000,71.3100,71.0900,71.1300,2989689
2009-03-03 14:42:00,71.3700,71.4200,71.3000,71.3100,1062691
2009-03-03 14:41:00,71.3200,71.3900,71.2500,71.3700,1044481
2009-03-03 14:40:00,71.2900,71.3800,71.2700,71.3100,1339463
2009-03-03 14:39:00,71.2600,71.3200,71.2400,71.2900,1107359
2009-03-03 14:38:00,71.2700,71.2900,71.2200,71.2600,778670
2009-03-03 14:37:00,71.3000,71.3600,71.2300,71.2800,1620078
2009-03-03 14:36:00,71.1700,71.3400,70.3400,71.3000,1673995
2009-03-03 14:35:00,71.1200,71.3100,71.1000,71.1800,2042599
2009-03-03 14:34:00,70.9200,71.1200,70.9000,71.1200,1681399
2009-03-03 14:33:00,70.8600,70.9400,70.7500,70.9200,745606
2009-03-03 14:32:00,70.9100,70.9500,70.7700,70.8600,979692
2009-03-03 14:31:00,71.0000,71.0200,70.8600,70.9100,1999934
2009-03-03 14:30:00,70.8300,71.0100,70.8200,70.9900,625614
2009-03-03 14:29:00,70.9000,70.9500,70.7600,70.8400,873650
2009-03-03 14:28:00,70.8500,70.9000,70.8200,70.8900,472423
2009-03-03 14:27:00,70.9800,70.9899,70.8200,70.8500,1115908
2009-03-03 14:26:00,70.9000,71.0300,70.8900,70.9800,1104825
2009-03-03 14:25:00,71.0100,71.0100,70.8500,70.9000,1829803
2009-03-03 14:24:00,70.8500,71.0100,70.8500,71.0100,1302659
2009-03-03 14:23:00,70.7500,70.9000,70.6106,70.8599,1670683
2009-03-03 14:22:00,70.6300,70.7600,70.6300,70.7500,509192
2009-03-03 14:21:00,70.6700,70.7000,70.6000,70.6400,764765
2009-03-03 14:20:00,70.6250,70.6800,70.5400,70.6600,865843
2009-03-03 14:19:00,70.6100,70.6500,70.5800,70.6200,440700
2009-03-03 14:18:00,70.6890,70.7500,70.5500,70.6000,785871
2009-03-03 14:17:00,70.6800,70.7000,70.5000,70.6900,383387
2009-03-03 14:16:00,70.7100,70.7500,70.6500,70.6800,721618
2009-03-03 14:15:00,70.8178,70.8600,70.7000,70.7100,929566
2009-03-03 14:14:00,70.7900,70.8400,70.7500,70.8199,1038672
2009-03-03 14:13:00,70.8895,70.9000,70.7600,70.7800,1370405
2009-03-03 14:12:00,70.7405,70.8900,70.7300,70.8900,2028368
2009-03-03 14:11:00,70.4600,70.7400,70.4500,70.7400,1044259
2009-03-03 14:10:00,70.5300,70.5600,70.4600,70.4600,395039
2009-03-03 14:09:00,70.5000,70.6200,70.4900,70.5200,739570
2009-03-03 14:08:00,70.5600,70.5600,70.4400,70.5000,1464311
2009-03-03 14:07:00,70.6200,70.6300,70.5300,70.5599,945460
2009-03-03 14:06:00,70.6600,70.6800,70.5700,70.6200,1767232
2009-03-03 14:05:00,70.6600,70.7200,70.6200,70.6694,783105
2009-03-03 14:04:00,70.5000,70.7400,70.4700,70.6700,1399875
2009-03-03 14:03:00,70.4700,70.5900,70.4600,70.5000,950769
2009-03-03 14:02:00,70.5100,70.5600,70.4200,70.4700,1089548
2009-03-03 14:01:00,70.4900,70.5000,70.3500,70.5000,1271641
2009-03-03 14:00:00,70.3900,70.5400,70.3400,70.4800,1449753
2009-03-03 13:59:00,70.5400,70.5500,70.3800,70.3900,1144751
2009-03-03 13:58:00,70.2200,70.5500,70.2200,70.5400,1187795
2009-03-03 13:57:00,70.2200,70.2600,70.1800,70.2300,393031
2009-03-03 13:56:00,70.2800,70.3500,70.1600,70.2200,1178884
2009-03-03 13:55:00,70.1700,70.3000,70.1700,70.2900,696391
2009-03-03 13:54:00,70.2400,70.2700,70.1700,70.1700,1584614
2009-03-03 13:53:00,70.0400,70.2900,70.0310,70.2400,1602277
2009-03-03 13:52:00,69.9400,70.1100,69.9400,70.0400,808848
2009-03-03 13:51:00,70.0100,70.0500,69.8900,69.9400,418218
2009-03-03 13:50:00,69.8300,70.0100,69.8100,70.0100,1205377
2009-03-03 13:49:00,69.8600,69.9200,69.8100,69.8500,781915
2009-03-03 13:48:00,69.8700,70.0700,69.8500,69.8700,1708687
2009-03-03 13:47:00,70.0200,70.0300,69.8600,69.8600,715315
2009-03-03 13:46:00,70.0400,70.1000,69.9800,70.0000,970286
2009-03-03 13:45:00,70.0800,70.0900,69.9500,70.0400,312634
2009-03-03 13:44:00,70.0200,70.0900,70.0191,70.0800,178263
2009-03-03 13:43:00,70.0800,70.0900,69.9700,70.0200,764343
2009-03-03 13:42:00,69.9400,70.1100,69.9000,70.0800,1619329
2009-03-03 13:41:00,70.0000,70.0900,69.8800,69.9400,1209083
2009-03-03 13:40:00,69.8600,70.0100,69.8600,70.0000,582705
2009-03-03 13:39:00,69.9100,69.9600,69.8300,69.8600,779502
2009-03-03 13:38:00,69.7900,69.9200,69.7900,69.9100,595595
2009-03-03 13:37:00,69.7900,69.8100,69.7600,69.8000,578607
2009-03-03 13:36:00,69.9600,69.9800,69.7700,69.7900,1526061
2009-03-03 13:35:00,70.0200,70.0300,69.9600,69.9700,341464
2009-03-03 13:34:00,69.9400,70.0500,69.9200,70.0200,894846
2009-03-03 13:33:00,70.0500,70.0500,69.9200,69.9300,924615
2009-03-03 13:32:00,70.1800,70.1800,70.0200,70.0300,960065
2009-03-03 13:31:00,70.1300,70.1800,70.0800,70.1700,713170
2009-03-03 13:30:00,70.0600,70.1600,70.0600,70.1400,750047
2009-03-03 13:29:00,70.1400,70.2300,70.0500,70.0600,652888
2009-03-03 13:28:00,70.2100,70.2500,70.1300,70.1400,362797
2009-03-03 13:27:00,70.2800,70.3100,70.2000,70.2100,377082
2009-03-03 13:26:00,70.3300,70.3400,70.2400,70.2900,609474
2009-03-03 13:25:00,70.3900,70.4200,70.2900,70.3300,808828
2009-03-03 13:24:00,70.4500,70.4900,70.3800,70.3800,444509
2009-03-03 13:23:00,70.4800,70.5100,70.4000,70.4600,853584
2009-03-03 13:22:00,70.3800,70.5100,70.3700,70.4899,918040
2009-03-03 13:21:00,70.3500,70.3800,70.3300,70.3700,418576
2009-03-03 13:20:00,70.3900,70.4200,70.3300,70.3514,1168131
2009-03-03 13:19:00,70.2500,70.4000,70.2400,70.3900,581903
2009-03-03 13:18:00,70.2300,70.3100,70.2300,70.2600,475376
2009-03-03 13:17:00,70.2400,70.2700,70.2300,70.2400,336477
2009-03-03 13:16:00,70.1700,70.2800,70.1600,70.2500,596209
2009-03-03 13:15:00,70.1300,70.2300,70.1100,70.1700,713300
2009-03-03 13:14:00,70.2600,70.2600,70.1250,70.1400,574674
2009-03-03 13:13:00,70.0906,70.2900,70.0900,70.2600,1427946
2009-03-03 13:12:00,70.0100,70.1000,70.0000,70.0910,346745
2009-03-03 13:11:00,70.0300,70.0500,69.9700,70.0100,356999
2009-03-03 13:10:00,70.0700,70.0800,69.9800,70.0400,424795
2009-03-03 13:09:00,70.0100,70.0800,70.0100,70.0800,340824
2009-03-03 13:08:00,69.9800,70.0700,69.9800,70.0100,342265
2009-03-03 13:07:00,70.1200,70.1300,69.9200,69.9900,1365647
2009-03-03 13:06:00,70.1100,70.1400,70.0900,70.1100,192823
2009-03-03 13:05:00,70.2000,70.2400,70.1100,70.1100,446170
2009-03-03 13:04:00,70.0400,70.2100,70.0400,70.2000,636453
2009-03-03 13:03:00,70.0300,70.0900,70.0300,70.0500,664164
2009-03-03 13:02:00,70.0500,70.1000,70.0200,70.0300,815468
2009-03-03 13:01:00,70.1300,70.1600,70.0500,70.0500,419270
2009-03-03 13:00:00,70.1800,70.2000,70.1200,70.1300,229843
2009-03-03 12:59:00,70.1400,70.1900,70.1200,70.1900,921831
2009-03-03 12:58:00,70.2500,70.3000,70.1200,70.1400,718447
2009-03-03 12:57:00,70.1900,70.2600,70.1800,70.2401,791661
2009-03-03 12:56:00,70.3100,70.3500,70.1700,70.1800,778771
2009-03-03 12:55:00,70.3200,70.4000,70.2800,70.3100,539754
2009-03-03 12:54:00,70.2200,70.3800,70.2100,70.3301,1009337
2009-03-03 12:53:00,70.1600,70.2300,70.1500,70.2200,1246289
2009-03-03 12:52:00,70.2900,70.3000,70.1600,70.1600,882390
2009-03-03 12:51:00,70.3300,70.3800,70.2800,70.2900,998016
2009-03-03 12:50:00,70.4600,70.4900,70.3200,70.3200,759224
2009-03-03 12:49:00,70.5601,70.5700,70.4200,70.4700,466149
2009-03-03 12:48:00,70.5200,70.6000,70.5100,70.5700,564089
2009-03-03 12:47:00,70.5100,70.5300,70.4700,70.5100,384108
2009-03-03 12:46:00,70.5100,70.5600,70.4500,70.5300,1246358
2009-03-03 12:45:00,70.4900,70.5300,70.4300,70.5000,1061920
2009-03-03 12:44:00,70.4300,70.5100,70.4100,70.4900,681501
2009-03-03 12:43:00,70.3600,70.4800,70.3400,70.4400,584845
2009-03-03 12:42:00,70.3500,70.3700,70.3300,70.3700,296129
2009-03-03 12:41:00,70.3600,70.3700,70.3100,70.3500,311524
2009-03-03 12:40:00,70.3700,70.3900,70.2800,70.3600,1341137
2009-03-03 12:39:00,70.4700,70.4800,70.3300,70.3600,870506
2009-03-03 12:38:00,70.4300,70.5000,70.4300,70.4700,244694
2009-03-03 12:37:00,70.3900,70.4700,70.3800,70.4300,442903
2009-03-03 12:36:00,70.5400,70.5600,70.3800,70.3900,760044
2009-03-03 12:35:00,70.4400,70.6200,70.4400,70.5400,898756
2009-03-03 12:34:00,70.4800,70.5000,70.4300,70.4400,419758
2009-03-03 12:33:00,70.4100,70.5300,70.3900,70.4900,619441
2009-03-03 12:32:00,70.5200,70.5300,70.3800,70.4000,1184399
2009-03-03 12:31:00,70.5000,70.5900,70.4700,70.5200,1710075
2009-03-03 12:30:00,70.6900,70.6900,70.4600,70.5000,2194007
2009-03-03 12:29:00,70.7600,70.7900,70.6700,70.6900,951571
2009-03-03 12:28:00,70.5800,70.8000,70.5800,70.7600,793525
2009-03-03 12:27:00,70.5800,70.6600,70.5400,70.5900,1244844
2009-03-03 12:26:00,70.4900,70.5900,70.4710,70.5800,935794
2009-03-03 12:25:00,70.4600,70.5000,70.4500,70.4900,623370
2009-03-03 12:24:00,70.5480,70.5500,70.4400,70.4600,789370
2009-03-03 12:23:00,70.5400,70.5700,70.5000,70.5400,730629
2009-03-03 12:22:00,70.3900,70.5600,70.3850,70.5400,1663768
2009-03-03 12:21:00,70.4200,70.4200,70.3500,70.3900,727178
2009-03-03 12:20:00,70.4400,70.4500,70.3800,70.4100,896496
2009-03-03 12:19:00,70.4400,70.4800,70.4100,70.4300,1634187
2009-03-03 12:18:00,70.3300,70.4500,70.3100,70.4500,1018068
2009-03-03 12:17:00,70.1400,70.3400,70.1400,70.3400,804116
2009-03-03 12:16:00,70.0700,70.1600,70.0400,70.1400,386450
2009-03-03 12:15:00,70.1000,70.1300,70.0600,70.0700,435386
2009-03-03 12:14:00,70.1000,70.1900,70.0900,70.1000,388027
2009-03-03 12:13:00,70.1700,70.2000,70.0800,70.0900,691445
2009-03-03 12:12:00,70.0900,70.1900,70.0900,70.1800,327141
2009-03-03 12:11:00,70.1500,70.1700,70.0800,70.0900,407133
2009-03-03 12:10:00,70.1400,70.2200,70.1400,70.1500,371891
2009-03-03 12:09:00,70.1800,70.1800,70.1100,70.1499,383269
2009-03-03 12:08:00,70.1700,70.2300,70.1600,70.1700,1551808
2009-03-03 12:07:00,70.0600,70.1800,70.0500,70.1700,599030
2009-03-03 12:06:00,70.0900,70.1200,70.0400,70.0600,790372
2009-03-03 12:05:00,70.0400,70.1400,70.0200,70.0900,984909
2009-03-03 12:04:00,69.9500,70.0400,69.9400,70.0300,447818
2009-03-03 12:03:00,69.9400,69.9600,69.8900,69.9410,373096
2009-03-03 12:02:00,70.0200,70.0400,69.8800,69.9400,1088622
2009-03-03 12:01:00,69.9100,70.0400,69.9001,70.0200,1490230
2009-03-03 12:00:00,69.7600,69.9200,69.7400,69.9200,928073
2009-03-03 11:59:00,69.7500,69.7900,69.6900,69.7600,727715
2009-03-03 11:58:00,69.7700,69.8000,69.7100,69.7500,901508
2009-03-03 11:57:00,69.6600,69.7900,69.6500,69.7800,580018
2009-03-03 11:56:00,69.6500,69.7300,69.6500,69.6600,725144
2009-03-03 11:55:00,69.7500,69.7500,69.6500,69.6500,728705
2009-03-03 11:54:00,69.7200,69.7600,69.6400,69.7500,1066290
2009-03-03 11:53:00,69.7000,69.8000,69.6900,69.7100,486615
2009-03-03 11:52:00,69.7500,69.7800,69.6800,69.7100,1752146
2009-03-03 11:51:00,69.8900,69.9300,69.7200,69.7400,1562387
2009-03-03 11:50:00,69.9000,69.9600,69.8800,69.9000,522333
2009-03-03 11:49:00,69.8700,69.9100,69.8400,69.8900,490640
2009-03-03 11:48:00,69.8600,69.9100,69.8300,69.8700,471845
2009-03-03 11:47:00,69.9100,69.9199,69.8200,69.8600,1056106
2009-03-03 11:46:00,69.8800,69.9300,69.8300,69.9104,824107
2009-03-03 11:45:00,69.9700,69.9800,69.8400,69.8800,688318
2009-03-03 11:44:00,69.9100,70.0200,69.8900,69.9700,504123
2009-03-03 11:43:00,69.8200,69.9300,69.7900,69.9200,688440
2009-03-03 11:42:00,69.8000,69.8200,69.7300,69.8100,1293188
2009-03-03 11:41:00,69.9000,69.9300,69.7900,69.8000,779231
2009-03-03 11:40:00,69.8100,69.9200,69.7990,69.9000,668566
2009-03-03 11:39:00,69.8400,69.9100,69.7700,69.7950,2134851
2009-03-03 11:38:00,69.9200,69.9200,69.8300,69.8500,806804
2009-03-03 11:37:00,70.0300,70.0900,69.9100,69.9200,658893
2009-03-03 11:36:00,69.9500,70.0500,69.9300,70.0300,608923
2009-03-03 11:35:00,69.9700,70.0300,69.9200,69.9200,658876
2009-03-03 11:34:00,70.0200,70.0400,69.9500,69.9800,850057
2009-03-03 11:33:00,70.0800,70.1000,69.9800,70.0122,627575
2009-03-03 11:32:00,70.2000,70.2000,70.0800,70.0900,788942
2009-03-03 11:31:00,70.1800,70.2000,70.1500,70.1900,462140
2009-03-03 11:30:00,70.1700,70.2100,70.1500,70.1800,919186
2009-03-03 11:29:00,70.2250,70.2300,70.1400,70.1700,1249663
2009-03-03 11:28:00,70.1300,70.2300,70.0900,70.2300,819485
2009-03-03 11:27:00,70.0400,70.1300,70.0300,70.1300,595362
2009-03-03 11:26:00,70.0500,70.0700,70.0100,70.0400,389713
2009-03-03 11:25:00,70.0900,70.1294,70.0000,70.0500,882539
2009-03-03 11:24:00,70.0400,70.1500,70.0400,70.0900,859327
2009-03-03 11:23:00,70.0800,70.1000,69.9800,70.0310,879233
2009-03-03 11:22:00,69.9400,70.1000,69.9400,70.0800,839869
2009-03-03 11:21:00,70.0400,70.0400,69.9100,69.9400,987998
2009-03-03 11:20:00,69.9300,70.0600,69.8700,70.0400,1172076
2009-03-03 11:19:00,69.9300,69.9400,69.8300,69.9300,1462470
2009-03-03 11:18:00,69.8696,69.9300,69.7600,69.9100,1711645
2009-03-03 11:17:00,70.0000,70.0500,69.8200,69.8700,1232418
2009-03-03 11:16:00,69.8700,70.0000,69.8500,69.9900,1422693
2009-03-03 11:15:00,70.0900,70.1000,69.8100,69.8600,2235347
2009-03-03 11:14:00,70.0100,70.1100,69.9400,70.0801,1951440
2009-03-03 11:13:00,70.1100,70.1300,69.9600,70.0100,3439509
2009-03-03 11:12:00,70.1400,70.1800,70.0700,70.1100,1122148
2009-03-03 11:11:00,70.1800,70.2200,70.0900,70.1500,1984505
2009-03-03 11:10:00,70.5000,70.5000,70.1800,70.1900,1466652
2009-03-03 11:09:00,70.4800,70.5200,70.4600,70.4890,919425
2009-03-03 11:08:00,70.4600,70.5300,70.4300,70.4800,1562475
2009-03-03 11:07:00,70.3400,70.4798,70.3100,70.4700,958572
2009-03-03 11:06:00,70.3500,70.3800,70.2800,70.3400,2289350
2009-03-03 11:05:00,70.3699,70.4300,70.3300,70.3600,1674098
2009-03-03 11:04:00,70.5800,70.6200,70.3500,70.3600,2088610
2009-03-03 11:03:00,70.5400,70.6400,70.5200,70.5700,1099466
2009-03-03 11:02:00,70.7100,70.7100,70.5400,70.5400,884915
2009-03-03 11:01:00,70.7500,70.8100,70.6500,70.7100,909419
2009-03-03 11:00:00,70.6600,70.7600,70.6400,70.7500,512766
2009-03-03 10:59:00,70.6900,70.7300,70.6400,70.6600,743770
2009-03-03 10:58:00,70.6000,70.7600,70.5910,70.6900,823402
2009-03-03 10:57:00,70.6700,70.6706,70.5500,70.6000,1031394
2009-03-03 10:56:00,70.6300,70.7100,70.5700,70.6700,1261506
2009-03-03 10:55:00,70.7400,70.7700,70.6000,70.6120,1356461
2009-03-03 10:54:00,70.6500,70.7700,70.6400,70.7500,1046568
2009-03-03 10:53:00,70.8100,70.8200,70.6300,70.6500,1109247
2009-03-03 10:52:00,71.0500,71.0500,70.8000,70.8100,1101498
2009-03-03 10:51:00,70.9900,71.1100,70.9600,71.0500,1118013
2009-03-03 10:50:00,70.9800,71.0500,70.9200,70.9800,742818
2009-03-03 10:49:00,71.0700,71.1400,70.9650,70.9700,806260
2009-03-03 10:48:00,71.1000,71.1100,71.0100,71.0600,480410
2009-03-03 10:47:00,71.0900,71.1500,71.0500,71.1002,791634
2009-03-03 10:46:00,71.1200,71.1900,71.0200,71.0800,1113746
2009-03-03 10:45:00,71.0800,71.2100,71.0000,71.1200,758957
2009-03-03 10:44:00,71.1600,71.1800,71.0500,71.0800,449533
2009-03-03 10:43:00,71.2600,71.2600,71.1400,71.1600,1219403
2009-03-03 10:42:00,71.2100,71.2800,71.1500,71.2500,1202925
2009-03-03 10:41:00,71.2800,71.2900,71.1800,71.2200,384797
2009-03-03 10:40:00,71.1300,71.3200,71.1200,71.2800,1202544
2009-03-03 10:39:00,71.1300,71.1700,71.0600,71.1500,775394
2009-03-03 10:38:00,71.1000,71.2100,71.0800,71.1300,1326852
2009-03-03 10:37:00,70.8900,71.1200,70.8800,71.1100,1242045
2009-03-03 10:36:00,70.8600,70.9500,70.8400,70.8806,984024
2009-03-03 10:35:00,71.0000,71.0300,70.8500,70.8600,637222
2009-03-03 10:34:00,70.9600,71.0300,70.9400,71.0000,445843
2009-03-03 10:33:00,70.9200,70.9700,70.8400,70.9600,654889
2009-03-03 10:32:00,70.8896,70.9400,70.8100,70.9400,656364
2009-03-03 10:31:00,71.0400,71.0400,70.8800,70.8800,479027
2009-03-03 10:30:00,71.0700,71.0900,70.9800,71.0300,716751
2009-03-03 10:29:00,71.1000,71.1200,71.0100,71.0700,634151
2009-03-03 10:28:00,71.0200,71.1500,71.0100,71.0900,747540
2009-03-03 10:27:00,71.0600,71.0700,70.9600,71.0300,525006
2009-03-03 10:26:00,71.1500,71.1800,71.0300,71.0600,1254306
2009-03-03 10:25:00,71.0100,71.1800,71.0000,71.1500,820062
2009-03-03 10:24:00,71.0700,71.1111,70.9700,71.0100,796824
2009-03-03 10:23:00,71.1300,71.1400,71.0000,71.0700,1100189
2009-03-03 10:22:00,71.0700,71.1800,71.0500,71.1400,1439684
2009-03-03 10:21:00,70.9200,71.0700,70.8700,71.0700,831465
2009-03-03 10:20:00,70.9000,70.9500,70.8000,70.9200,603022
2009-03-03 10:19:00,70.9200,70.9800,70.8700,70.9100,1027776
2009-03-03 10:18:00,70.8900,70.9400,70.8400,70.9200,1183730
2009-03-03 10:17:00,70.7400,70.9200,70.7400,70.8900,843887
2009-03-03 10:16:00,70.8000,70.8000,70.6800,70.7500,1483486
2009-03-03 10:15:00,70.8100,70.9200,70.7800,70.7906,957219
2009-03-03 10:14:00,70.7900,70.9400,70.7800,70.8200,1299608
2009-03-03 10:13:00,70.9100,70.9800,70.7800,70.7900,915280
2009-03-03 10:12:00,70.9400,71.0000,70.8200,70.9100,1941769
2009-03-03 10:11:00,71.0600,71.1300,70.9300,70.9300,2008549
2009-03-03 10:10:00,71.2100,71.2200,71.0500,71.0500,817249
2009-03-03 10:09:00,71.2200,71.2800,71.2000,71.2100,995497
2009-03-03 10:08:00,71.1600,71.2200,71.1400,71.2200,836845
2009-03-03 10:07:00,71.2600,71.2700,71.1600,71.1600,515581
2009-03-03 10:06:00,71.3000,71.4200,71.2500,71.2600,1141248
2009-03-03 10:05:00,71.2500,71.3500,71.1900,71.3000,1680470
2009-03-03 10:04:00,71.1600,71.3000,71.1300,71.2400,1221479
2009-03-03 10:03:00,71.0700,71.1600,71.0000,71.1600,1427312
2009-03-03 10:02:00,71.0100,71.1800,71.0100,71.0700,1992438
2009-03-03 10:01:00,70.9800,71.0500,70.9000,71.0100,2491207
2009-03-03 10:00:00,71.2000,71.2100,70.8400,70.9700,4396601
2009-03-03 09:59:00,71.2700,71.2900,71.1600,71.2000,725500
2009-03-03 09:58:00,71.2500,71.3600,71.2300,71.2700,732156
2009-03-03 09:57:00,71.3400,71.3700,71.2500,71.2600,1118275
2009-03-03 09:56:00,71.3400,71.3800,71.2400,71.3500,997668
2009-03-03 09:55:00,71.4300,71.4300,71.2800,71.3400,727457
2009-03-03 09:54:00,71.3200,71.4500,71.3100,71.4200,905813
2009-03-03 09:53:00,71.3000,71.3300,71.2600,71.3200,489434
2009-03-03 09:52:00,71.3200,71.3800,71.3000,71.3000,1046330
2009-03-03 09:51:00,71.1400,71.3400,71.1300,71.3200,926289
2009-03-03 09:50:00,71.1800,71.2006,71.1300,71.1310,806049
2009-03-03 09:49:00,71.1200,71.2100,71.1000,71.1700,1259897
2009-03-03 09:48:00,71.1200,71.1300,71.0000,71.1300,1640429
2009-03-03 09:47:00,71.2100,71.2300,71.1000,71.1100,1391770
2009-03-03 09:46:00,71.3294,71.3300,71.1700,71.2100,1172072
2009-03-03 09:45:00,71.3700,71.4000,71.2700,71.3300,1790828
2009-03-03 09:44:00,71.5599,71.5600,71.3600,71.3600,1307976
2009-03-03 09:43:00,71.4800,71.5900,71.4600,71.5500,1008402
2009-03-03 09:42:00,71.5400,71.5500,71.4300,71.4900,819752
2009-03-03 09:41:00,71.3900,71.5500,71.3300,71.5401,1582192
2009-03-03 09:40:00,71.5400,71.5400,71.3800,71.3900,882623
2009-03-03 09:39:00,71.5000,71.6100,71.4800,71.5400,1228095
2009-03-03 09:38:00,71.4400,71.5100,71.4100,71.4800,914752
2009-03-03 09:37:00,71.3400,71.4700,71.3200,71.4400,1027273
2009-03-03 09:36:00,71.3800,71.4300,71.2600,71.3500,1304260
2009-03-03 09:35:00,71.4300,71.4400,71.3300,71.3800,1211106
2009-03-03 09:34:00,71.6000,71.6000,71.4200,71.4300,1093804
2009-03-03 09:33:00,71.5300,71.6100,71.5000,71.6000,941953
2009-03-03 09:32:00,71.6000,71.6000,71.4700,71.5200,1015936
2009-03-03 09:31:00,71.6250,71.6699,71.5500,71.5950,1415933
2009-03-03 09:30:00,71.6100,71.7000,71.5600,71.6200,1602072
2009-03-03 09:29:00,71.5600,71.6500,71.5500,71.6100,482572
2009-03-03 09:28:00,71.5600,71.5900,71.5500,71.5800,74933
2009-03-03 09:27:00,71.5500,71.5600,71.5400,71.5600,27314
2009-03-03 09:26:00,71.5100,71.6000,71.5100,71.5500,142058
2009-03-03 09:25:00,71.6300,71.6300,71.5000,71.5100,248117
2009-03-03 09:24:00,71.6500,71.6900,71.6300,71.6300,122515
2009-03-03 09:23:00,71.6900,71.7100,71.6500,71.6500,147893
2009-03-03 09:22:00,71.7200,71.7300,71.6700,71.6900,43583
2009-03-03 09:21:00,71.6500,71.7800,71.6400,71.7300,216833
2009-03-03 09:20:00,71.7000,71.7100,71.6600,71.6800,109408
2009-03-03 09:19:00,71.6300,71.7100,71.6200,71.7100,32886
2009-03-03 09:18:00,71.6400,71.7000,71.6300,71.6400,46704
2009-03-03 09:17:00,71.8000,71.8300,71.5900,71.6300,375220
2009-03-03 09:16:00,71.8700,71.8800,71.8100,71.8100,283490
2009-03-03 09:15:00,71.7500,71.8700,71.7300,71.8600,103914
2009-03-03 09:14:00,71.7200,71.7600,71.7200,71.7600,16159
2009-03-03 09:13:00,71.7000,71.7200,71.6500,71.7100,29206
2009-03-03 09:12:00,71.6200,71.7100,71.6200,71.7000,51609
2009-03-03 09:11:00,71.6100,71.6400,71.6100,71.6100,19145
2009-03-03 09:10:00,71.6300,71.6300,71.5700,71.5800,39549
2009-03-03 09:09:00,71.6300,71.6400,71.6300,71.6400,20728
2009-03-03 09:08:00,71.6800,71.7500,71.6300,71.6400,82607
2009-03-03 09:07:00,71.7500,71.7600,71.6700,71.6800,29094
2009-03-03 09:06:00,71.7000,71.7600,71.7000,71.7500,51569
2009-03-03 09:05:00,71.6800,71.7000,71.6800,71.6900,13931
2009-03-03 09:04:00,71.6900,71.7000,71.6700,71.6800,58469
2009-03-03 09:03:00,71.7500,71.7500,71.6800,71.6800,169337
2009-03-03 09:02:00,71.7600,71.7700,71.7400,71.7600,58878
2009-03-03 09:01:00,71.7700,71.7800,71.7100,71.7500,41842
2009-03-03 09:00:00,71.7400,71.7600,71.7300,71.7600,19400
2009-03-03 08:59:00,71.6600,71.7700,71.6600,71.7400,95778
2009-03-03 08:58:00,71.6600,71.6600,71.6400,71.6400,7875
2009-03-03 08:57:00,71.6500,71.7000,71.6300,71.6600,31160
2009-03-03 08:56:00,71.6800,71.7000,71.6500,71.6600,29712
2009-03-03 08:55:00,71.6400,71.6800,71.6300,71.6800,37404
2009-03-03 08:54:00,71.6200,71.6600,71.6200,71.6400,84963
2009-03-03 08:53:00,71.5900,71.6600,71.5900,71.6200,41304
2009-03-03 08:52:00,71.6200,71.6300,71.5900,71.6000,17300
2009-03-03 08:51:00,71.6400,71.6600,71.6100,71.6200,25972
2009-03-03 08:50:00,71.6400,71.6600,71.6200,71.6400,48798
2009-03-03 08:49:00,71.7100,71.7300,71.6400,71.6400,46060
2009-03-03 08:48:00,71.7500,71.7500,71.7200,71.7200,21977
2009-03-03 08:47:00,71.7200,71.7700,71.7200,71.7400,18260
2009-03-03 08:46:00,71.7900,71.8050,71.7100,71.7200,490570
2009-03-03 08:45:00,71.8300,71.8300,71.7300,71.8000,519706
2009-03-03 08:44:00,71.8600,71.8600,71.8200,71.8400,25177
2009-03-03 08:43:00,71.8500,71.9000,71.8500,71.8600,56514
2009-03-03 08:42:00,71.8500,71.8600,71.8200,71.8500,28642
2009-03-03 08:41:00,71.9100,71.9200,71.8400,71.8500,20368
2009-03-03 08:40:00,71.9000,71.9200,71.8700,71.9100,70032
2009-03-03 08:39:00,71.8900,71.9300,71.8800,71.9100,40368
2009-03-03 08:38:00,71.8800,71.9000,71.8700,71.9000,85794
2009-03-03 08:37:00,71.8800,71.9100,71.8800,71.8800,69571
2009-03-03 08:36:00,71.8900,71.9000,71.8100,71.8800,67780
2009-03-03 08:35:00,71.8100,71.9000,71.8100,71.9000,77703
2009-03-03 08:34:00,71.7500,71.8200,71.7500,71.8100,24264
2009-03-03 08:33:00,71.6900,71.7600,71.6900,71.7500,26671
2009-03-03 08:32:00,71.6700,71.6900,71.6600,71.6900,113076
2009-03-03 08:31:00,71.7200,71.7200,71.6400,71.6900,21808
2009-03-03 08:30:00,71.7500,71.7700,71.7300,71.7400,68348
2009-03-03 08:29:00,71.7100,71.7400,71.7000,71.7400,25662
2009-03-03 08:28:00,71.7400,71.7500,71.7000,71.7100,9859
2009-03-03 08:27:00,71.7900,71.7900,71.7300,71.7400,11856
2009-03-03 08:26:00,71.7900,71.8400,71.7400,71.7800,521542
2009-03-03 08:25:00,71.7800,71.7900,71.7500,71.7800,25247
2009-03-03 08:24:00,71.7200,71.8200,71.7100,71.8100,109632
2009-03-03 08:23:00,71.6700,71.7300,71.6700,71.7200,20400
2009-03-03 08:22:00,71.7000,71.7400,71.6800,71.6800,43160
2009-03-03 08:21:00,71.6300,71.7600,71.6200,71.7000,271164
2009-03-03 08:20:00,71.5900,71.6400,71.5800,71.6100,24100
2009-03-03 08:19:00,71.5300,71.6000,71.5200,71.6000,117370
2009-03-03 08:18:00,71.4900,71.5300,71.4700,71.5300,83739
2009-03-03 08:17:00,71.4300,71.4900,71.4300,71.4900,24510
2009-03-03 08:16:00,71.3500,71.4500,71.3500,71.4500,27269
2009-03-03 08:15:00,71.3100,71.3900,71.3100,71.3500,5702
2009-03-03 08:14:00,71.4100,71.4300,71.3000,71.3300,39916
2009-03-03 08:13:00,71.4300,71.4400,71.4000,71.4100,37596
2009-03-03 08:12:00,71.3900,71.4400,71.3900,71.4300,35254
2009-03-03 08:11:00,71.3000,71.3800,71.2900,71.3800,9352
2009-03-03 08:10:00,71.3100,71.3500,71.3100,71.3100,4500
2009-03-03 08:09:00,71.3200,71.3600,71.3000,71.3200,15356
2009-03-03 08:08:00,71.2800,71.3600,71.2500,71.3100,44594
2009-03-03 08:07:00,71.3200,71.3500,71.3000,71.3000,23356
2009-03-03 08:06:00,71.2800,71.3200,71.2600,71.3200,14602
2009-03-03 08:05:00,71.2700,71.3200,71.2600,71.3000,15200
2009-03-03 08:04:00,71.2300,71.3000,71.2300,71.2900,26650
2009-03-03 08:03:00,71.2500,71.2500,71.2000,71.2400,45300
2009-03-03 08:02:00,71.2100,71.2700,71.2000,71.2400,16119
2009-03-03 08:01:00,71.2300,71.2500,71.2000,71.2200,24351
2009-03-03 08:00:00,72.0500,72.0500,71.2300,71.2300,971508
2009-03-03 07:59:00,71.3100,71.3300,71.2700,71.2700,27180
2009-03-03 07:58:00,71.3700,71.3700,71.2800,71.3500,9100
2009-03-03 07:57:00,71.3600,71.3600,71.3300,71.3300,1400
2009-03-03 07:56:00,71.3300,71.3800,71.3300,71.3600,6146
2009-03-03 07:55:00,71.3200,71.3800,71.3100,71.3400,15852
2009-03-03 07:54:00,71.3300,71.3800,71.3300,71.3400,2500
2009-03-03 07:53:00,71.3600,71.3700,71.3400,71.3700,110300
2009-03-03 07:52:00,71.4500,71.4500,71.3600,71.3800,64300
2009-03-03 07:51:00,71.4400,71.5200,71.4400,71.4400,61700
2009-03-03 07:50:00,71.5000,71.5800,71.5000,71.5200,41850
2009-03-03 07:49:00,71.4800,71.5000,71.4700,71.5000,20800
2009-03-03 07:48:00,71.4100,71.5000,71.4000,71.5000,109798
2009-03-03 07:47:00,71.3800,71.4100,71.3700,71.4100,52211
2009-03-03 07:46:00,71.3800,71.3800,71.3800,71.3800,500
2009-03-03 07:45:00,71.3800,71.4100,71.3800,71.4100,6600
2009-03-03 07:44:00,71.3700,71.4000,71.3700,71.4000,24500
2009-03-03 07:43:00,71.3700,71.4100,71.3700,71.4100,75100
2009-03-03 07:41:00,71.3900,71.4500,71.3900,71.4400,5100
2009-03-03 07:40:00,71.3700,71.3700,71.3400,71.3500,9000
2009-03-03 07:38:00,71.3300,71.3300,71.3300,71.3300,500
2009-03-03 07:37:00,71.3500,71.3500,71.3100,71.3100,3500
2009-03-03 07:36:00,71.3700,71.3700,71.3500,71.3500,9276
2009-03-03 07:35:00,71.3500,71.3800,71.3500,71.3600,4400
2009-03-03 07:34:00,71.3300,71.3500,71.3300,71.3500,3000
2009-03-03 07:33:00,71.3500,71.3500,71.3300,71.3300,2600
2009-03-03 07:32:00,71.3700,71.3700,71.3500,71.3500,30040
2009-03-03 07:31:00,71.4100,71.4100,71.3600,71.3900,13900
2009-03-03 07:30:00,71.4600,71.4600,71.4400,71.4400,1781
2009-03-03 07:29:00,71.5000,71.5000,71.4300,71.4300,1100
2009-03-03 07:28:00,71.5300,71.5400,71.4700,71.5000,56900
2009-03-03 07:27:00,71.5500,71.5500,71.5300,71.5300,11000
2009-03-03 07:26:00,71.6000,71.6000,71.6000,71.6000,6500
2009-03-03 07:25:00,71.6300,71.6300,71.6300,71.6300,2200
2009-03-03 07:24:00,71.5600,71.6000,71.5400,71.6000,117320
2009-03-03 07:23:00,71.4100,71.6000,71.4000,71.5600,634890
2009-03-03 07:22:00,71.4000,71.4000,71.3900,71.3900,600
2009-03-03 07:21:00,71.4000,71.4000,71.3900,71.4000,10100
2009-03-03 07:19:00,71.4700,71.4900,71.4400,71.4900,24500
2009-03-03 07:18:00,71.5200,71.5200,71.5100,71.5100,1100
2009-03-03 07:17:00,71.5000,71.5600,71.5000,71.5200,16600
2009-03-03 07:16:00,71.4000,71.5000,71.3900,71.5000,23500
2009-03-03 07:15:00,71.4000,71.4200,71.4000,71.4200,1100
2009-03-03 07:14:00,71.3900,71.3900,71.3900,71.3900,6100
2009-03-03 07:13:00,71.3600,71.3700,71.3600,71.3700,1500
2009-03-03 07:12:00,71.3500,71.3500,71.3500,71.3500,100
2009-03-03 07:11:00,71.3200,71.3800,71.3200,71.3800,100500
2009-03-03 07:10:00,71.3100,71.3700,71.3100,71.3600,17600
2009-03-03 07:09:00,71.2800,71.2900,71.2800,71.2900,5600
2009-03-03 07:08:00,71.2400,71.2700,71.2400,71.2700,6200
2009-03-03 07:07:00,71.2300,71.2500,71.2200,71.2500,2200
2009-03-03 07:06:00,71.2400,71.2400,71.2300,71.2300,15000
2009-03-03 07:05:00,71.3300,71.3300,71.2500,71.2500,3800
2009-03-03 07:04:00,71.3000,71.3300,71.3000,71.3300,1100
2009-03-03 07:03:00,71.2700,71.3000,71.2200,71.2200,13700
2009-03-03 07:02:00,71.2300,71.3000,71.2300,71.3000,13922
2009-03-03 07:01:00,71.1600,71.2600,71.1500,71.2600,6150
2009-03-03 07:00:00,71.1000,71.1800,71.1000,71.1800,106100
2009-03-03 06:59:00,71.0200,71.0500,71.0200,71.0500,900
2009-03-03 06:56:00,71.0000,71.0200,71.0000,71.0200,300
2009-03-03 06:54:00,70.9900,71.0000,70.9900,71.0000,1200
2009-03-03 06:53:00,70.9800,70.9900,70.9800,70.9900,300
2009-03-03 06:52:00,70.9700,70.9700,70.9700,70.9700,200
2009-03-03 06:51:00,70.9500,70.9600,70.9500,70.9600,1000
2009-03-03 06:50:00,70.9500,70.9700,70.9500,70.9700,1500
2009-03-03 06:47:00,70.9800,70.9800,70.9200,70.9200,3200
2009-03-03 06:45:00,71.1000,71.1000,71.0500,71.0500,15000
2009-03-03 06:41:00,71.1500,71.1500,71.1500,71.1500,100
2009-03-03 06:40:00,71.0700,71.1400,71.0700,71.1400,2100
2009-03-03 06:39:00,71.1000,71.1000,71.0500,71.0700,3900
2009-03-03 06:38:00,71.1500,71.1500,71.1500,71.1500,1500
2009-03-03 06:37:00,70.9800,71.1000,70.9800,71.0500,4862
2009-03-03 06:35:00,71.0300,71.0300,71.0300,71.0300,100
2009-03-03 06:33:00,70.8900,70.8900,70.8900,70.8900,300
2009-03-03 06:32:00,70.9400,70.9800,70.9400,70.9800,300
2009-03-03 06:31:00,71.1100,71.1100,71.0200,71.0200,4000
2009-03-03 06:30:00,71.1900,71.1900,71.1000,71.1000,300
2009-03-03 06:29:00,71.2000,71.2000,71.2000,71.2000,1500
2009-03-03 06:25:00,71.3300,71.3300,71.3300,71.3300,500
2009-03-03 06:20:00,71.2500,71.2500,71.2500,71.2500,1500
2009-03-03 06:14:00,71.3200,71.3200,71.3200,71.3200,1500
2009-03-03 06:11:00,71.4000,71.4000,71.3800,71.3800,3800
2009-03-03 05:58:00,71.3500,71.3500,71.3500,71.3500,5000
2009-03-03 05:57:00,71.3600,71.3600,71.3600,71.3600,4500
2009-03-03 05:56:00,71.3300,71.3300,71.3300,71.3300,500
2009-03-03 05:55:00,71.3300,71.3300,71.3300,71.3300,5000
2009-03-03 05:43:00,71.2400,71.2400,71.2400,71.2400,100
2009-03-03 05:40:00,71.2000,71.2000,71.2000,71.2000,200
2009-03-03 05:39:00,71.1900,71.1900,71.1900,71.1900,100
2009-03-03 05:36:00,71.1700,71.1700,71.1700,71.1700,300
2009-03-03 05:33:00,71.1400,71.1400,71.1400,71.1400,300
2009-03-03 05:21:00,71.2700,71.2700,71.2700,71.2700,500
2009-03-03 05:16:00,71.2700,71.2700,71.2700,71.2700,480
2009-03-03 05:05:00,71.2400,71.2400,71.2000,71.2000,632
2009-03-03 05:04:00,71.2100,71.2100,71.2100,71.2100,100
2009-03-03 05:02:00,71.3300,71.3300,71.3100,71.3100,1200
2009-03-03 05:01:00,71.3100,71.3100,71.3100,71.3100,1000
2009-03-03 04:59:00,71.2800,71.2800,71.2800,71.2800,100
2009-03-03 04:39:00,71.4800,71.4800,71.4800,71.4800,1000
2009-03-03 04:37:00,71.5100,71.5100,71.5100,71.5100,300
2009-03-03 04:36:00,71.5100,71.5100,71.5100,71.5100,300
2009-03-03 04:34:00,71.6200,71.6200,71.6200,71.6200,100
2009-03-03 04:33:00,71.6200,71.6200,71.6200,71.6200,100
2009-03-03 04:26:00,71.8000,71.8000,71.8000,71.8000,100
2009-03-03 04:21:00,71.8700,71.8700,71.8700,71.8700,1500
2009-03-03 04:15:00,71.8700,71.9300,71.8700,71.9300,1300
2009-03-02 19:59:00,71.2100,71.2500,71.2000,71.2300,7200
2009-03-02 19:58:00,71.2100,71.2100,71.2000,71.2100,1300
2009-03-02 19:57:00,71.2000,71.2000,71.2000,71.2000,1000
2009-03-02 19:56:00,71.2000,71.2200,71.2000,71.2200,3615
2009-03-02 19:55:00,71.2100,71.2100,71.2000,71.2000,444
2009-03-02 19:54:00,71.2000,71.2000,71.2000,71.2000,100
2009-03-02 19:53:00,71.2000,71.2000,71.2000,71.2000,600
2009-03-02 19:52:00,71.2300,71.2400,71.2300,71.2400,2000
2009-03-02 19:51:00,71.2000,71.2100,71.2000,71.2100,2100
2009-03-02 19:50:00,71.2100,71.2100,71.2000,71.2100,1700
2009-03-02 19:48:00,71.2000,71.2200,71.2000,71.2200,1500
2009-03-02 19:47:00,71.2000,71.2000,71.2000,71.2000,200
2009-03-02 19:46:00,71.2000,71.2000,71.1900,71.1900,1900
2009-03-02 19:45:00,71.2000,71.2000,71.2000,71.2000,100
2009-03-02 19:43:00,71.2000,71.2000,71.2000,71.2000,500
2009-03-02 19:42:00,71.2400,71.2400,71.2400,71.2400,100
2009-03-02 19:37:00,71.2400,71.2400,71.2400,71.2400,100
2009-03-02 19:36:00,71.2500,71.2500,71.2500,71.2500,200
2009-03-02 19:35:00,71.2500,71.2500,71.2500,71.2500,2700
2009-03-02 19:33:00,71.2300,71.2300,71.1900,71.1900,500
2009-03-02 19:32:00,71.2500,71.2500,71.2500,71.2500,400
2009-03-02 19:31:00,71.2200,71.2200,71.2200,71.2200,100
2009-03-02 19:30:00,71.2600,71.2700,71.2600,71.2700,200
2009-03-02 19:29:00,71.2400,71.2400,71.2000,71.2000,8033
2009-03-02 19:28:00,71.2500,71.2500,71.2500,71.2500,4000
2009-03-02 19:27:00,71.2500,71.3000,71.2500,71.3000,2045
2009-03-02 19:26:00,71.2600,71.2600,71.2500,71.2500,200
2009-03-02 19:25:00,71.2800,71.2800,71.2600,71.2600,900
2009-03-02 19:24:00,71.2500,71.2500,71.2500,71.2500,500
2009-03-02 19:23:00,71.2500,71.2700,71.2500,71.2700,1000
2009-03-02 19:21:00,71.2500,71.2700,71.2500,71.2700,2600
2009-03-02 19:19:00,71.2800,71.2800,71.2700,71.2700,200
2009-03-02 19:18:00,71.2600,71.2600,71.2500,71.2600,2890
2009-03-02 19:17:00,71.2500,71.2600,71.2500,71.2600,500
2009-03-02 19:16:00,71.3200,71.3400,71.3000,71.3000,10600
2009-03-02 19:15:00,71.3000,71.3000,71.2700,71.3000,500
2009-03-02 19:14:00,71.2700,71.3000,71.2700,71.3000,4500
2009-03-02 19:13:00,71.2500,71.2700,71.2500,71.2700,1630
2009-03-02 19:12:00,71.2000,71.2400,71.1800,71.2400,13158
2009-03-02 19:11:00,71.2000,71.2000,71.2000,71.2000,100
2009-03-02 19:10:00,71.2200,71.2200,71.1800,71.1800,400
2009-03-02 19:09:00,71.1800,71.2000,71.1800,71.2000,700
2009-03-02 19:08:00,71.2300,71.2300,71.2300,71.2300,4959
2009-03-02 19:07:00,71.2000,71.2300,71.2000,71.2300,3300
2009-03-02 19:06:00,71.1700,71.1700,71.1700,71.1700,100
2009-03-02 19:05:00,71.1500,71.2100,71.1500,71.2100,12500
2009-03-02 19:04:00,71.1000,71.1300,71.1000,71.1300,1272
2009-03-02 19:02:00,71.1000,71.1000,71.1000,71.1000,500
2009-03-02 18:59:00,71.1000,71.1000,71.1000,71.1000,800
2009-03-02 18:56:00,71.1500,71.1500,71.1500,71.1500,800
2009-03-02 18:51:00,71.0600,71.0800,71.0600,71.0800,800
2009-03-02 18:49:00,71.0600,71.0600,71.0600,71.0600,2728
2009-03-02 18:48:00,71.0600,71.0600,71.0600,71.0600,500
2009-03-02 18:47:00,71.0800,71.0800,71.0800,71.0800,100
2009-03-02 18:44:00,71.1200,71.1300,71.1000,71.1000,3000
2009-03-02 18:43:00,71.1100,71.1100,71.0700,71.0700,1440
2009-03-02 18:42:00,71.1100,71.1100,71.1100,71.1100,200
2009-03-02 18:41:00,71.1100,71.1100,71.1100,71.1100,200
2009-03-02 18:38:00,71.0700,71.1000,71.0700,71.1000,2300
2009-03-02 18:36:00,71.0700,71.0700,71.0700,71.0700,150
2009-03-02 18:31:00,71.0700,71.1000,71.0700,71.0900,8100
2009-03-02 18:30:00,71.0500,71.0800,71.0500,71.0800,345
2009-03-02 18:29:00,71.1000,71.1000,71.0500,71.0500,6800
2009-03-02 18:28:00,71.0500,71.0800,71.0400,71.0800,7350
2009-03-02 18:27:00,71.0300,71.0300,71.0300,71.0300,100
2009-03-02 18:26:00,71.0400,71.0400,71.0300,71.0300,300
2009-03-02 18:24:00,71.0400,71.0400,71.0300,71.0300,350
2009-03-02 18:23:00,71.0300,71.0400,71.0300,71.0400,30100
2009-03-02 18:22:00,71.0300,71.0400,71.0300,71.0400,1002
2009-03-02 18:21:00,71.0400,71.0400,71.0400,71.0400,300
2009-03-02 18:20:00,71.0400,71.0400,71.0400,71.0400,200
2009-03-02 18:18:00,71.0600,71.0700,71.0400,71.0700,2700
2009-03-02 18:16:00,71.0400,71.0600,71.0300,71.0600,2600
2009-03-02 18:15:00,71.0600,71.0600,71.0400,71.0400,520
2009-03-02 18:14:00,71.0300,71.0700,71.0300,71.0700,700
2009-03-02 18:13:00,71.0500,71.0500,71.0500,71.0500,200
2009-03-02 18:12:00,71.0300,71.0500,71.0300,71.0500,600
2009-03-02 18:11:00,71.0300,71.0300,70.9300,71.0100,11628
2009-03-02 18:10:00,71.0400,71.0400,71.0300,71.0300,1000
2009-03-02 18:09:00,71.0300,71.0300,71.0300,71.0300,300
2009-03-02 18:08:00,71.0200,71.0500,71.0200,71.0500,9100
2009-03-02 18:07:00,70.9700,70.9700,70.9700,70.9700,200
2009-03-02 18:06:00,70.9900,70.9900,70.9900,70.9900,100
2009-03-02 18:04:00,70.9500,70.9500,70.9500,70.9500,800
2009-03-02 18:03:00,71.0000,71.0200,71.0000,71.0200,3600
2009-03-02 18:02:00,70.9800,70.9800,70.9700,70.9700,5000
2009-03-02 18:01:00,71.0000,71.0000,71.0000,71.0000,100
2009-03-02 18:00:00,70.9700,71.0000,70.9700,71.0000,13568
2009-03-02 17:59:00,70.9600,70.9600,70.9600,70.9600,4800
2009-03-02 17:58:00,70.9600,70.9600,70.9600,70.9600,100
2009-03-02 17:57:00,70.9500,70.9600,70.9500,70.9600,6081
2009-03-02 17:56:00,70.9500,70.9500,70.9500,70.9500,1000
2009-03-02 17:55:00,70.9600,70.9600,70.9500,70.9500,1641
2009-03-02 17:54:00,70.9600,70.9600,70.9500,70.9600,14626
2009-03-02 17:53:00,70.9600,70.9600,70.9600,70.9600,5017
2009-03-02 17:51:00,70.9800,70.9800,70.9600,70.9600,200
2009-03-02 17:50:00,70.9800,70.9800,70.9800,70.9800,350
2009-03-02 17:49:00,73.9300,73.9300,73.9300,73.9300,17795
2009-03-02 17:48:00,70.9600,70.9700,70.9600,70.9600,2400
2009-03-02 17:47:00,70.9700,70.9700,70.9700,70.9700,200
2009-03-02 17:46:00,70.9600,70.9600,70.9600,70.9600,245
2009-03-02 17:45:00,70.9900,70.9900,70.9900,70.9900,224
2009-03-02 17:43:00,70.9900,70.9900,70.9900,70.9900,150
2009-03-02 17:42:00,70.9900,70.9900,70.9900,70.9900,100
2009-03-02 17:41:00,70.9800,70.9800,70.9800,70.9800,100
2009-03-02 17:39:00,70.9700,70.9700,70.9700,70.9700,445
2009-03-02 17:37:00,70.9900,71.0000,70.9800,70.9800,1200
2009-03-02 17:36:00,70.9900,70.9900,70.9900,70.9900,100
2009-03-02 17:35:00,71.0000,71.0000,71.0000,71.0000,750
2009-03-02 17:34:00,70.9900,70.9900,70.9900,70.9900,100
2009-03-02 17:33:00,71.0300,71.0300,71.0300,71.0300,500
2009-03-02 17:31:00,71.0100,71.0100,71.0100,71.0100,100
2009-03-02 17:29:00,70.9900,71.0100,70.9900,71.0100,1347
2009-03-02 17:28:00,70.9800,70.9900,70.9600,70.9900,11432
2009-03-02 17:27:00,70.9900,71.0100,70.9800,70.9800,8394
2009-03-02 17:26:00,71.0100,71.0300,71.0100,71.0300,5555
2009-03-02 17:25:00,71.0000,71.0000,71.0000,71.0000,2135
2009-03-02 17:24:00,71.0100,71.0100,71.0000,71.0100,6490
2009-03-02 17:23:00,71.0100,71.0100,71.0000,71.0000,13032
2009-03-02 17:22:00,71.0100,71.0100,71.0000,71.0000,7200
2009-03-02 17:21:00,71.0400,71.0500,71.0000,71.0000,5065
2009-03-02 17:19:00,71.0400,71.0400,71.0100,71.0100,469
2009-03-02 17:18:00,70.9900,71.0300,70.9900,71.0300,2100
2009-03-02 17:17:00,71.0000,71.0000,71.0000,71.0000,771
2009-03-02 17:16:00,71.0000,71.0300,71.0000,71.0000,4078
2009-03-02 17:15:00,70.9900,71.0200,70.9900,71.0200,769
2009-03-02 17:14:00,71.0000,71.0000,70.9800,70.9800,647
2009-03-02 17:13:00,71.0200,71.0300,71.0200,71.0300,1100
2009-03-02 17:12:00,71.0300,71.0300,71.0300,71.0300,365
2009-03-02 17:11:00,71.0400,71.0400,71.0400,71.0400,440
2009-03-02 17:10:00,71.0500,71.0600,71.0400,71.0400,182592
2009-03-02 17:09:00,71.0800,71.0800,71.0600,71.0600,20435
2009-03-02 17:08:00,71.0400,71.0700,71.0400,71.0700,8856
2009-03-02 17:07:00,71.0300,71.0400,71.0300,71.0400,518
2009-03-02 17:06:00,71.0600,71.0600,71.0100,71.0300,27743
2009-03-02 17:05:00,71.0600,71.0600,71.0600,71.0600,1642
2009-03-02 17:04:00,71.0700,71.0700,71.0600,71.0600,2700
2009-03-02 17:03:00,71.0400,71.0700,71.0400,71.0600,42876
2009-03-02 17:02:00,71.0100,71.0400,70.9900,71.0400,49225
2009-03-02 17:01:00,71.0100,71.0100,71.0000,71.0100,17607
2009-03-02 17:00:00,71.0200,71.0200,71.0100,71.0100,5100
2009-03-02 16:59:00,71.0000,71.0300,71.0000,71.0100,1506
2009-03-02 16:58:00,71.0300,71.0400,71.0300,71.0400,19000
2009-03-02 16:57:00,71.0100,71.0300,70.9800,71.0300,8137
2009-03-02 16:56:00,71.0400,71.0500,71.0000,71.0300,5728
2009-03-02 16:55:00,71.0300,73.9169,71.0300,71.0300,2002928
2009-03-02 16:53:00,71.0200,71.0200,71.0100,71.0200,18358
2009-03-02 16:52:00,71.0100,71.0200,71.0100,71.0100,9418
2009-03-02 16:51:00,71.0100,71.0200,71.0000,71.0200,21200
2009-03-02 16:50:00,71.0000,71.0500,71.0000,71.0500,11800
2009-03-02 16:49:00,70.9500,71.0000,70.9500,71.0000,4400
2009-03-02 16:48:00,70.9700,70.9900,70.9700,70.9900,4100
2009-03-02 16:47:00,70.9300,70.9800,70.9300,70.9800,8913
2009-03-02 16:45:00,70.9400,70.9500,70.8600,70.8600,74154
2009-03-02 16:43:00,70.9600,70.9600,70.9400,70.9400,3141
2009-03-02 16:42:00,70.9300,70.9600,70.9300,70.9600,21100
2009-03-02 16:41:00,70.9300,70.9300,70.9300,70.9300,1000
2009-03-02 16:40:00,70.9200,70.9200,70.9200,70.9200,1250
2009-03-02 16:39:00,70.9400,70.9400,70.9000,70.9000,25160
2009-03-02 16:38:00,70.9400,70.9600,70.9200,70.9500,25610
2009-03-02 16:37:00,70.9400,70.9500,70.9400,70.9400,1100
2009-03-02 16:36:00,70.9500,70.9500,70.9500,70.9500,250
2009-03-02 16:35:00,70.9500,70.9600,70.9100,70.9300,20661
2009-03-02 16:34:00,70.8600,70.9500,70.8600,70.9500,1903
2009-03-02 16:33:00,70.9700,70.9700,70.8700,70.8700,119802
2009-03-02 16:32:00,70.9600,70.9700,70.9300,70.9700,28917
2009-03-02 16:31:00,71.0300,71.0600,70.9500,70.9500,110284
2009-03-02 16:30:00,71.0000,71.0500,71.0000,71.0400,30370
2009-03-02 16:29:00,70.9800,71.2998,70.9500,70.9700,4603
2009-03-02 16:28:00,70.9700,70.9800,70.9600,70.9700,7369
2009-03-02 16:27:00,70.8261,70.9800,70.8261,70.9800,46834
2009-03-02 16:26:00,70.9800,70.9800,70.9500,70.9700,5800
2009-03-02 16:25:00,70.9400,70.9600,70.9400,70.9600,17788
2009-03-02 16:24:00,70.9400,70.9600,70.9300,70.9400,10600
2009-03-02 16:23:00,70.9700,73.9169,70.9300,70.9400,529431
2009-03-02 16:22:00,71.0000,71.0000,70.9600,70.9600,18935
2009-03-02 16:21:00,70.9700,71.0000,70.4910,70.9800,3300609
2009-03-02 16:20:00,70.9700,70.9800,70.9600,70.9800,5964
2009-03-02 16:19:00,70.9200,70.9800,70.9200,70.9800,14375
2009-03-02 16:18:00,70.9500,70.9700,70.9300,70.9300,46746
2009-03-02 16:17:00,70.9700,70.9700,70.9300,70.9400,46104
2009-03-02 16:16:00,71.0100,71.0500,70.9500,70.9500,135323
2009-03-02 16:15:00,71.0300,71.0500,71.0000,71.0100,22889
2009-03-02 16:14:00,70.9700,71.0700,70.9600,71.0200,331197
2009-03-02 16:13:00,70.9200,70.9800,70.8900,70.9700,248196
2009-03-02 16:12:00,70.9200,71.4720,70.8800,70.9000,242305
2009-03-02 16:11:00,70.7600,71.0800,70.7000,70.9200,786261
2009-03-02 16:10:00,70.6100,71.0000,70.6000,70.7600,1154042
2009-03-02 16:09:00,70.5800,70.6200,70.4900,70.6100,475239
2009-03-02 16:08:00,70.5100,71.4618,70.5000,70.5800,136072
2009-03-02 16:07:00,70.4900,70.5100,70.4500,70.5100,75709
2009-03-02 16:06:00,70.4900,70.6305,70.4600,70.4900,427711
2009-03-02 16:05:00,70.5600,71.2500,70.4500,70.4900,474162
2009-03-02 16:04:00,70.5300,70.5600,70.5200,70.5500,201491
2009-03-02 16:03:00,70.5600,70.6605,70.5000,70.5300,538548
2009-03-02 16:02:00,70.5800,70.5900,70.5500,70.5700,496202
2009-03-02 16:01:00,70.7300,70.7400,70.5700,70.5700,952258
2009-03-02 16:00:00,70.5800,71.2000,70.5700,70.7200,11752724
2009-03-02 15:59:00,70.6094,70.6200,70.5500,70.5800,6203812
2009-03-02 15:58:00,70.6300,70.6500,70.5500,70.6000,2053352
2009-03-02 15:57:00,70.6500,70.6900,70.6200,70.6300,2355079
2009-03-02 15:56:00,70.5600,70.6900,70.5100,70.6500,2184910
2009-03-02 15:55:00,70.5194,70.6500,70.5000,70.5600,2459388
2009-03-02 15:54:00,70.5800,70.5900,70.4700,70.5200,1266964
2009-03-02 15:53:00,70.6700,70.7000,70.5700,70.5700,1516464
2009-03-02 15:52:00,70.4700,71.7500,70.4600,70.6700,2456733
2009-03-02 15:51:00,70.5500,70.5600,70.4400,70.4700,1758358
2009-03-02 15:50:00,70.4700,70.5500,70.3800,70.5400,2689759
2009-03-02 15:49:00,70.5400,70.5500,70.4200,70.4700,2185879
2009-03-02 15:48:00,70.4900,70.5600,70.4300,70.5499,1856833
2009-03-02 15:47:00,70.5900,70.6400,70.4800,70.4900,1379980
2009-03-02 15:46:00,70.7100,70.7400,70.5600,70.5990,1664504
2009-03-02 15:45:00,70.6200,70.8400,70.6100,70.7100,3347065
2009-03-02 15:44:00,70.3950,70.6400,70.3700,70.6200,2403019
2009-03-02 15:43:00,70.5200,70.6000,70.3800,70.3900,2479548
2009-03-02 15:42:00,70.5400,70.6200,70.5100,70.5200,1120860
2009-03-02 15:41:00,70.6500,70.6700,70.5300,70.5500,1398144
2009-03-02 15:40:00,70.7200,70.7500,70.6400,70.6500,1725364
2009-03-02 15:39:00,70.7600,70.7700,70.6400,70.7200,903103
2009-03-02 15:38:00,70.7800,70.8100,70.7300,70.7690,916081
2009-03-02 15:37:00,70.8400,70.8400,70.7400,70.7800,1411884
2009-03-02 15:36:00,70.9301,70.9301,70.8300,70.8400,1818398
2009-03-02 15:35:00,71.0500,71.0700,70.9300,70.9300,857854
2009-03-02 15:34:00,71.0000,71.1400,70.9800,71.0500,1259322
2009-03-02 15:33:00,71.1700,71.1900,70.9200,71.0000,1704588
2009-03-02 15:32:00,70.9999,71.1900,70.9500,71.1700,1445483
2009-03-02 15:31:00,70.9600,71.1000,70.9300,70.9900,1135035
2009-03-02 15:30:00,70.9200,71.1100,70.9100,70.9600,2256248
2009-03-02 15:29:00,70.7900,70.9200,70.7500,70.9110,800769
2009-03-02 15:28:00,70.8300,70.9900,70.7800,70.7800,2168400
2009-03-02 15:27:00,70.6301,70.8300,70.5800,70.8200,1137465
2009-03-02 15:26:00,70.6200,70.7100,70.6200,70.6400,905426
2009-03-02 15:25:00,70.6500,70.6700,70.5800,70.6200,1391039
2009-03-02 15:24:00,70.8000,70.9000,70.6500,70.6578,2246676
2009-03-02 15:23:00,70.7100,70.8200,70.6500,70.7900,890245
2009-03-02 15:22:00,70.7400,70.7500,70.6800,70.7099,814000
2009-03-02 15:21:00,70.7100,70.7400,70.6200,70.7400,1177589
2009-03-02 15:20:00,70.6200,70.7500,70.6000,70.7100,1455155
2009-03-02 15:19:00,70.7900,70.8000,70.5900,70.6200,1935252
2009-03-02 15:18:00,70.8100,70.8600,70.7800,70.8000,711126
2009-03-02 15:17:00,70.8100,70.8500,70.8000,70.8000,588075
2009-03-02 15:16:00,70.8500,70.8800,70.8000,70.8000,470149
2009-03-02 15:15:00,70.9100,70.9400,70.8300,70.8400,706517
2009-03-02 15:14:00,70.8500,70.9300,70.8000,70.9100,656804
2009-03-02 15:13:00,70.9700,70.9800,70.8100,70.8400,766522
2009-03-02 15:12:00,71.0000,71.0700,70.9400,70.9700,982088
2009-03-02 15:11:00,71.0000,71.0300,71.0000,71.0000,1343908
2009-03-02 15:10:00,70.8500,70.8900,70.8100,70.8700,467780
2009-03-02 15:09:00,70.8400,70.8600,70.7800,70.8600,664902
2009-03-02 15:08:00,70.8100,70.8800,70.8100,70.8400,841723
2009-03-02 15:07:00,70.8100,70.8500,70.7500,70.8100,922268
2009-03-02 15:06:00,70.8594,70.9700,70.7600,70.8100,1855279
2009-03-02 15:05:00,70.9200,70.9200,70.7900,70.8500,909711
2009-03-02 15:04:00,70.9200,70.9400,70.8300,70.9199,964930
2009-03-02 15:03:00,70.9400,70.9400,70.8901,70.9200,887853
2009-03-02 15:02:00,70.9100,70.9600,70.8100,70.9500,2148624
2009-03-02 15:01:00,71.0600,71.0600,70.9000,70.9200,1969698
2009-03-02 15:00:00,71.1200,71.1800,71.0500,71.0500,622415
2009-03-02 14:59:00,71.2100,71.2800,71.1100,71.1114,715882
2009-03-02 14:58:00,71.2400,71.2500,71.1400,71.2100,231873
2009-03-02 14:57:00,71.2400,71.2800,71.1500,71.2400,650588
2009-03-02 14:56:00,71.1100,71.2500,71.1015,71.2405,619635
2009-03-02 14:55:00,71.2000,71.2200,71.0600,71.1100,1266352
2009-03-02 14:54:00,71.3300,71.3400,71.1300,71.2000,1131540
2009-03-02 14:53:00,71.3400,71.3500,71.2400,71.3200,959617
2009-03-02 14:52:00,71.4000,71.4400,71.3300,71.3500,440988
2009-03-02 14:51:00,71.5000,71.5200,71.3900,71.4000,371128
2009-03-02 14:50:00,71.3100,71.5200,71.3000,71.5000,837212
2009-03-02 14:49:00,71.4600,71.4700,71.3100,71.3100,602134
2009-03-02 14:48:00,71.3300,71.4900,71.3300,71.4600,643081
2009-03-02 14:47:00,71.4100,71.4800,71.3000,71.3399,1245677
2009-03-02 14:46:00,71.3500,71.4700,71.3400,71.4100,529713
2009-03-02 14:45:00,71.5701,71.5701,71.3400,71.3500,2119683
2009-03-02 14:44:00,71.5000,71.6200,71.5000,71.5800,355300
2009-03-02 14:43:00,71.6900,71.6900,71.4800,71.5066,1027828
2009-03-02 14:42:00,71.7400,71.7400,71.5500,71.6900,913280
2009-03-02 14:41:00,71.5100,71.7400,71.5100,71.7300,1489803
2009-03-02 14:40:00,71.5100,71.5200,71.4100,71.5200,1186098
2009-03-02 14:39:00,71.6050,71.6200,71.5000,71.5100,864077
2009-03-02 14:38:00,71.5701,71.6100,71.5500,71.6100,928416
2009-03-02 14:37:00,71.6800,71.6900,71.5700,71.5800,813921
2009-03-02 14:36:00,71.6799,71.7400,71.6600,71.6800,2527779
2009-03-02 14:35:00,71.5000,71.6800,71.5000,71.6800,1716242
2009-03-02 14:34:00,71.3000,71.5800,71.2900,71.5100,1892390
2009-03-02 14:33:00,71.2600,71.3000,71.2300,71.2900,1321751
2009-03-02 14:32:00,71.1400,71.2900,71.0100,71.2600,856434
2009-03-02 14:31:00,71.0300,71.1400,71.0200,71.1400,481308
2009-03-02 14:30:00,71.1425,71.1500,71.0100,71.0300,837592
2009-03-02 14:29:00,71.0800,71.1500,71.0500,71.1500,383236
2009-03-02 14:28:00,71.0500,71.0900,71.0300,71.0800,648666
2009-03-02 14:27:00,71.1900,71.2000,71.0300,71.0400,956069
2009-03-02 14:26:00,71.2000,71.2100,71.1600,71.1800,434148
2009-03-02 14:25:00,71.2200,71.2600,71.2000,71.2100,447816
2009-03-02 14:24:00,71.2100,71.2400,71.1900,71.2200,345496
2009-03-02 14:23:00,71.1400,71.2200,71.1300,71.2026,416336
2009-03-02 14:22:00,71.2600,71.2600,71.1300,71.1300,684619
2009-03-02 14:21:00,71.2110,71.3100,71.1900,71.2600,1074230
2009-03-02 14:20:00,71.2800,71.3300,71.1800,71.2100,511260
2009-03-02 14:19:00,71.3300,71.3800,71.2700,71.3100,809428
2009-03-02 14:18:00,71.4600,71.4700,71.3300,71.3300,349913
2009-03-02 14:17:00,71.5400,71.5500,71.4400,71.4600,499065
2009-03-02 14:16:00,71.4100,71.5600,71.4000,71.5410,1443320
2009-03-02 14:15:00,71.3000,71.4200,71.2900,71.4100,397007
2009-03-02 14:14:00,71.3000,71.3300,71.2700,71.3100,352610
2009-03-02 14:13:00,71.3300,71.3700,71.2800,71.3000,673909
2009-03-02 14:12:00,71.3500,71.3600,71.3200,71.3300,241103
2009-03-02 14:11:00,71.2900,71.3600,71.2805,71.3500,389695
2009-03-02 14:10:00,71.2600,71.3000,71.2405,71.2900,405955
2009-03-02 14:09:00,71.1900,71.2500,71.1700,71.2500,563546
2009-03-02 14:08:00,71.2900,71.3000,71.1900,71.2000,831100
2009-03-02 14:07:00,71.3000,71.3300,71.2400,71.2800,919165
2009-03-02 14:06:00,71.4100,71.4200,71.2900,71.2900,918982
2009-03-02 14:05:00,71.3706,71.4400,71.3600,71.4100,718268
2009-03-02 14:04:00,71.3300,71.4200,71.3200,71.3700,414598
2009-03-02 14:03:00,71.2500,71.3400,71.2400,71.3300,414766
2009-03-02 14:02:00,71.3900,71.4000,71.2400,71.2500,686459
2009-03-02 14:01:00,71.3300,71.3900,71.3100,71.3800,419627
2009-03-02 14:00:00,71.4300,71.4300,71.2800,71.3400,896606
2009-03-02 13:59:00,71.3800,71.4400,71.3600,71.4300,1050700
2009-03-02 13:58:00,71.3600,71.3900,71.3000,71.3800,863347
2009-03-02 13:57:00,71.2700,71.3800,71.2600,71.3600,693588
2009-03-02 13:56:00,71.2600,71.3000,71.2400,71.2700,326893
2009-03-02 13:55:00,71.3100,71.3300,71.2600,71.2600,567726
2009-03-02 13:54:00,71.1600,71.3200,71.1500,71.3100,825272
2009-03-02 13:53:00,71.0900,71.1700,71.0600,71.1600,719711
2009-03-02 13:52:00,71.1300,71.1500,70.9000,71.0900,464578
2009-03-02 13:51:00,71.0700,71.1400,71.0600,71.1300,348959
2009-03-02 13:50:00,71.1400,71.1700,71.0600,71.0700,810403
2009-03-02 13:49:00,71.0500,71.1500,71.0300,71.1400,1006562
2009-03-02 13:48:00,70.9000,71.0700,70.9000,71.0500,749077
2009-03-02 13:47:00,70.8700,70.9200,70.8500,70.8994,306689
2009-03-02 13:46:00,70.9000,70.9000,70.8300,70.8794,378014
2009-03-02 13:45:00,70.8800,70.9000,70.8200,70.8900,300233
2009-03-02 13:44:00,70.9900,70.9900,70.8700,70.9000,239570
2009-03-02 13:43:00,71.0000,71.0000,70.9400,70.9900,163289
2009-03-02 13:42:00,70.9800,71.0000,70.9600,71.0000,173174
2009-03-02 13:41:00,71.0100,71.0600,70.9800,70.9800,531692
2009-03-02 13:40:00,70.8900,71.0200,70.8600,71.0200,581647
2009-03-02 13:39:00,70.9400,70.9600,70.8600,70.8900,312409
2009-03-02 13:38:00,70.9700,70.9900,70.9300,70.9400,540311
2009-03-02 13:37:00,70.9300,70.9800,70.9100,70.9800,326303
2009-03-02 13:36:00,70.8800,70.9400,70.8700,70.9300,742029
2009-03-02 13:35:00,70.8900,70.9200,70.8100,70.8800,700848
2009-03-02 13:34:00,70.9300,70.9600,70.8800,70.8800,365574
2009-03-02 13:33:00,70.9300,70.9700,70.8800,70.9500,463520
2009-03-02 13:32:00,71.0100,71.0400,70.9200,70.9200,551456
2009-03-02 13:31:00,71.0200,71.0500,70.9700,71.0000,887307
2009-03-02 13:30:00,71.0400,71.0700,70.9600,71.0200,578748
2009-03-02 13:29:00,71.0200,71.0400,70.9500,71.0400,832803
2009-03-02 13:28:00,71.0499,71.0800,71.0100,71.0200,530739
2009-03-02 13:27:00,71.0500,71.1400,71.0300,71.0400,611979
2009-03-02 13:26:00,70.9800,71.0600,70.9500,71.0401,685540
2009-03-02 13:25:00,70.9000,70.9700,70.8700,70.9700,775297
2009-03-02 13:24:00,70.9800,71.0300,70.8900,70.9000,600183
2009-03-02 13:23:00,71.0100,71.0300,70.9400,70.9806,609987
2009-03-02 13:22:00,71.0400,71.0600,70.9900,71.0100,279755
2009-03-02 13:21:00,71.0300,71.0800,70.9800,71.0399,265116
2009-03-02 13:20:00,71.0100,71.0700,70.9800,71.0300,420122
2009-03-02 13:19:00,70.9800,71.0700,70.9600,71.0200,894761
2009-03-02 13:18:00,71.0600,71.1500,70.9400,70.9900,1360827
2009-03-02 13:17:00,71.1800,71.2000,71.0500,71.0600,521686
2009-03-02 13:16:00,71.1400,71.2000,71.1000,71.1800,384062
2009-03-02 13:15:00,71.0900,71.1600,71.0600,71.1300,545433
2009-03-02 13:14:00,71.0700,71.1000,71.0300,71.1000,571471
2009-03-02 13:13:00,71.2001,71.2400,71.0500,71.0601,757125
2009-03-02 13:12:00,71.2000,71.2550,71.1500,71.2000,718935
2009-03-02 13:11:00,71.2200,71.2300,71.1700,71.2100,201660
2009-03-02 13:10:00,71.2900,71.3000,71.1600,71.2200,1047836
2009-03-02 13:09:00,71.1600,71.3500,71.1500,71.2800,700317
2009-03-02 13:08:00,71.1500,71.2200,71.1400,71.1600,219454
2009-03-02 13:07:00,71.2700,71.2700,71.1000,71.1500,699571
2009-03-02 13:06:00,71.1800,71.2700,71.1700,71.2700,632929
2009-03-02 13:05:00,71.2500,71.2500,71.1500,71.1900,301796
2009-03-02 13:04:00,71.1705,71.2500,71.1200,71.2400,941677
2009-03-02 13:03:00,71.2300,71.2600,71.1700,71.1800,332400
2009-03-02 13:02:00,71.2500,71.3200,71.1700,71.2200,718666
2009-03-02 13:01:00,71.0600,71.2600,71.0600,71.2600,1080666
2009-03-02 13:00:00,71.0300,71.1000,71.0100,71.0600,936221
2009-03-02 12:59:00,71.0100,71.0700,70.9900,71.0300,1071113
2009-03-02 12:58:00,71.1100,71.1200,70.9700,71.0200,1295072
2009-03-02 12:57:00,71.2900,71.3000,71.0900,71.1000,597577
2009-03-02 12:56:00,71.2300,71.3300,71.2300,71.2900,570202
2009-03-02 12:55:00,71.3000,71.3000,71.2000,71.2300,495087
2009-03-02 12:54:00,71.3100,71.3600,71.2900,71.3000,635995
2009-03-02 12:53:00,71.3300,71.3900,71.2800,71.3101,575501
2009-03-02 12:52:00,71.2500,71.3700,71.2200,71.3300,675591
2009-03-02 12:51:00,71.1600,71.2500,71.1400,71.2400,473051
2009-03-02 12:50:00,71.1800,71.1900,71.1300,71.1510,465439
2009-03-02 12:49:00,71.2000,71.2100,71.1400,71.1900,260494
2009-03-02 12:48:00,71.0990,71.2500,71.0900,71.1901,742396
2009-03-02 12:47:00,71.0900,71.1000,71.0600,71.0900,402851
2009-03-02 12:46:00,71.0800,71.1100,71.0500,71.1000,622518
2009-03-02 12:45:00,71.2300,71.2400,71.0800,71.0800,1345009
2009-03-02 12:44:00,71.2900,71.3000,71.2000,71.2400,613219
2009-03-02 12:43:00,71.2883,71.3000,71.2200,71.2800,797343
2009-03-02 12:42:00,71.3300,71.3495,71.2600,71.2900,1476760
2009-03-02 12:41:00,71.2600,71.3600,71.2500,71.3300,922745
2009-03-02 12:40:00,71.3600,71.3800,71.2500,71.2600,1386430
2009-03-02 12:39:00,71.4000,71.4200,71.1500,71.3600,8279972
2009-03-02 12:38:00,71.3800,71.4200,71.3800,71.4099,372634
2009-03-02 12:37:00,71.4100,71.4200,71.3600,71.3800,488385
2009-03-02 12:36:00,71.4700,71.4800,71.3600,71.4200,580915
2009-03-02 12:35:00,71.4700,71.5000,71.4500,71.4700,486881
2009-03-02 12:34:00,71.5000,71.5200,71.3400,71.4700,930557
2009-03-02 12:33:00,71.4500,71.5000,71.4000,71.5000,618299
2009-03-02 12:32:00,71.4000,71.4800,71.3400,71.4500,371132
2009-03-02 12:31:00,71.3600,71.4100,71.3100,71.4000,368528
2009-03-02 12:30:00,71.3800,71.4100,71.3100,71.3600,658506
2009-03-02 12:29:00,71.3900,71.4200,71.3300,71.3950,394240
2009-03-02 12:28:00,71.4500,71.4500,71.3800,71.3900,657650
2009-03-02 12:27:00,71.4600,71.4900,71.3400,71.4500,523526
2009-03-02 12:26:00,71.3900,71.4900,71.3400,71.3400,547381
2009-03-02 12:25:00,71.4100,71.4400,71.3900,71.4000,508979
2009-03-02 12:24:00,71.3200,71.4200,71.3000,71.4100,677604
2009-03-02 12:23:00,71.2900,71.3300,71.2400,71.3200,906531
2009-03-02 12:22:00,71.2700,71.2900,71.2310,71.2900,323538
2009-03-02 12:21:00,71.1800,71.2800,71.1600,71.2799,652670
2009-03-02 12:20:00,71.1300,71.2000,71.0900,71.1800,923938
2009-03-02 12:19:00,71.1900,71.1950,71.0600,71.1300,616776
2009-03-02 12:18:00,71.1800,71.2200,71.1600,71.1900,275301
2009-03-02 12:17:00,71.2400,71.2600,71.1800,71.1900,593434
2009-03-02 12:16:00,71.2499,71.2800,71.2100,71.2500,822707
2009-03-02 12:15:00,71.1900,71.2900,71.1700,71.2400,1058646
2009-03-02 12:14:00,71.1400,71.2000,71.1100,71.2000,449593
2009-03-02 12:13:00,71.3100,71.3200,71.1300,71.1400,1297362
2009-03-02 12:12:00,71.3200,71.3400,71.2600,71.3000,674429
2009-03-02 12:11:00,71.3500,71.3600,71.2500,71.3300,1258345
2009-03-02 12:10:00,71.3525,71.3700,71.2900,71.3500,325016
2009-03-02 12:09:00,71.4078,71.4100,71.3200,71.3500,443427
2009-03-02 12:08:00,71.3400,71.4400,71.3400,71.4020,866329
2009-03-02 12:07:00,71.2600,71.3600,71.2600,71.3500,591563
2009-03-02 12:06:00,71.2575,71.2900,71.1900,71.2490,892071
2009-03-02 12:05:00,71.2305,71.3100,71.2300,71.2500,1087520
2009-03-02 12:04:00,71.1300,71.2500,71.1100,71.2300,887140
2009-03-02 12:03:00,71.2600,71.2600,71.1000,71.1400,1060185
2009-03-02 12:02:00,71.2900,71.3200,71.2100,71.2600,598600
2009-03-02 12:01:00,71.3200,71.3500,71.2600,71.2800,616605
2009-03-02 12:00:00,71.2500,71.3500,71.2400,71.3200,1081753
2009-03-02 11:59:00,71.2194,71.2600,71.1700,71.2400,480565
2009-03-02 11:58:00,71.1700,71.2400,71.1700,71.2100,732219
2009-03-02 11:57:00,71.1800,71.1800,71.1200,71.1700,1086575
2009-03-02 11:56:00,71.1400,71.1900,71.1100,71.1700,789094
2009-03-02 11:55:00,71.1300,71.2000,71.1200,71.1401,898096
2009-03-02 11:54:00,71.1200,71.1600,71.0600,71.1306,1490718
2009-03-02 11:53:00,71.2500,71.2800,71.1000,71.1200,1470916
2009-03-02 11:52:00,71.3000,71.3500,71.2200,71.2500,797440
2009-03-02 11:51:00,71.3500,71.3600,71.2500,71.3100,1358770
2009-03-02 11:50:00,71.4100,71.4700,71.3000,71.3501,959474
2009-03-02 11:49:00,71.4100,71.4300,71.3800,71.4200,401503
2009-03-02 11:48:00,71.4700,71.4700,71.3900,71.4100,440360
2009-03-02 11:47:00,71.4600,71.5100,71.4300,71.4522,680644
2009-03-02 11:46:00,71.4300,71.4900,71.4000,71.4700,555043
2009-03-02 11:45:00,71.4500,71.4800,71.4200,71.4300,515768
2009-03-02 11:44:00,71.5000,71.5300,71.4200,71.4400,476027
2009-03-02 11:43:00,71.4900,71.5100,71.4250,71.4900,803121
2009-03-02 11:42:00,71.5400,71.5600,71.4700,71.4800,420877
2009-03-02 11:41:00,71.5300,71.5900,71.5200,71.5500,520250
2009-03-02 11:40:00,71.4988,71.5800,71.4550,71.5303,939445
2009-03-02 11:39:00,71.5200,71.5600,71.4500,71.5000,749516
2009-03-02 11:38:00,71.3806,71.5300,71.3600,71.5200,1218367
2009-03-02 11:37:00,71.5400,71.5400,71.3700,71.3900,1428238
2009-03-02 11:36:00,71.5005,71.5400,71.4500,71.5400,870894
2009-03-02 11:35:00,71.5900,71.6200,71.4900,71.5100,1160075
2009-03-02 11:34:00,71.5906,71.6200,71.5600,71.5800,710635
2009-03-02 11:33:00,71.6100,71.6200,71.5300,71.6000,464396
2009-03-02 11:32:00,71.6000,71.6500,71.5600,71.6200,1003590
2009-03-02 11:31:00,71.5700,71.6101,71.5000,71.6000,1010233
2009-03-02 11:30:00,71.5900,71.6200,71.5100,71.5600,1093701
2009-03-02 11:29:00,71.6500,71.7000,71.5600,71.6000,1687213
2009-03-02 11:28:00,71.6800,71.7100,71.6100,71.6600,1247716
2009-03-02 11:27:00,71.7600,71.8100,71.6500,71.6800,1391376
2009-03-02 11:26:00,71.7700,71.7700,71.6900,71.7400,1439098
2009-03-02 11:25:00,71.8900,71.9500,71.7600,71.7600,575668
2009-03-02 11:24:00,71.9600,71.9600,71.8500,71.8801,557692
2009-03-02 11:23:00,71.9700,71.9700,71.9200,71.9500,377240
2009-03-02 11:22:00,72.0100,72.0300,71.9600,71.9700,543319
2009-03-02 11:21:00,71.9300,72.0900,71.9200,72.0100,1462107
2009-03-02 11:20:00,71.8700,71.9600,71.8500,71.9300,943460
2009-03-02 11:19:00,71.8200,71.8800,71.7800,71.8700,603589
2009-03-02 11:18:00,71.8200,71.8500,71.8100,71.8200,188247
2009-03-02 11:17:00,71.8500,71.8700,71.8100,71.8200,679262
2009-03-02 11:16:00,71.7600,71.8800,71.7500,71.8400,710672
2009-03-02 11:15:00,71.8600,71.8700,71.7400,71.7509,1171606
2009-03-02 11:14:00,71.8100,71.8700,71.7700,71.8600,560310
2009-03-02 11:13:00,71.7600,71.8500,71.7600,71.8100,604324
2009-03-02 11:12:00,71.8000,71.8100,71.7500,71.7600,553840
2009-03-02 11:11:00,71.7700,71.8300,71.7500,71.8100,805431
2009-03-02 11:10:00,71.8115,71.8200,71.7400,71.7700,529907
2009-03-02 11:09:00,71.7800,71.8200,71.7500,71.8200,985203
2009-03-02 11:08:00,71.8400,71.8600,71.7500,71.7800,1155539
2009-03-02 11:07:00,71.8600,71.8700,71.7700,71.8400,857778
2009-03-02 11:06:00,71.9200,72.0000,71.8700,71.8700,2181221
2009-03-02 11:05:00,72.0000,72.0000,71.8800,71.9200,1015494
2009-03-02 11:04:00,72.0100,72.0400,71.9900,72.0000,275195
2009-03-02 11:03:00,72.0600,72.0700,71.9700,72.0100,800670
2009-03-02 11:02:00,72.0800,72.1300,72.0100,72.0700,1020041
2009-03-02 11:01:00,72.0700,72.1200,72.0500,72.0806,1246807
2009-03-02 11:00:00,71.9600,72.1200,71.9300,72.0700,1296452
2009-03-02 10:59:00,71.9100,71.9700,71.8800,71.9700,385885
2009-03-02 10:58:00,71.9700,71.9900,71.8700,71.9200,681581
2009-03-02 10:57:00,72.0200,72.0500,71.9500,71.9699,931905
2009-03-02 10:56:00,71.8700,72.0400,71.8600,72.0100,874155
2009-03-02 10:55:00,71.9200,71.9600,71.8700,71.8800,886104
2009-03-02 10:54:00,71.9900,72.0400,71.9200,71.9200,567919
2009-03-02 10:53:00,71.9300,72.0200,71.9200,71.9801,691308
2009-03-02 10:52:00,71.9300,71.9700,71.9000,71.9200,732209
2009-03-02 10:51:00,72.0006,72.0500,71.9300,71.9300,823426
2009-03-02 10:50:00,72.0000,72.0500,71.9900,72.0000,555460
2009-03-02 10:49:00,72.0800,72.0800,72.0000,72.0000,674424
2009-03-02 10:48:00,72.0800,72.1500,72.0700,72.0800,620534
2009-03-02 10:47:00,72.0710,72.1600,72.0600,72.0800,721882
2009-03-02 10:46:00,72.0600,72.1400,72.0300,72.0800,698265
2009-03-02 10:45:00,72.1100,72.1201,72.0400,72.0500,729624
2009-03-02 10:44:00,72.0500,72.1200,71.9800,72.1150,1030148
2009-03-02 10:43:00,71.9700,72.1000,71.9200,72.0500,1661578
2009-03-02 10:42:00,71.9400,71.9900,71.9000,71.9613,821645
2009-03-02 10:41:00,72.1400,72.1400,71.9000,71.9400,1586953
2009-03-02 10:40:00,72.1500,72.1700,72.0900,72.1200,1309117
2009-03-02 10:39:00,72.2300,72.2500,72.1300,72.1600,475558
2009-03-02 10:38:00,72.2800,72.3400,72.2000,72.2400,717041
2009-03-02 10:37:00,72.3100,72.3300,72.2300,72.2900,498040
2009-03-02 10:36:00,72.3400,72.3600,72.2800,72.3100,972316
2009-03-02 10:35:00,72.2400,72.3400,72.2300,72.3300,477090
2009-03-02 10:34:00,72.2900,72.2900,72.2100,72.2400,735275
2009-03-02 10:33:00,72.2500,72.3500,72.2400,72.2800,523416
2009-03-02 10:32:00,72.2400,72.3200,72.2200,72.2500,1013293
2009-03-02 10:31:00,72.1700,72.2600,72.1700,72.2400,287730
2009-03-02 10:30:00,72.2600,72.2600,72.1300,72.1700,913100
2009-03-02 10:29:00,72.2190,72.2800,72.1800,72.2600,611602
2009-03-02 10:28:00,72.3200,72.3300,72.2000,72.2200,1020974
2009-03-02 10:27:00,72.3500,72.3700,72.2700,72.3200,472662
2009-03-02 10:26:00,72.2800,72.4000,72.2800,72.3500,689166
2009-03-02 10:25:00,72.4200,72.4300,72.2600,72.2900,1050797
2009-03-02 10:24:00,72.3700,72.4300,72.3000,72.4200,1008922
2009-03-02 10:23:00,72.2500,72.4100,72.2200,72.3700,1720560
2009-03-02 10:22:00,72.1900,72.2600,72.1500,72.2500,865736
2009-03-02 10:21:00,72.1600,72.2300,72.1600,72.1906,762819
2009-03-02 10:20:00,72.1899,72.2300,72.0900,72.1610,1623034
2009-03-02 10:19:00,72.1900,72.3300,72.1400,72.1900,1349758
2009-03-02 10:18:00,72.2500,72.2600,72.1400,72.1994,742588
2009-03-02 10:17:00,72.1709,72.2500,72.1400,72.2400,961621
2009-03-02 10:16:00,72.1000,72.2300,72.0900,72.1800,1260164
2009-03-02 10:15:00,72.1100,72.1500,72.0800,72.1000,1112746
2009-03-02 10:14:00,72.2000,72.2200,72.0600,72.1200,1229728
2009-03-02 10:13:00,72.2110,72.2700,72.1600,72.2001,884357
2009-03-02 10:12:00,72.2225,72.3100,72.1600,72.2400,1910386
2009-03-02 10:11:00,72.4300,72.4500,72.1700,72.2100,1871121
2009-03-02 10:10:00,72.4100,72.4900,72.4000,72.4600,1017965
2009-03-02 10:09:00,72.3800,72.4500,72.3600,72.4100,603345
2009-03-02 10:08:00,72.3200,72.4399,72.3200,72.3800,820690
2009-03-02 10:07:00,72.4100,72.4400,72.3200,72.3201,1937306
2009-03-02 10:06:00,72.4400,72.4850,72.3500,72.4100,1268900
2009-03-02 10:05:00,72.5400,72.5900,72.4400,72.4400,1735211
2009-03-02 10:04:00,72.6800,72.6900,72.5400,72.5400,707717
2009-03-02 10:03:00,72.7900,72.8500,72.6300,72.6900,1385346
2009-03-02 10:02:00,72.8000,72.8600,72.7200,72.7900,1858747
2009-03-02 10:01:00,72.6000,72.8900,72.5500,72.8000,1774196
2009-03-02 10:00:00,72.5500,72.8000,72.5100,72.6000,2116455
2009-03-02 09:59:00,72.5500,72.5800,72.5100,72.5500,689744
2009-03-02 09:58:00,72.6050,72.6300,72.5200,72.5600,1894933
2009-03-02 09:57:00,72.7500,72.7750,72.5700,72.5799,1084123
2009-03-02 09:56:00,72.7500,72.7900,72.7400,72.7501,429784
2009-03-02 09:55:00,72.7900,72.8300,72.7300,72.7500,1023731
2009-03-02 09:54:00,72.8700,72.9200,72.7700,72.7806,1394880
2009-03-02 09:53:00,72.8300,72.9100,72.8000,72.8600,1443057
2009-03-02 09:52:00,72.8050,72.9000,72.8000,72.8300,537330
2009-03-02 09:51:00,72.9000,72.9200,72.7800,72.8100,1108322
2009-03-02 09:50:00,72.6701,72.9000,72.6701,72.8999,1571091
2009-03-02 09:49:00,72.5800,72.7000,72.5800,72.6800,677210
2009-03-02 09:48:00,72.6100,72.6200,72.5500,72.5801,1120584
2009-03-02 09:47:00,72.6300,72.7300,72.6200,72.6200,967723
2009-03-02 09:46:00,72.6500,72.6700,72.6000,72.6550,911139
2009-03-02 09:45:00,72.7100,72.7200,72.6500,72.6500,1109718
2009-03-02 09:44:00,72.7000,72.7700,72.6600,72.7100,880920
2009-03-02 09:43:00,72.6500,72.7100,72.6100,72.7100,769744
2009-03-02 09:42:00,72.6900,72.6980,72.5900,72.6300,1690714
2009-03-02 09:41:00,72.6800,72.7600,72.6600,72.6900,1699335
2009-03-02 09:40:00,72.5100,72.6800,72.5000,72.6789,987187
2009-03-02 09:39:00,72.5000,72.6000,72.4800,72.5113,1032872
2009-03-02 09:38:00,72.4600,72.5800,72.4300,72.4900,1930015
2009-03-02 09:37:00,72.4400,72.4700,72.3600,72.4600,1256626
2009-03-02 09:36:00,72.3300,72.4800,72.3300,72.4406,1416912
2009-03-02 09:35:00,72.2500,72.3600,72.2400,72.3300,1421751
2009-03-02 09:34:00,72.3200,72.3600,72.1900,72.2400,1823986
2009-03-02 09:33:00,72.2690,72.3300,72.2233,72.3200,1298371
2009-03-02 09:32:00,72.3000,72.3794,72.2200,72.2700,1644491
2009-03-02 09:31:00,72.3200,72.4000,72.2700,72.2900,1481877
2009-03-02 09:30:00,72.5200,72.5200,72.2700,72.3100,2942166
2009-03-02 09:29:00,72.4100,72.5100,72.3900,72.5100,470373
2009-03-02 09:28:00,72.4900,72.5300,72.3800,72.4000,199799
2009-03-02 09:27:00,72.4000,72.5100,72.3900,72.5100,186976
2009-03-02 09:26:00,72.3900,72.4000,72.3800,72.4000,12262
2009-03-02 09:25:00,72.4900,72.4900,72.3900,72.4100,92965
2009-03-02 09:24:00,72.4500,72.5100,72.4300,72.5100,82403
2009-03-02 09:23:00,72.4400,72.4800,72.4300,72.4600,53831
2009-03-02 09:22:00,72.4300,72.4500,72.4100,72.4400,3889
2009-03-02 09:21:00,72.3600,72.4200,72.3600,72.4200,7000
2009-03-02 09:20:00,72.4200,72.4500,72.3700,72.3700,107251
2009-03-02 09:19:00,72.4500,72.4500,72.3700,72.4100,80267
2009-03-02 09:18:00,72.4900,72.5100,72.3900,72.4500,166187
2009-03-02 09:17:00,72.5200,72.5200,72.4800,72.5100,24300
2009-03-02 09:16:00,72.4600,72.5300,72.4400,72.5200,41345
2009-03-02 09:15:00,72.3900,72.4600,72.3600,72.4600,18517
2009-03-02 09:14:00,72.3700,72.4693,72.3300,72.3900,51446
2009-03-02 09:13:00,72.4300,72.4424,72.3800,72.3800,60258
2009-03-02 09:12:00,72.4600,72.4800,72.4400,72.4400,27099
2009-03-02 09:11:00,72.5200,72.5200,72.4600,72.4600,15656
2009-03-02 09:10:00,72.4900,72.5500,72.4900,72.5000,50749
2009-03-02 09:09:00,72.4300,72.5000,72.4300,72.4600,50892
2009-03-02 09:08:00,72.4300,72.4600,72.3800,72.4400,48063
2009-03-02 09:07:00,72.4300,72.4500,72.4200,72.4200,34954
2009-03-02 09:06:00,72.3600,72.4400,72.3302,72.4200,40398
2009-03-02 09:05:00,72.2900,72.3600,72.2900,72.3600,47107
2009-03-02 09:04:00,72.3200,72.3638,72.2800,72.2900,172737
2009-03-02 09:03:00,72.3700,72.3700,72.3200,72.3300,58613
2009-03-02 09:02:00,72.4000,72.4000,72.3500,72.3600,137250
2009-03-02 09:01:00,72.3600,72.4000,72.3500,72.4000,4800
2009-03-02 09:00:00,72.3500,72.3700,72.3400,72.3400,35451
2009-03-02 08:59:00,72.4000,72.4100,72.3500,72.3600,541106
2009-03-02 08:58:00,72.4500,72.4500,72.3900,72.3900,19817
2009-03-02 08:57:00,72.5300,72.5300,72.4600,72.4600,147843
2009-03-02 08:56:00,72.5200,72.5400,72.5200,72.5300,67700
2009-03-02 08:55:00,72.4600,73.4000,72.4600,72.5200,49073
2009-03-02 08:54:00,72.4700,72.6100,72.4600,72.4600,1026593
2009-03-02 08:53:00,72.5200,72.5800,72.4700,72.4800,154172
2009-03-02 08:52:00,72.5800,72.5900,72.5200,72.5200,94770
2009-03-02 08:51:00,72.6300,72.6900,72.5800,72.5800,411405
2009-03-02 08:50:00,72.7100,72.7100,72.6000,72.6400,405657
2009-03-02 08:49:00,72.6000,72.7200,72.6000,72.7000,148212
2009-03-02 08:48:00,72.6200,72.6200,72.6000,72.6000,25000
2009-03-02 08:47:00,72.5600,72.6200,72.5500,72.5900,216672
2009-03-02 08:46:00,72.5700,72.5800,72.5400,72.5600,170948
2009-03-02 08:45:00,72.5000,72.6200,72.4900,72.6000,260260
2009-03-02 08:44:00,72.4200,72.4800,72.3700,72.4800,535071
2009-03-02 08:43:00,72.3800,72.4500,72.3600,72.4000,216856
2009-03-02 08:42:00,72.4000,72.4400,72.3400,72.3700,192100
2009-03-02 08:41:00,72.4300,72.4700,72.3900,72.4000,79711
2009-03-02 08:40:00,72.4600,72.4600,72.4200,72.4400,47300
2009-03-02 08:39:00,72.4300,72.4900,72.4300,72.4600,104910
2009-03-02 08:38:00,72.3800,72.4400,72.3800,72.4100,111134
2009-03-02 08:37:00,72.2900,72.4300,72.2900,72.3800,232858
2009-03-02 08:36:00,72.2700,72.6200,72.0400,72.2800,277810
2009-03-02 08:35:00,72.2700,72.4900,72.2300,72.2700,629555
2009-03-02 08:34:00,72.3000,72.3100,72.2700,72.2900,26212
2009-03-02 08:33:00,72.2800,72.3200,72.2800,72.3000,19814
2009-03-02 08:32:00,72.2100,72.3000,72.2100,72.3000,30003
2009-03-02 08:31:00,72.3400,72.4000,72.2100,72.2100,193473
2009-03-02 08:30:00,72.2900,72.3800,72.2700,72.3400,131702
2009-03-02 08:29:00,72.2500,72.3000,72.2100,72.2500,219799
2009-03-02 08:28:00,72.2400,72.2500,72.2300,72.2400,69001
2009-03-02 08:27:00,72.2500,72.3000,72.2300,72.2300,29990
2009-03-02 08:26:00,72.2700,72.3000,72.2300,72.2600,287555
2009-03-02 08:25:00,72.1800,72.2800,72.1700,72.2800,181512
2009-03-02 08:24:00,72.1800,72.1900,72.1700,72.1800,71081
2009-03-02 08:23:00,72.2300,72.2300,72.1800,72.1800,196832
2009-03-02 08:22:00,72.2000,72.2300,72.2000,72.2100,120200
2009-03-02 08:21:00,72.1600,72.2200,72.1600,72.2100,26934
2009-03-02 08:20:00,72.3100,72.3100,72.1500,72.1600,166810
2009-03-02 08:19:00,72.3100,72.3200,72.2700,72.3000,174545
2009-03-02 08:18:00,72.3100,72.3500,72.2900,72.3000,168760
2009-03-02 08:17:00,72.3000,72.3200,72.3000,72.3100,18505
2009-03-02 08:16:00,72.3200,72.3200,72.2700,72.3000,83801
2009-03-02 08:15:00,72.3100,72.3400,72.3100,72.3200,2840
2009-03-02 08:14:00,72.3100,72.3200,72.3000,72.3000,4000
2009-03-02 08:13:00,72.3000,72.3500,72.3000,72.3200,78835
2009-03-02 08:12:00,72.2600,72.3000,72.2500,72.3000,46580
2009-03-02 08:11:00,72.2300,72.2700,72.2300,72.2500,91894
2009-03-02 08:10:00,72.2700,72.3000,72.2300,72.2300,179562
2009-03-02 08:09:00,72.3000,72.3200,72.2600,72.2700,350354
2009-03-02 08:08:00,72.3200,72.3200,72.3000,72.3000,10330
2009-03-02 08:07:00,72.2300,72.2700,72.2300,72.2700,55400
2009-03-02 08:06:00,72.3300,72.3400,72.2400,72.2900,128101
2009-03-02 08:05:00,72.3400,72.3400,72.2800,72.3300,38475
2009-03-02 08:04:00,72.3700,72.3900,72.2400,72.3200,24500
2009-03-02 08:03:00,72.3000,72.3700,72.3000,72.3700,9700
2009-03-02 08:02:00,72.2600,72.3000,72.2500,72.3000,14403
2009-03-02 08:01:00,72.2200,72.2600,72.2200,72.2500,20881
2009-03-02 08:00:00,72.2800,72.2900,71.9200,72.2400,440301
2009-03-02 07:59:00,72.2900,72.3000,72.2900,72.2900,4982
2009-03-02 07:58:00,72.2500,72.2500,72.2500,72.2500,5554
2009-03-02 07:57:00,72.2500,72.2800,72.2400,72.2500,3025
2009-03-02 07:56:00,72.2900,72.2900,72.2400,72.2400,111199
2009-03-02 07:55:00,72.2800,72.2800,72.2800,72.2800,100
2009-03-02 07:54:00,72.3000,72.3000,72.2900,72.2900,782
2009-03-02 07:53:00,72.3100,72.3100,72.3000,72.3100,75600
2009-03-02 07:52:00,72.2900,72.3100,72.2900,72.3000,6068
2009-03-02 07:51:00,72.3000,72.3100,72.2700,72.2700,1900
2009-03-02 07:50:00,72.3000,72.3000,72.2800,72.3000,1900
2009-03-02 07:49:00,72.2400,72.2900,72.2400,72.2400,19900
2009-03-02 07:48:00,72.2600,72.2600,72.2400,72.2400,6300
2009-03-02 07:47:00,72.3100,72.3300,72.2600,72.2800,8400
2009-03-02 07:46:00,72.2400,72.3300,72.2300,72.3100,69971
2009-03-02 07:45:00,72.1300,72.2300,72.1300,72.2300,20598
2009-03-02 07:44:00,72.0900,72.1200,72.0900,72.1100,41700
2009-03-02 07:43:00,72.0800,72.0900,72.0600,72.0900,13400
2009-03-02 07:42:00,72.0800,72.0800,72.0600,72.0700,8400
2009-03-02 07:41:00,72.0700,72.0900,72.0700,72.0800,32100
2009-03-02 07:40:00,72.0500,72.0600,72.0500,72.0500,11000
2009-03-02 07:39:00,72.0600,72.0600,72.0600,72.0600,2600
2009-03-02 07:38:00,71.9200,71.9400,71.9100,71.9400,56200
2009-03-02 07:37:00,71.9500,71.9600,71.9100,71.9200,38600
2009-03-02 07:36:00,71.9900,71.9900,71.8900,71.9100,78700
2009-03-02 07:35:00,72.0000,72.0100,71.9600,71.9600,13634
2009-03-02 07:34:00,72.0100,72.0100,72.0000,72.0000,5266
2009-03-02 07:33:00,72.0100,72.0100,72.0100,72.0100,1098
2009-03-02 07:32:00,72.0600,72.0600,72.0100,72.0100,19978
2009-03-02 07:31:00,72.0600,72.0600,72.0600,72.0600,90100
2009-03-02 07:30:00,72.0500,72.0800,72.0500,72.0600,4800
2009-03-02 07:29:00,72.0600,72.0700,72.0500,72.0500,37248
2009-03-02 07:28:00,72.0800,72.0800,72.0600,72.0600,3000
2009-03-02 07:27:00,72.1200,72.1200,72.0700,72.1000,13424
2009-03-02 07:26:00,72.0800,72.1300,72.0800,72.1300,50098
2009-03-02 07:25:00,72.0500,72.0600,72.0500,72.0500,5224
2009-03-02 07:24:00,72.0400,72.0500,72.0200,72.0500,2200
2009-03-02 07:23:00,72.1100,72.1100,72.0600,72.0600,13600
2009-03-02 07:22:00,72.0700,72.1000,72.0700,72.1000,4100
2009-03-02 07:21:00,72.0700,72.0700,72.0700,72.0700,200
2009-03-02 07:20:00,72.1000,72.1000,72.0400,72.0400,2100
2009-03-02 07:19:00,72.0500,72.0800,72.0500,72.0800,27200
2009-03-02 07:18:00,72.1300,72.1300,72.0700,72.0800,15829
2009-03-02 07:17:00,72.1500,72.1800,72.1400,72.1400,83900
2009-03-02 07:16:00,72.0800,72.1500,72.0800,72.1500,40100
2009-03-02 07:15:00,72.1500,72.1500,72.1200,72.1500,36300
2009-03-02 07:14:00,72.1000,72.1200,72.1000,72.1000,25400
2009-03-02 07:13:00,72.0000,72.0700,71.9700,72.0600,9170
2009-03-02 07:12:00,72.0100,72.0300,72.0100,72.0100,2035
2009-03-02 07:11:00,72.0300,72.0300,72.0300,72.0300,100
2009-03-02 07:09:00,72.0700,72.0700,72.0300,72.0500,3400
2009-03-02 07:08:00,72.0000,72.0800,72.0000,72.0800,12200
2009-03-02 07:07:00,72.0200,72.0500,72.0100,72.0100,5300
2009-03-02 07:06:00,71.9700,71.9700,71.9700,71.9700,2500
2009-03-02 07:05:00,71.9700,71.9700,71.9500,71.9700,2200
2009-03-02 07:04:00,71.9500,72.0500,71.9500,71.9700,4240
2009-03-02 07:03:00,72.0000,72.0200,71.9000,71.9300,10760
2009-03-02 07:02:00,72.0500,72.0500,71.9700,72.0200,8423
2009-03-02 07:01:00,72.1000,72.1000,72.0700,72.0700,6700
2009-03-02 07:00:00,72.1200,72.1200,72.1000,72.1200,18200
2009-03-02 06:59:00,72.0900,72.1000,72.0100,72.1000,10500
2009-03-02 06:58:00,72.0500,72.0600,72.0500,72.0600,300
2009-03-02 06:57:00,71.9900,71.9900,71.9900,71.9900,1000
2009-03-02 06:53:00,71.8700,71.8700,71.8700,71.8700,500
2009-03-02 06:51:00,71.8500,71.8500,71.8500,71.8500,5000
2009-03-02 06:50:00,71.8000,71.8200,71.8000,71.8200,10300
2009-03-02 06:49:00,71.6700,71.6700,71.6200,71.6200,20100
2009-03-02 06:48:00,71.6500,71.6600,71.6500,71.6600,5100
2009-03-02 06:47:00,71.7600,71.7600,71.6500,71.6500,14700
2009-03-02 06:46:00,71.8000,71.8000,71.8000,71.8000,5000
2009-03-02 06:45:00,71.9000,71.9000,71.8200,71.8300,3300
2009-03-02 06:44:00,71.9200,71.9200,71.9200,71.9200,2000
2009-03-02 06:38:00,72.0200,72.0200,72.0100,72.0100,600
2009-03-02 06:32:00,72.1500,72.1500,72.1500,72.1500,500
2009-03-02 06:30:00,72.1500,72.1500,72.1500,72.1500,100
2009-03-02 06:26:00,72.1500,72.1500,72.1500,72.1500,5000
2009-03-02 06:24:00,72.0700,72.0700,72.0700,72.0700,900
2009-03-02 06:23:00,72.0700,72.0700,72.0700,72.0700,100
2009-03-02 06:22:00,72.0200,72.0200,72.0000,72.0000,700
2009-03-02 06:21:00,72.0200,72.0500,72.0200,72.0500,2700
2009-03-02 06:20:00,72.1000,72.1000,72.0200,72.0200,1200
2009-03-02 06:14:00,72.3100,72.3100,72.1500,72.1500,12300
2009-03-02 06:11:00,72.3800,72.3800,72.3800,72.3800,300
2009-03-02 06:10:00,72.4500,72.4500,72.4500,72.4500,1300
2009-03-02 06:09:00,72.4300,72.4300,72.4300,72.4300,200
2009-03-02 06:08:00,72.3600,72.3600,72.3600,72.3600,400
2009-03-02 05:53:00,72.4000,72.4000,72.4000,72.4000,100
2009-03-02 05:51:00,72.3800,72.3800,72.3800,72.3800,500
2009-03-02 05:48:00,72.3800,72.3800,72.3800,72.3800,100
2009-03-02 05:47:00,72.4300,72.4300,72.4300,72.4300,100
2009-03-02 05:44:00,72.3500,72.3500,72.3500,72.3500,100
2009-03-02 05:43:00,72.3300,72.3300,72.3300,72.3300,100
2009-03-02 05:41:00,72.4500,72.4500,72.4500,72.4500,200
2009-03-02 05:30:00,72.6000,72.6000,72.6000,72.6000,1000
2009-03-02 05:24:00,72.5300,72.5300,72.5300,72.5300,100
2009-03-02 05:13:00,72.5000,72.5000,72.5000,72.5000,100
2009-03-02 05:12:00,72.4700,72.4700,72.4700,72.4700,100
2009-03-02 05:11:00,72.5000,72.5000,72.5000,72.5000,100
2009-03-02 05:10:00,72.5000,72.5000,72.5000,72.5000,200
2009-03-02 05:09:00,72.6500,72.6500,72.6500,72.6500,200
2009-03-02 05:03:00,72.7800,72.7800,72.7800,72.7800,100
2009-03-02 04:53:00,72.8000,72.8000,72.8000,72.8000,1500
2009-03-02 04:40:00,72.6800,72.6800,72.6800,72.6800,100
2009-03-02 04:31:00,72.5700,72.5700,72.5700,72.5700,200
2009-03-02 04:28:00,72.4500,72.4500,72.4500,72.4500,282
2009-03-02 04:26:00,72.3900,72.3900,72.3900,72.3900,100
2009-03-02 04:25:00,72.4500,72.4500,72.4500,72.4500,139
2009-03-02 04:24:00,72.5000,72.5300,72.5000,72.5300,300
2009-03-02 04:19:00,72.5200,72.5200,72.5200,72.5200,200
2009-03-02 04:18:00,72.6000,72.6000,72.6000,72.6000,100
2009-03-02 04:17:00,72.6500,72.6500,72.6500,72.6500,100
2009-03-02 04:15:00,72.7000,72.7000,72.7000,72.7000,1200
2009-03-02 04:14:00,72.6500,72.6500,72.6500,72.6500,100
2009-03-02 04:07:00,72.5000,72.5000,72.5000,72.5000,200
